date,open,high,low,close,adj_close,volume,dividend,split
1987-09-22,13,13.375,13,13,3.35171,864100,0,0
1987-09-23,13,13.125,12.5,12.625,3.25502,122600,0,0
1987-09-24,12.625,12.875,12.5,12.875,3.31948,33200,0,0
1987-09-25,12.875,12.875,12.625,12.75,3.28725,34000,0,0
1987-09-28,12.75,12.75,12.375,12.375,3.19057,85600,0,0
1987-09-29,12.375,12.5,12.375,12.375,3.19057,34100,0,0
1987-09-30,12.375,12.625,12.375,12.375,3.19057,20100,0,0
1987-10-01,12.375,12.5,11.875,12,3.09388,49600,0,0
1987-10-02,12,12.125,11.875,12.125,3.12611,19300,0,0
1987-10-05,12.125,12.125,11.5,11.5,2.96497,32400,0,0
1987-10-06,11.5,11.875,11.375,11.375,2.93275,16900,0,0
1987-10-07,11.375,11.75,11.375,11.625,2.9972,6100,0,0
1987-10-08,11.625,11.625,11.375,11.375,2.93275,15500,0,0
1987-10-09,11.375,11.5,11.375,11.375,2.93275,16800,0,0
1987-10-12,11.375,11.5,11.375,11.5,2.96497,8600,0,0
1987-10-13,11.5,11.5,11.375,11.5,2.96497,9700,0,0
1987-10-14,11.5,11.5,11,11,2.83606,12400,0,0
1987-10-15,11,11.375,10.5,10.5,2.70715,38200,0,0
1987-10-16,10.5,10.75,10.25,10.25,2.64269,48700,0,0
1987-10-19,10.25,10.75,9,9,2.32041,41900,0,0
1987-10-20,9,9,7.625,8,2.06259,45000,0,0
1987-10-21,8,9.125,8,9.125,2.35264,56700,0,0
1987-10-22,9.125,9.25,8.75,9.25,2.38487,35900,0,0
1987-10-23,9.25,9.5,8.875,9.125,2.35264,22700,0,0
1987-10-26,9.125,9.5,8.5,8.75,2.25596,23300,0,0
1987-10-27,8.75,9.25,8.5,9,2.32041,46300,0,0
1987-10-28,9,9.25,8.75,9,2.32041,25200,0,0
1987-10-29,9,9.125,8.625,9,2.32041,11500,0,0
1987-10-30,9,9,8.5,9,2.32041,27900,0,0
1987-11-02,9,9,8.25,8.625,2.22373,35800,0,0
1987-11-03,8.375,8.375,7.625,8.25,2.12705,135500,0,0
1987-11-04,8.25,8.625,8,8.625,2.22373,38700,0,0
1987-11-05,8.625,8.75,8.25,8.75,2.25596,12300,0,0
1987-11-06,8.75,8.75,8.375,8.75,2.25596,3900,0,0
1987-11-09,8.75,8.75,8.375,8.375,2.15927,3000,0,0
1987-11-10,8.375,8.75,8.25,8.25,2.12705,41600,0,0
1987-11-11,8.25,8.625,8.25,8.25,2.12705,23700,0,0
1987-11-12,8.375,8.875,8.375,8.5,2.1915,18000,0,0
1987-11-13,8.5,8.875,8.5,8.875,2.28819,7800,0,0
1987-11-16,8.875,8.875,8.625,8.75,2.25596,13400,0,0
1987-11-17,8.75,8.875,8.625,8.75,2.25596,11000,0,0
1987-11-18,8.75,8.875,8.75,8.75,2.25596,26200,0,0
1987-11-19,8.75,9,8.375,8.5,2.1915,56100,0,0
1987-11-20,8.5,8.875,8.5,8.625,2.22373,12200,0,0
1987-11-23,8.625,8.875,8.5,8.5,2.1915,10700,0,0
1987-11-24,8.5,9,8.5,8.5,2.1915,24000,0,0
1987-11-25,8.5,9,8.5,8.625,2.22373,9900,0,0
1987-11-27,8.625,8.875,8.25,8.625,2.22373,14900,0,0
1987-11-30,8.625,8.625,7.625,8.125,2.09482,36600,0,0
1987-12-01,8,8,7.625,7.75,1.99813,22700,0,0
1987-12-02,7.75,7.875,7.625,7.625,1.96591,13000,0,0
1987-12-03,7.625,7.875,7.375,7.375,1.90145,9400,0,0
1987-12-04,7.375,7.625,7.25,7.5,1.93368,18100,0,0
1987-12-07,7.5,7.625,7.125,7.375,1.90145,20300,0,0
1987-12-08,7.375,7.375,6.875,6.875,1.77254,17800,0,0
1987-12-09,6.875,7.5,6.875,7.125,1.83699,28300,0,0
1987-12-10,7.125,7.375,7,7.25,1.86922,12600,0,0
1987-12-11,7.25,7.25,6.75,6.75,1.74031,22400,0,0
1987-12-14,6.75,7.25,6.75,7,1.80476,45700,0,0
1987-12-15,7,7,6.75,6.75,1.7915,29400,0.2,0
1987-12-16,6.75,7.125,6.625,7,1.85785,27900,0,0
1987-12-17,7,7.625,6.875,7.125,1.89102,37700,0,0
1987-12-18,7.125,7.625,7.125,7.625,2.02373,27900,0,0
1987-12-21,7.625,7.875,7.5,7.625,2.02373,82600,0,0
1987-12-22,7.625,7.875,7.375,7.375,1.95738,45800,0,0
1987-12-23,7.375,7.625,7.25,7.25,1.9242,25700,0,0
1987-12-24,7.25,7.5,6.875,7.25,1.9242,18100,0,0
1987-12-28,7.25,7.25,6.75,7,1.85785,30400,0,0
1987-12-29,7,7.25,6.75,6.75,1.7915,28000,0,0
1987-12-30,6.75,7.125,6.75,6.875,1.82467,33100,0,0
1987-12-31,6.875,7.125,6.75,6.875,1.82467,66100,0,0
1988-01-04,7,8.125,7,8.125,2.15643,53200,0,0
1988-01-05,8.125,8.5,8,8.5,2.25596,23200,0,0
1988-01-06,8.5,8.625,8.25,8.25,2.1896,18400,0,0
1988-01-07,8.25,8.5,8.25,8.25,2.1896,6900,0,0
1988-01-08,8.25,8.625,8.25,8.25,2.1896,32900,0,0
1988-01-11,8.25,8.375,8,8.25,2.1896,22500,0,0
1988-01-12,8.125,8.125,7.75,7.75,2.0569,17800,0,0
1988-01-13,8,8,8,8,2.12325,4300,0,0
1988-01-14,8,8,7.75,8,2.12325,10200,0,0
1988-01-15,8,8,7.875,8,2.12325,6000,0,0
1988-01-18,8,8.125,7.875,7.875,2.09008,6300,0,0
1988-01-19,8,8.25,8,8.125,2.15643,10500,0,0
1988-01-20,8.125,8.25,8,8,2.12325,7800,0,0
1988-01-21,8,8.25,7.875,8.25,2.1896,4300,0,0
1988-01-22,8.25,8.375,7.875,8.375,2.22278,6500,0,0
1988-01-25,8.375,8.5,8.125,8.25,2.1896,16700,0,0
1988-01-26,8.25,8.375,8.125,8.125,2.15643,4800,0,0
1988-01-27,8.125,8.375,8.125,8.375,2.22278,7800,0,0
1988-01-28,8.375,8.375,8.125,8.375,2.22278,5500,0,0
1988-01-29,8.375,8.5,8.25,8.25,2.1896,6300,0,0
1988-02-01,8.25,8.625,8.25,8.625,2.28913,10500,0,0
1988-02-02,8.625,8.625,8.375,8.625,2.28913,8000,0,0
1988-02-03,8.625,8.625,8.375,8.375,2.22278,11200,0,0
1988-02-04,8.375,8.625,8.375,8.625,2.28913,9800,0,0
1988-02-05,8.625,8.625,8.375,8.625,2.28913,11100,0,0
1988-02-08,8.625,8.625,8.5,8.5,2.25596,1200,0,0
1988-02-09,8.5,8.625,8.5,8.625,2.28913,1300,0,0
1988-02-10,8.625,8.75,8.5,8.625,2.28913,17000,0,0
1988-02-11,8.625,9,8.625,8.75,2.32231,21500,0,0
1988-02-12,8.75,9.125,8.75,8.75,2.32231,23200,0,0
1988-02-16,8.75,9.25,8.75,8.875,2.35548,15500,0,0
1988-02-17,9,9.625,9,9.375,2.48819,57200,0,0
1988-02-18,9.375,9.5,9.375,9.375,2.48819,11300,0,0
1988-02-19,9.375,9.75,9.375,9.75,2.58772,29700,0,0
1988-02-22,9.75,10.5,9.625,10.25,2.72042,83100,0,0
1988-02-23,10.25,10.5,10.25,10.375,2.75359,77200,0,0
1988-02-24,10.375,10.5,10.25,10.375,2.75359,26600,0,0
1988-02-25,10.375,10.375,10.125,10.125,2.68724,13700,0,0
1988-02-26,10.125,10.25,10.125,10.125,2.68724,2500,0,0
1988-02-29,10.125,10.375,10.125,10.25,2.72042,28800,0,0
1988-03-01,10.25,10.375,10.125,10.125,2.68724,48100,0,0
1988-03-02,10.125,10.375,10.125,10.375,2.75359,5900,0,0
1988-03-03,10.375,10.375,10.125,10.25,2.72042,52700,0,0
1988-03-04,10.25,10.25,9.875,9.875,2.62089,1400,0,0
1988-03-07,9.875,10.25,9.875,9.875,2.62089,1300,0,0
1988-03-08,10,10.25,10,10,2.65407,16900,0,0
1988-03-09,10.125,10.5,10.125,10.125,2.68724,30700,0,0
1988-03-10,10.125,10.375,9.875,9.875,2.62089,18200,0,0
1988-03-11,9.875,10,9.75,9.875,2.62089,18300,0,0
1988-03-14,9.875,10.125,9.875,10,2.65407,10900,0,0
1988-03-15,10,10.125,9.875,9.875,2.62089,5000,0,0
1988-03-16,9.875,10.125,9.875,9.875,2.62089,5400,0,0
1988-03-17,9.875,10.125,9.75,9.875,2.62089,6900,0,0
1988-03-18,9.875,10.125,9.75,9.75,2.58772,4500,0,0
1988-03-21,9.75,9.875,9.625,9.625,2.55454,9700,0,0
1988-03-22,9.625,9.875,9.625,9.625,2.55454,800,0,0
1988-03-23,9.625,9.875,9.625,9.625,2.55454,3100,0,0
1988-03-24,9.625,9.875,9.625,9.75,2.58772,4000,0,0
1988-03-25,9.75,9.75,9.375,9.375,2.48819,22400,0,0
1988-03-28,9.375,9.625,9.375,9.375,2.48819,1400,0,0
1988-03-29,9.375,9.625,9.375,9.5,2.52136,3300,0,0
1988-03-30,9.5,9.625,9.375,9.625,2.55454,12600,0,0
1988-03-31,9.625,9.75,9.375,9.75,2.58772,9800,0,0
1988-04-04,9.625,9.625,9.375,9.625,2.55454,5300,0,0
1988-04-05,9.625,9.625,9.375,9.375,2.48819,12400,0,0
1988-04-06,9.375,9.5,9.375,9.375,2.48819,7000,0,0
1988-04-07,9.375,9.625,9.375,9.375,2.48819,3800,0,0
1988-04-08,9.375,9.625,9.375,9.375,2.48819,3300,0,0
1988-04-11,9.375,9.5,9.375,9.375,2.48819,5000,0,0
1988-04-12,9.375,9.5,9.25,9.5,2.52136,9600,0,0
1988-04-13,9.5,9.5,9.25,9.5,2.52136,5700,0,0
1988-04-14,9.5,9.5,9.125,9.125,2.42184,18600,0,0
1988-04-15,9.125,9.25,8.875,8.875,2.35548,3200,0,0
1988-04-18,8.875,9.125,8.875,9,2.38866,8300,0,0
1988-04-19,9,9.125,8.875,9,2.38866,6000,0,0
1988-04-20,9,9.125,8.875,8.875,2.35548,9300,0,0
1988-04-21,8.875,9,8.625,8.625,2.28913,9100,0,0
1988-04-22,8.625,8.875,8.5,8.875,2.35548,16600,0,0
1988-04-25,8.875,8.875,8.5,8.875,2.35548,2800,0,0
1988-04-26,8.875,8.875,8.5,8.5,2.25596,6900,0,0
1988-04-27,8.5,8.875,8.5,8.75,2.32231,4200,0,0
1988-04-28,8.75,8.875,8.5,8.875,2.35548,12200,0,0
1988-04-29,8.875,8.875,8.5,8.75,2.32231,10300,0,0
1988-05-02,8.75,8.875,8.625,8.625,2.28913,8300,0,0
1988-05-03,8.75,9.125,8.75,9.125,2.42184,21500,0,0
1988-05-04,9.125,9.125,9,9,2.38866,5500,0,0
1988-05-05,9,9.125,9,9.125,2.42184,8400,0,0
1988-05-06,9.125,9.125,9,9,2.38866,2400,0,0
1988-05-09,9,9.25,9,9,2.38866,4200,0,0
1988-05-10,9,9.25,9,9,2.38866,2700,0,0
1988-05-11,9,9,8.75,8.75,2.32231,2600,0,0
1988-05-12,8.75,9,8.75,9,2.38866,4600,0,0
1988-05-13,9,9,8.75,8.75,2.32231,8900,0,0
1988-05-16,8.875,9,8.875,8.875,2.35548,3600,0,0
1988-05-17,8.875,9,8.875,8.875,2.35548,3400,0,0
1988-05-18,8.875,9,8.75,8.875,2.35548,1300,0,0
1988-05-19,8.875,8.875,8.5,8.5,2.25596,4900,0,0
1988-05-20,8.625,8.875,8.625,8.625,2.28913,2500,0,0
1988-05-23,8.625,8.75,8.5,8.5,2.25596,1500,0,0
1988-05-24,8.5,8.75,8.375,8.375,2.22278,17600,0,0
1988-05-25,8.375,8.625,8.375,8.375,2.22278,13400,0,0
1988-05-26,8.375,8.625,8.375,8.375,2.22278,6600,0,0
1988-05-27,8.375,8.5,8.375,8.5,2.25596,1300,0,0
1988-05-31,8.5,8.5,8.25,8.5,2.25596,9000,0,0
1988-06-01,8.5,8.5,8,8.25,2.1896,8800,0,0
1988-06-02,8.25,8.25,7.75,7.875,2.09008,12200,0,0
1988-06-03,7.875,8,7.5,7.625,2.02373,46100,0,0
1988-06-06,7.625,8,7.5,8,2.12325,41000,0,0
1988-06-07,8,8.125,7.75,8.125,2.15643,6800,0,0
1988-06-08,8.125,8.25,8,8,2.12325,4000,0,0
1988-06-09,8,8.375,8,8.25,2.1896,21500,0,0
1988-06-10,8.25,8.875,8.25,8.75,2.32231,21100,0,0
1988-06-13,8.75,8.875,8.75,8.875,2.35548,6400,0,0
1988-06-14,8.875,9,8.75,8.875,2.35548,13700,0,0
1988-06-15,8.875,9,8.875,8.875,2.35548,3300,0,0
1988-06-16,8.875,9,8.875,8.875,2.35548,22100,0,0
1988-06-17,8.875,9,8.875,9,2.38866,6900,0,0
1988-06-20,9,9.25,9,9.25,2.45501,25600,0,0
1988-06-21,9.25,9.625,9.125,9.5,2.52136,43400,0,0
1988-06-22,9.5,10.25,9.5,10,2.65407,38500,0,0
1988-06-23,10,10.5,10,10.25,2.72042,65700,0,0
1988-06-24,10.25,10.375,10,10.25,2.72042,32100,0,0
1988-06-27,10.25,10.5,10.125,10.25,2.72042,17500,0,0
1988-06-28,10.25,10.375,10.125,10.25,2.72042,8600,0,0
1988-06-29,10.25,10.25,10.125,10.25,2.72042,28200,0,0
1988-06-30,10.25,10.25,10,10.25,2.72042,35900,0,0
1988-07-01,10.25,10.25,10.125,10.125,2.68724,17000,0,0
1988-07-05,10.125,10.25,10.125,10.125,2.68724,4700,0,0
1988-07-06,10.125,10.25,10.125,10.125,2.68724,3300,0,0
1988-07-07,10.125,10.25,10.125,10.125,2.68724,30100,0,0
1988-07-08,10.125,10.375,10.125,10.125,2.68724,3500,0,0
1988-07-11,10.125,10.375,10.125,10.125,2.68724,5000,0,0
1988-07-12,10.125,10.375,10.125,10.375,2.75359,35100,0,0
1988-07-13,10.375,10.5,10.25,10.25,2.72042,4600,0,0
1988-07-14,10.25,10.5,10.25,10.25,2.72042,13900,0,0
1988-07-15,10.25,10.5,10.25,10.25,2.72042,8500,0,0
1988-07-18,10.25,10.5,10.125,10.125,2.68724,5000,0,0
1988-07-19,10.125,10.375,10.125,10.125,2.68724,11500,0,0
1988-07-20,10.125,10.25,10.125,10.125,2.68724,13600,0,0
1988-07-21,10.125,10.25,9.875,9.875,2.62089,29800,0,0
1988-07-22,9.875,10,9.625,9.875,2.62089,23000,0,0
1988-07-25,9.875,9.875,9.625,9.875,2.62089,3000,0,0
1988-07-26,9.875,10,9.625,10,2.66893,32000,0.055,0
1988-07-27,9.875,9.875,9.625,9.75,2.60221,8100,0,0
1988-07-28,9.75,9.875,9.75,9.75,2.60221,17500,0,0
1988-07-29,9.75,10,9.75,9.75,2.60221,5300,0,0
1988-08-01,9.75,10,9.75,9.75,2.60221,12100,0,0
1988-08-02,9.75,10,9.75,9.75,2.60221,12200,0,0
1988-08-03,9.75,10,9.75,9.75,2.60221,6300,0,0
1988-08-04,9.75,10,9.75,10,2.66893,900,0,0
1988-08-05,10,10,9.75,9.75,2.60221,3400,0,0
1988-08-08,9.75,10.375,9.75,10.375,2.76902,28300,0,0
1988-08-09,10.375,10.375,10,10,2.66893,3800,0,0
1988-08-10,10,10.25,10,10.125,2.70229,26200,0,0
1988-08-11,10.125,10.25,10,10,2.66893,16100,0,0
1988-08-12,10,10.25,10,10.25,2.73566,30100,0,0
1988-08-15,10.25,10.25,10.125,10.25,2.73566,35200,0,0
1988-08-16,10.25,10.5,10.125,10.25,2.73566,22100,0,0
1988-08-17,10.25,10.5,10.25,10.25,2.73566,6000,0,0
1988-08-18,10.25,10.5,10.25,10.5,2.80238,46700,0,0
1988-08-19,10.5,10.875,10.5,10.875,2.90246,36400,0,0
1988-08-22,10.875,10.875,10.625,10.875,2.90246,2100,0,0
1988-08-23,10.75,10.75,10.625,10.625,2.83574,14700,0,0
1988-08-24,10.625,10.875,10.625,10.875,2.90246,25500,0,0
1988-08-25,10.75,10.75,10.25,10.25,2.73566,43300,0,0
1988-08-26,10.25,10.375,10.125,10.125,2.70229,6600,0,0
1988-08-29,10.125,10.375,10.125,10.125,2.70229,9300,0,0
1988-08-30,10.125,10.25,10,10,2.66893,11200,0,0
1988-08-31,10,10.125,10,10,2.66893,3900,0,0
1988-09-01,10,10.25,10,10.25,2.73566,33200,0,0
1988-09-02,10.25,10.25,9.875,9.875,2.63557,5300,0,0
1988-09-06,9.875,9.875,9.875,9.875,2.63557,0,0,0
1988-09-07,9.875,10.25,9.875,9.875,2.63557,5400,0,0
1988-09-08,9.875,10.125,9.875,10.125,2.70229,12800,0,0
1988-09-09,10.125,10.125,9.875,9.875,2.63557,1200,0,0
1988-09-12,9.875,10.25,9.875,9.875,2.63557,6300,0,0
1988-09-13,10,10,10,10,2.66893,5000,0,0
1988-09-14,10,10.25,10,10,2.66893,2900,0,0
1988-09-15,10,10.25,10,10,2.66893,4500,0,0
1988-09-16,10,10.25,10,10.25,2.73566,1800,0,0
1988-09-19,10.25,10.25,10,10.25,2.73566,9100,0,0
1988-09-20,10,10,10,10,2.68333,25000,0.055,0
1988-09-21,10,10,9.875,9.875,2.64979,6400,0,0
1988-09-22,9.875,10,9.875,10,2.68333,3800,0,0
1988-09-23,10,10,9.875,10,2.68333,900,0,0
1988-09-26,10,10.125,9.875,10.125,2.71687,12400,0,0
1988-09-27,10.125,10.125,9.875,10.125,2.71687,38000,0,0
1988-09-28,10.125,10.25,10,10.125,2.71687,15900,0,0
1988-09-29,10.125,10.375,10,10.375,2.78396,7700,0,0
1988-09-30,10.375,10.5,10.25,10.25,2.75042,44800,0,0
1988-10-03,10.25,10.5,10.25,10.25,2.75042,6900,0,0
1988-10-04,10.25,10.375,10.125,10.375,2.78396,3100,0,0
1988-10-05,10.375,10.5,10.125,10.375,2.78396,2600,0,0
1988-10-06,10.25,10.25,9.75,9.875,2.64979,41400,0,0
1988-10-07,9.875,9.875,9.5,9.5,2.54916,27700,0,0
1988-10-10,9.5,9.75,9.375,9.375,2.51562,4800,0,0
1988-10-11,9.375,9.75,9.25,9.25,2.48208,19100,0,0
1988-10-12,9.25,9.5,9.25,9.375,2.51562,1800,0,0
1988-10-13,9.375,9.5,9.25,9.25,2.48208,10500,0,0
1988-10-14,9.25,9.375,9.25,9.375,2.51562,3200,0,0
1988-10-17,9.375,9.375,9.125,9.125,2.44854,7700,0,0
1988-10-18,9.125,9.375,9.125,9.125,2.44854,8700,0,0
1988-10-19,9.125,9.375,8.875,9.25,2.48208,13000,0,0
1988-10-20,9.25,9.25,8.875,8.875,2.38146,3400,0,0
1988-10-21,8.875,9.125,8.875,9.125,2.44854,9900,0,0
1988-10-24,9.125,9.25,8.875,8.875,2.38146,7500,0,0
1988-10-25,9,9.5,9,9.375,2.51562,11800,0,0
1988-10-26,9.375,9.5,9.25,9.25,2.48208,3700,0,0
1988-10-27,9.25,9.25,9.25,9.25,2.48208,2300,0,0
1988-10-28,9.375,9.5,9.375,9.375,2.51562,13100,0,0
1988-10-31,9.375,9.625,9.25,9.25,2.48208,5800,0,0
1988-11-01,9.25,9.5,9.25,9.5,2.54916,900,0,0
1988-11-02,9.5,9.5,9.25,9.25,2.48208,21700,0,0
1988-11-03,9.25,9.5,9.25,9.5,2.54916,23100,0,0
1988-11-04,9.375,9.375,9.25,9.375,2.51562,32100,0,0
1988-11-07,9.25,9.25,9,9,2.415,24600,0,0
1988-11-08,9,9.25,9,9.25,2.48208,38000,0,0
1988-11-09,9.25,9.25,9,9.25,2.48208,2000,0,0
1988-11-10,9,9,9,9,2.415,2200,0,0
1988-11-11,9,9.25,9,9,2.415,11700,0,0
1988-11-14,9,9,9,9,2.415,2600,0,0
1988-11-15,9,9.25,9,9,2.415,16700,0,0
1988-11-16,9,9.25,9,9,2.415,2600,0,0
1988-11-17,9,9,8.75,8.75,2.34791,7400,0,0
1988-11-18,8.75,9,8.75,8.75,2.34791,8200,0,0
1988-11-21,8.75,8.875,8.5,8.5,2.28083,11000,0,0
1988-11-22,8.5,8.75,8.5,8.75,2.34791,12900,0,0
1988-11-23,8.75,8.75,8.375,8.5,2.28083,25100,0,0
1988-11-25,8.5,8.625,8.375,8.625,2.31437,2900,0,0
1988-11-28,8.625,8.625,8.375,8.625,2.31437,5300,0,0
1988-11-29,8.625,8.625,8.375,8.5,2.28083,11900,0,0
1988-11-30,8.5,8.625,8.375,8.5,2.28083,6800,0,0
1988-12-01,8.5,8.625,8.375,8.625,2.31437,4500,0,0
1988-12-02,8.625,8.625,8.375,8.625,2.31437,12100,0,0
1988-12-05,8.75,9.125,8.75,8.875,2.38146,32100,0,0
1988-12-06,8.875,9.25,8.875,9.125,2.44854,11100,0,0
1988-12-07,9,9,8.75,9,2.415,10700,0,0
1988-12-08,9,9,8.5,8.5,2.28083,23500,0,0
1988-12-09,8.5,8.75,8.5,8.5,2.28083,26200,0,0
1988-12-12,8.5,8.625,8.25,8.625,2.31437,11800,0,0
1988-12-13,8.625,8.625,8.375,8.375,2.26171,7700,0.055,0
1988-12-14,8.375,8.625,8.375,8.375,2.26171,17100,0,0
1988-12-15,8.375,8.5,8.375,8.375,2.26171,3600,0,0
1988-12-16,8.375,8.625,8.375,8.375,2.26171,12900,0,0
1988-12-19,8.375,8.625,8.375,8.5,2.29547,20100,0,0
1988-12-20,8.5,8.625,8.375,8.625,2.32923,12300,0,0
1988-12-21,8.625,8.625,8.375,8.625,2.32923,10000,0,0
1988-12-22,8.625,8.625,8.375,8.375,2.26171,20200,0,0
1988-12-23,8.375,8.625,8.375,8.375,2.26171,11800,0,0
1988-12-27,8.375,8.5,8.375,8.375,2.26171,6700,0,0
1988-12-28,8.375,8.5,8.375,8.375,2.26171,17000,0,0
1988-12-29,8.375,8.5,8.375,8.375,2.26171,17200,0,0
1988-12-30,8.375,8.625,8.375,8.375,2.26171,38000,0,0
1989-01-03,8.375,8.5,8.125,8.375,2.26171,28600,0,0
1989-01-04,8.25,8.25,8,8.25,2.22796,25600,0,0
1989-01-05,8.25,8.375,8.125,8.25,2.22796,11500,0,0
1989-01-06,8.25,8.75,8.125,8.625,2.32923,36900,0,0
1989-01-09,8.625,8.875,8.5,8.875,2.39674,12400,0,0
1989-01-10,8.875,9.75,8.875,9.5,2.56552,110500,0,0
1989-01-11,9.5,9.625,9.375,9.5,2.56552,80100,0,0
1989-01-12,9.5,10,9.375,9.625,2.59928,95800,0,0
1989-01-13,9.625,10.125,9.625,9.75,2.63304,44800,0,0
1989-01-16,9.75,10,9.75,9.875,2.6668,11500,0,0
1989-01-17,9.875,10,9.75,9.75,2.63304,51500,0,0
1989-01-18,9.75,10,9.75,9.875,2.6668,15100,0,0
1989-01-19,9.875,10,9.75,9.875,2.6668,85800,0,0
1989-01-20,9.875,10,9.75,9.75,2.63304,12400,0,0
1989-01-23,9.75,10,9.75,9.75,2.63304,28600,0,0
1989-01-24,9.75,9.875,9.75,9.75,2.63304,34400,0,0
1989-01-25,9.75,10.125,9.75,9.875,2.6668,81500,0,0
1989-01-26,9.875,10,9.875,10,2.70055,12700,0,0
1989-01-27,10,10,9.875,9.875,2.6668,6200,0,0
1989-01-30,9.875,10.125,9.875,9.875,2.6668,78100,0,0
1989-01-31,9.875,10.125,9.875,10.125,2.73431,9800,0,0
1989-02-01,10.125,10.125,9.875,10,2.70055,10800,0,0
1989-02-02,10,10.125,9.875,9.875,2.6668,37300,0,0
1989-02-03,9.875,10,9.875,9.875,2.6668,18800,0,0
1989-02-06,9.875,9.875,9.375,9.5,2.56552,46800,0,0
1989-02-07,9.5,9.625,9.375,9.5,2.56552,20700,0,0
1989-02-08,9.5,9.625,9.375,9.5,2.56552,12100,0,0
1989-02-09,9.5,9.5,9.125,9.125,2.46425,9600,0,0
1989-02-10,9.125,9.25,8.875,9,2.4305,12100,0,0
1989-02-13,8.875,8.875,8.75,8.875,2.39674,9300,0,0
1989-02-14,8.875,9.125,8.75,9.125,2.46425,9400,0,0
1989-02-15,9.125,9.25,8.875,9.125,2.46425,2900,0,0
1989-02-16,9.125,9.375,9,9.25,2.49801,23900,0,0
1989-02-17,9.25,9.375,9.125,9.25,2.49801,33600,0,0
1989-02-21,9.125,9.125,9,9.125,2.46425,20700,0,0
1989-02-22,9.125,9.125,8.75,9,2.4305,6600,0,0
1989-02-23,9,9,8.625,8.875,2.39674,7600,0,0
1989-02-24,8.625,8.625,8.625,8.625,2.32923,2200,0,0
1989-02-27,8.625,8.875,8.625,8.75,2.36298,8600,0,0
1989-02-28,8.75,8.875,8.625,8.625,2.32923,7800,0,0
1989-03-01,8.625,8.75,8.625,8.625,2.32923,5600,0,0
1989-03-02,8.75,9,8.75,9,2.4305,21500,0,0
1989-03-03,9,9.125,8.875,9.125,2.46425,13400,0,0
1989-03-06,9.125,9.125,8.875,8.875,2.39674,4200,0,0
1989-03-07,8.875,9.125,8.875,8.875,2.39674,4100,0,0
1989-03-08,8.875,9.125,8.875,8.875,2.39674,7400,0,0
1989-03-09,8.875,9,8.875,9,2.4305,2300,0,0
1989-03-10,9,9,8.875,8.875,2.39674,6200,0,0
1989-03-13,8.875,9,8.875,8.875,2.39674,11300,0,0
1989-03-14,8.875,9,8.625,8.625,2.32923,10800,0,0
1989-03-15,8.625,8.875,8.375,8.625,2.32923,8700,0,0
1989-03-16,8.625,8.625,8.25,8.25,2.22796,16500,0,0
1989-03-17,8.25,8.875,8.25,8.75,2.37884,73800,0.055,0
1989-03-20,8.75,8.75,8.5,8.5,2.31087,8800,0,0
1989-03-21,8.5,8.75,8.5,8.5,2.31087,4100,0,0
1989-03-22,8.5,8.75,8.5,8.5,2.31087,9300,0,0
1989-03-23,8.5,8.75,8.5,8.625,2.34486,20400,0,0
1989-03-27,8.625,8.75,8.625,8.625,2.34486,9300,0,0
1989-03-28,8.625,8.875,8.625,8.625,2.34486,1300,0,0
1989-03-29,8.625,8.75,8.5,8.5,2.31087,24100,0,0
1989-03-30,8.5,8.625,8.5,8.5,2.31087,7600,0,0
1989-03-31,8.5,8.625,8.5,8.625,2.34486,4200,0,0
1989-04-03,8.625,8.625,8.5,8.625,2.34486,4800,0,0
1989-04-04,8.625,8.625,8.5,8.5,2.31087,19600,0,0
1989-04-05,8.5,8.625,8.5,8.5,2.31087,6100,0,0
1989-04-06,8.5,8.75,8.5,8.5,2.31087,6800,0,0
1989-04-07,8.5,8.625,8.5,8.625,2.34486,4700,0,0
1989-04-10,8.625,8.625,8.5,8.5,2.31087,9100,0,0
1989-04-11,8.5,8.625,8.375,8.625,2.34486,5800,0,0
1989-04-12,8.625,8.625,8.375,8.5,2.31087,7700,0,0
1989-04-13,8.5,8.625,8.375,8.375,2.27689,1300,0,0
1989-04-14,8.375,8.625,8.375,8.5,2.31087,5400,0,0
1989-04-17,8.5,8.625,8.375,8.5,2.31087,2700,0,0
1989-04-18,8.5,8.75,8.5,8.75,2.37884,30100,0,0
1989-04-19,8.75,8.75,8.625,8.625,2.34486,5200,0,0
1989-04-20,8.625,8.75,8.625,8.625,2.34486,2200,0,0
1989-04-21,8.625,8.75,8.625,8.625,2.34486,4600,0,0
1989-04-24,8.625,8.75,8.625,8.75,2.37884,7600,0,0
1989-04-25,8.75,8.75,8.625,8.625,2.34486,27000,0,0
1989-04-26,8.625,8.75,8.625,8.625,2.34486,10300,0,0
1989-04-27,8.625,8.75,8.5,8.5,2.31087,4300,0,0
1989-04-28,8.5,8.75,8.5,8.625,2.34486,31800,0,0
1989-05-01,8.625,9.125,8.625,9,2.44681,77000,0,0
1989-05-02,9,9.875,9,9.75,2.65071,168600,0,0
1989-05-03,9.75,9.75,9.625,9.625,2.61673,37000,0,0
1989-05-04,9.625,9.75,9.375,9.625,2.61673,54100,0,0
1989-05-05,9.625,9.625,9.5,9.625,2.61673,43400,0,0
1989-05-08,9.625,9.75,9.5,9.5,2.58274,24800,0,0
1989-05-09,9.5,9.625,9.125,9.375,2.54876,51000,0,0
1989-05-10,9.375,9.5,9.125,9.25,2.51478,72500,0,0
1989-05-11,9.25,9.625,9.25,9.5,2.58274,21600,0,0
1989-05-12,9.5,9.75,9.5,9.625,2.61673,58600,0,0
1989-05-15,9.625,9.75,9.5,9.75,2.65071,20600,0,0
1989-05-16,9.75,9.875,9.5,9.75,2.65071,34600,0,0
1989-05-17,9.75,10,9.75,9.75,2.65071,12500,0,0
1989-05-18,9.75,9.875,9.75,9.75,2.65071,10100,0,0
1989-05-19,9.75,10,9.75,10,2.71868,24200,0,0
1989-05-22,10,10,9.75,10,2.71868,20800,0,0
1989-05-23,10,10,9.75,9.875,2.68469,27900,0,0
1989-05-24,9.875,10,9.875,10,2.71868,10900,0,0
1989-05-25,10,10,9.875,9.875,2.68469,5000,0,0
1989-05-26,9.875,10,9.75,9.75,2.65071,16600,0,0
1989-05-30,9.75,10,9.75,9.75,2.65071,10700,0,0
1989-05-31,9.75,9.875,9.625,9.875,2.68469,16600,0,0
1989-06-01,9.875,9.875,9.625,9.875,2.68469,7900,0,0
1989-06-02,9.875,10.5,9.75,10.375,2.82063,113500,0,0
1989-06-05,10.375,10.875,10.375,10.75,2.92258,175100,0,0
1989-06-06,10.75,10.75,10.375,10.375,2.82063,33600,0,0
1989-06-07,10.375,10.625,10.375,10.375,2.82063,37900,0,0
1989-06-08,10.375,10.625,10.375,10.625,2.88859,42200,0,0
1989-06-09,10.5,10.5,10.125,10.25,2.78664,28700,0,0
1989-06-12,10.25,10.375,10,10,2.71868,23300,0,0
1989-06-13,10,10.125,9.875,9.875,2.68469,30700,0,0
1989-06-14,9.875,10.125,9.875,9.875,2.68469,44300,0,0
1989-06-15,9.875,10.125,9.875,10,2.71868,20400,0,0
1989-06-16,10,10.125,9.875,10.125,2.75266,10200,0,0
1989-06-19,10.125,10.125,10,10.125,2.75266,2400,0,0
1989-06-20,10.125,10.25,10,10,2.71868,4600,0,0
1989-06-21,10.125,10.625,10.125,10.375,2.82063,43800,0,0
1989-06-22,10.5,11.125,10.5,11,2.99054,108700,0,0
1989-06-23,11,11.125,10.75,11,2.99054,38100,0,0
1989-06-26,11,11,10.75,10.75,2.92258,15100,0,0
1989-06-27,10.75,10.875,10.625,10.625,2.88859,18400,0,0
1989-06-28,10.625,10.75,10.5,10.5,2.85461,11000,0,0
1989-06-29,10.5,10.5,10.25,10.25,2.78664,23400,0,0
1989-06-30,10.25,10.25,9.875,9.875,2.69918,40100,0.055,0
1989-07-03,9.875,10.125,9.875,10.125,2.76751,8800,0,0
1989-07-05,10.125,10.25,10,10.25,2.80168,17900,0,0
1989-07-06,10.125,10.125,10,10.125,2.76751,5500,0,0
1989-07-07,10.125,10.25,10,10.125,2.76751,32300,0,0
1989-07-10,10.25,10.5,10.25,10.25,2.80168,6300,0,0
1989-07-11,10.25,10.5,10.25,10.25,2.80168,8900,0,0
1989-07-12,10.25,10.375,10.25,10.25,2.80168,19400,0,0
1989-07-13,10.25,10.5,10.25,10.375,2.83584,18800,0,0
1989-07-14,10.375,10.375,10.25,10.25,2.80168,9000,0,0
1989-07-17,10.25,10.375,10.25,10.375,2.83584,9600,0,0
1989-07-18,10.375,10.5,10.25,10.375,2.83584,27200,0,0
1989-07-19,10.375,10.875,10.25,10.875,2.97251,89100,0,0
1989-07-20,10.875,10.875,10.625,10.625,2.90418,53800,0,0
1989-07-21,10.625,10.75,10.375,10.625,2.90418,31700,0,0
1989-07-24,10.625,10.625,10.375,10.625,2.90418,15200,0,0
1989-07-25,10.625,10.625,10.375,10.625,2.90418,8700,0,0
1989-07-26,10.625,10.875,10.5,10.75,2.93834,109700,0,0
1989-07-27,10.75,10.875,10.625,10.875,2.97251,54700,0,0
1989-07-28,10.875,11,10.625,10.625,2.90418,19900,0,0
1989-07-31,10.625,10.875,10.625,10.75,2.93834,34600,0,0
1989-08-01,10.75,10.875,10.625,10.875,2.97251,5800,0,0
1989-08-02,10.875,10.875,10.5,10.75,2.93834,24200,0,0
1989-08-03,10.75,10.875,10.5,10.75,2.93834,24500,0,0
1989-08-04,10.75,10.875,10.625,10.875,2.97251,9500,0,0
1989-08-07,10.875,11,10.625,10.625,2.90418,39300,0,0
1989-08-08,10.625,10.75,10.5,10.5,2.87001,3400,0,0
1989-08-09,10.5,10.75,10.5,10.625,2.90418,25100,0,0
1989-08-10,10.625,10.75,10.375,10.625,2.90418,27100,0,0
1989-08-11,10.625,10.625,10.375,10.375,2.83584,12100,0,0
1989-08-14,10.375,10.625,10.375,10.375,2.83584,17900,0,0
1989-08-15,10.375,10.625,10.25,10.375,2.83584,25300,0,0
1989-08-16,10.375,10.5,10.125,10.25,2.80168,6300,0,0
1989-08-17,10.25,10.375,10.125,10.375,2.83584,7800,0,0
1989-08-18,10.375,10.375,10.125,10.125,2.76751,4100,0,0
1989-08-21,10.125,10.375,9.875,9.875,2.69918,23700,0,0
1989-08-22,9.875,10,9.875,10,2.73334,9500,0,0
1989-08-23,10,10.25,9.875,10.25,2.80168,99600,0,0
1989-08-24,10.25,10.375,10,10.25,2.80168,54700,0,0
1989-08-25,10.25,10.25,9.875,10.125,2.76751,15700,0,0
1989-08-28,10.125,10.125,9.875,10,2.73334,5600,0,0
1989-08-29,10,10,9.75,10,2.73334,17200,0,0
1989-08-30,10,10,9.75,9.875,2.69918,27800,0,0
1989-08-31,9.875,10,9.75,10,2.73334,12600,0,0
1989-09-01,10,10,9.75,9.75,2.66501,25100,0,0
1989-09-05,9.75,10,9.75,9.875,2.69918,35000,0,0
1989-09-06,9.875,9.875,9.625,9.75,2.66501,57400,0,0
1989-09-07,9.75,10,9.75,9.75,2.66501,42400,0,0
1989-09-08,9.75,10,9.75,10,2.73334,17100,0,0
1989-09-11,10,10,9.75,10,2.73334,22300,0,0
1989-09-12,10,10,9.75,9.75,2.66501,20900,0,0
1989-09-13,9.75,10,9.75,9.75,2.66501,9700,0,0
1989-09-14,9.75,10,9.75,10,2.73334,7100,0,0
1989-09-15,10,10,9.75,9.875,2.69918,12900,0,0
1989-09-18,9.875,10.125,9.875,10,2.73334,27400,0,0
1989-09-19,10,10,9.75,9.75,2.66501,32900,0,0
1989-09-20,9.75,10,9.75,9.75,2.66501,3900,0,0
1989-09-21,9.75,10,9.625,9.875,2.69918,15400,0,0
1989-09-22,9.875,9.875,9.625,9.875,2.69918,29000,0,0
1989-09-25,9.875,9.875,9.625,9.875,2.69918,14100,0,0
1989-09-26,9.875,9.875,9.625,9.875,2.71429,13200,0.055,0
1989-09-27,9.875,9.875,9.625,9.75,2.67994,4700,0,0
1989-09-28,9.75,9.875,9.625,9.875,2.71429,5200,0,0
1989-09-29,9.875,10,9.75,10,2.74865,12700,0,0
1989-10-02,10,10,9.625,9.75,2.67994,19100,0,0
1989-10-03,9.75,9.75,9.5,9.5,2.61122,19400,0,0
1989-10-04,9.5,9.625,9.375,9.625,2.64558,14800,0,0
1989-10-05,9.625,9.625,9.375,9.375,2.57686,3200,0,0
1989-10-06,9.375,9.625,9.375,9.625,2.64558,17700,0,0
1989-10-09,9.625,9.625,9.375,9.625,2.64558,4700,0,0
1989-10-10,9.625,9.625,9.375,9.375,2.57686,15400,0,0
1989-10-11,9.375,9.625,9.375,9.625,2.64558,8500,0,0
1989-10-12,9.625,9.625,9.375,9.625,2.64558,34200,0,0
1989-10-13,9.625,9.625,9.25,9.25,2.5425,26300,0,0
1989-10-16,9.125,9.125,8.625,8.875,2.43943,64300,0,0
1989-10-17,8.875,9.125,8.875,8.875,2.43943,14300,0,0
1989-10-18,9,9.375,9,9.375,2.57686,52400,0,0
1989-10-19,9.375,9.375,9.25,9.375,2.57686,27600,0,0
1989-10-20,9.375,9.625,9.25,9.5,2.61122,15500,0,0
1989-10-23,9.5,9.625,9.375,9.625,2.64558,39600,0,0
1989-10-24,9.5,9.5,9.125,9.125,2.50814,23800,0,0
1989-10-25,9.125,9.625,9.125,9.5,2.61122,26900,0,0
1989-10-26,9.5,10.125,9.5,9.875,2.71429,150000,0,0
1989-10-27,9.875,9.875,9.5,9.5,2.61122,46600,0,0
1989-10-30,9.5,9.75,9.5,9.5,2.61122,54200,0,0
1989-10-31,9.5,9.75,9.5,9.625,2.64558,5800,0,0
1989-11-01,9.625,9.75,9.5,9.5,2.61122,11100,0,0
1989-11-02,9.5,9.75,9.5,9.5,2.61122,17100,0,0
1989-11-03,9.5,9.5,9.25,9.25,2.5425,3100,0,0
1989-11-06,9.25,9.5,9.125,9.25,2.5425,19200,0,0
1989-11-07,9.125,9.125,8.875,9.125,2.50814,8600,0,0
1989-11-08,9.125,9.375,8.875,9.125,2.50814,7000,0,0
1989-11-09,9.125,9.375,9.125,9.125,2.50814,9000,0,0
1989-11-10,9.125,9.25,9,9,2.47379,17300,0,0
1989-11-13,9,9.25,9,9,2.47379,17700,0,0
1989-11-14,9,9.25,9,9.25,2.5425,12300,0,0
1989-11-15,9.125,9.125,9,9,2.47379,5200,0,0
1989-11-16,9,9.25,9,9.125,2.50814,19100,0,0
1989-11-17,9.125,9.25,9.125,9.125,2.50814,5900,0,0
1989-11-20,9.125,9.25,9.125,9.125,2.50814,2300,0,0
1989-11-21,9.125,9.25,9,9,2.47379,11500,0,0
1989-11-22,9,9.25,9,9,2.47379,18100,0,0
1989-11-24,9,9.25,9,9.25,2.5425,6400,0,0
1989-11-27,9.25,9.375,9.125,9.125,2.50814,4800,0,0
1989-11-28,9.125,9.375,9.125,9.25,2.5425,38100,0,0
1989-11-29,9.25,9.5,9.25,9.375,2.57686,6500,0,0
1989-11-30,9.375,9.75,9.25,9.5,2.61122,45100,0,0
1989-12-01,9.5,9.5,9.375,9.375,2.57686,4700,0,0
1989-12-04,9.375,9.625,9.375,9.375,2.57686,9500,0,0
1989-12-05,9.375,9.625,9.375,9.375,2.57686,5500,0,0
1989-12-06,9.375,9.5,9.25,9.25,2.5425,15000,0,0
1989-12-07,9.25,9.375,9.125,9.25,2.5425,20300,0,0
1989-12-08,9.25,9.375,9.125,9.375,2.57686,20100,0,0
1989-12-11,9.375,9.375,9.125,9.125,2.50814,8800,0,0
1989-12-12,9.125,9.375,9,9.125,2.50814,22400,0,0
1989-12-13,9.125,9.375,9.125,9.125,2.50814,40300,0,0
1989-12-14,9.125,9.625,9.125,9.25,2.5425,63500,0,0
1989-12-15,9.25,9.375,9.125,9.125,2.50814,66800,0,0
1989-12-18,9.125,9.375,9.125,9.125,2.50814,31700,0,0
1989-12-19,9.125,9.25,9,9.25,2.5425,82700,0,0
1989-12-20,9.25,9.375,9.25,9.25,2.5425,20700,0,0
1989-12-21,9.25,9.5,9.25,9.25,2.5425,21000,0,0
1989-12-22,9.25,9.375,9.25,9.25,2.5425,19800,0,0
1989-12-26,9.25,9.375,9.25,9.25,2.5425,8400,0,0
1989-12-27,9.25,9.375,9.25,9.375,2.57686,15700,0,0
1989-12-28,9.375,9.375,9.25,9.375,2.57686,8200,0,0
1989-12-29,9.375,9.375,9.25,9.25,2.5425,16700,0,0
1990-01-02,9.25,9.5,9.25,9.5,2.61122,67800,0,0
1990-01-03,9.5,9.875,9.375,9.625,2.64558,67600,0,0
1990-01-04,9.625,9.875,9.625,9.625,2.64558,82900,0,0
1990-01-05,9.625,10,9.5,10,2.74865,114000,0,0
1990-01-08,10,10,9.625,9.875,2.71429,36800,0,0
1990-01-09,9.875,9.875,9.5,9.625,2.64558,65300,0,0
1990-01-10,9.625,9.625,9.375,9.5,2.61122,5500,0,0
1990-01-11,9.5,9.5,9.375,9.375,2.57686,8100,0,0
1990-01-12,9.375,9.375,9.125,9.125,2.50814,20800,0,0
1990-01-15,9.125,9.375,9,9.25,2.5425,14900,0,0
1990-01-16,9.25,9.25,8.875,9.25,2.5425,38300,0,0
1990-01-17,9.25,9.25,9,9,2.47379,35000,0,0
1990-01-18,9,9.25,9,9.125,2.50814,11700,0,0
1990-01-19,9.125,9.125,8.875,9.125,2.50814,18300,0,0
1990-01-22,9.125,9.125,8.875,8.875,2.43943,17800,0,0
1990-01-23,8.875,9,8.75,8.75,2.40507,29200,0,0
1990-01-24,8.75,8.75,8.375,8.75,2.40507,21900,0,0
1990-01-25,8.75,9,8.5,9,2.47379,32000,0,0
1990-01-26,9,9.375,9,9.375,2.57686,43000,0,0
1990-01-29,9.375,9.5,9.25,9.5,2.61122,35400,0,0
1990-01-30,9.5,9.625,9.375,9.375,2.57686,46900,0,0
1990-01-31,9.375,9.625,9.375,9.5,2.61122,44500,0,0
1990-02-01,9.5,9.625,9.375,9.625,2.64558,135300,0,0
1990-02-02,9.625,10.25,9.5,10.25,2.81737,241900,0,0
1990-02-05,10.25,11.375,10.25,10.75,2.9548,753700,0,0
1990-02-06,10.75,10.75,10.25,10.625,2.92044,143100,0,0
1990-02-07,10.625,10.625,10.125,10.375,2.85173,78300,0,0
1990-02-08,10.375,10.375,9.5,9.75,2.67994,49000,0,0
1990-02-09,9.75,10,9.5,10,2.74865,72300,0,0
1990-02-12,10,10,9.125,9.375,2.57686,155700,0,0
1990-02-13,9.375,9.625,9.125,9.625,2.64558,54800,0,0
1990-02-14,9.625,9.75,9.375,9.625,2.64558,60500,0,0
1990-02-15,9.625,9.875,9.5,9.75,2.67994,32300,0,0
1990-02-16,9.75,9.875,9.625,9.75,2.67994,22700,0,0
1990-02-20,9.75,9.875,9.375,9.375,2.57686,12400,0,0
1990-02-21,9.375,9.5,9,9,2.47379,58200,0,0
1990-02-22,9.125,9.375,9.125,9.375,2.57686,30000,0,0
1990-02-23,9.375,10.625,9.125,10.5,2.88608,166400,0,0
1990-02-26,10.5,10.625,9.75,10.125,2.78301,125000,0,0
1990-02-27,10.125,10.125,9.875,10.125,2.78301,35700,0,0
1990-02-28,10.125,10.125,9.5,9.875,2.71429,58200,0,0
1990-03-01,9.875,10,9.75,9.75,2.67994,6300,0,0
1990-03-02,9.75,10,9.75,10,2.74865,16100,0,0
1990-03-05,10,10,9.875,10,2.74865,9500,0,0
1990-03-06,10,10.125,9.875,9.875,2.71429,25200,0,0
1990-03-07,9.875,10.125,9.875,10,2.74865,19800,0,0
1990-03-08,10,10.125,9.875,10,2.74865,49000,0,0
1990-03-09,10,10.125,9.875,9.875,2.71429,13000,0,0
1990-03-12,9.875,10,9.875,9.875,2.7295,4800,0.055,0
1990-03-13,9.875,10,9.75,9.75,2.69495,31800,0,0
1990-03-14,9.75,10,9.625,9.625,2.66039,27100,0,0
1990-03-15,9.625,9.75,9.5,9.5,2.62584,36800,0,0
1990-03-16,9.5,9.75,9.5,9.625,2.66039,39700,0,0
1990-03-19,9.625,9.875,9.375,9.875,2.7295,54600,0,0
1990-03-20,9.875,10.25,9.625,10.25,2.83315,42700,0,0
1990-03-21,10.25,10.625,10,10.25,2.83315,105300,0,0
1990-03-22,10.25,10.5,10.125,10.125,2.7986,34500,0,0
1990-03-23,10.125,10.375,10.125,10.125,2.7986,42900,0,0
1990-03-26,10.125,10.375,10.125,10.25,2.83315,23300,0,0
1990-03-27,10,10.125,10,10,2.76405,35300,0,0
1990-03-28,10,10.25,10,10,2.76405,7900,0,0
1990-03-29,10.25,10.25,10,10,2.76405,29500,0,0
1990-03-30,10.125,10.25,10,10.25,2.83315,25900,0,0
1990-04-02,10,10,9.75,9.75,2.69495,12600,0,0
1990-04-03,9.75,9.75,9.75,9.75,2.69495,900,0,0
1990-04-04,9.875,10,9.75,9.75,2.69495,20900,0,0
1990-04-05,9.75,9.875,9.5,9.75,2.69495,14500,0,0
1990-04-06,9.5,9.75,9.5,9.75,2.69495,23200,0,0
1990-04-09,9.75,9.75,9.5,9.5,2.62584,16400,0,0
1990-04-10,9.75,9.75,9.5,9.75,2.69495,9600,0,0
1990-04-11,9.75,9.875,9.75,9.75,2.69495,33000,0,0
1990-04-12,9.625,9.875,9.625,9.875,2.7295,4300,0,0
1990-04-16,9.625,9.875,9.625,9.625,2.66039,3600,0,0
1990-04-17,9.625,9.875,9.375,9.625,2.66039,24200,0,0
1990-04-18,9.375,9.625,9.125,9.5,2.62584,17900,0,0
1990-04-19,9.375,9.375,9,9.375,2.5913,43300,0,0
1990-04-20,9.25,9.5,9.125,9.25,2.55674,62800,0,0
1990-04-23,9.25,9.25,9,9.125,2.52219,14200,0,0
1990-04-24,9.25,9.375,9,9.125,2.52219,36300,0,0
1990-04-25,9,9.25,8.875,9.125,2.52219,7100,0,0
1990-04-26,8.875,9.125,8.875,9,2.48764,31800,0,0
1990-04-27,9.125,9.125,8.875,9,2.48764,20200,0,0
1990-04-30,9.125,9.125,8.875,9.125,2.52219,3100,0,0
1990-05-01,9,9.125,8.875,9,2.48764,29800,0,0
1990-05-02,8.875,9,8.75,9,2.48764,51200,0,0
1990-05-03,9,9,8.75,9,2.48764,32300,0,0
1990-05-04,9,9,8.75,8.875,2.45309,4700,0,0
1990-05-07,8.75,9,8.75,9,2.48764,21400,0,0
1990-05-08,8.875,9.5,8.875,9.5,2.62584,100100,0,0
1990-05-09,9.625,9.75,9.375,9.75,2.69495,72200,0,0
1990-05-10,9.5,9.875,9.5,9.75,2.69495,20200,0,0
1990-05-11,9.75,9.75,9.25,9.25,2.55674,75600,0,0
1990-05-14,9.25,9.5,9,9.375,2.5913,61400,0,0
1990-05-15,9.375,9.375,9.25,9.25,2.55674,35000,0,0
1990-05-16,9.25,9.375,9.125,9.125,2.52219,10100,0,0
1990-05-17,9.375,9.375,8.875,8.875,2.45309,20700,0,0
1990-05-18,8.875,9,8.875,8.875,2.45309,7700,0,0
1990-05-21,9,9.125,8.875,8.875,2.46839,5800,0.055,0
1990-05-22,9.125,9.125,8.875,8.875,2.46839,23700,0,0
1990-05-23,8.75,8.875,8.5,8.75,2.43362,23100,0,0
1990-05-24,8.5,8.875,8.5,8.625,2.39886,13300,0,0
1990-05-25,8.875,9,8.625,8.75,2.43362,19900,0,0
1990-05-29,8.75,9,8.75,9,2.50316,11900,0,0
1990-05-30,9,9,8.75,8.75,2.43362,14400,0,0
1990-05-31,8.875,9,8.625,8.625,2.39886,15700,0,0
1990-06-01,8.75,8.875,8.625,8.875,2.46839,13400,0,0
1990-06-04,8.875,9,8.625,8.875,2.46839,21800,0,0
1990-06-05,8.625,8.875,8.625,8.75,2.43362,9300,0,0
1990-06-06,8.875,9,8.75,9,2.50316,18100,0,0
1990-06-07,8.875,9,8.75,8.75,2.43362,5000,0,0
1990-06-08,8.875,9,8.625,8.625,2.39886,36400,0,0
1990-06-11,8.625,8.75,8.5,8.5,2.36409,9700,0,0
1990-06-12,8.75,9,8.5,9,2.50316,42700,0,0
1990-06-13,8.75,9,8.625,8.875,2.46839,30200,0,0
1990-06-14,8.625,8.75,8.625,8.625,2.39886,15800,0,0
1990-06-15,8.75,8.75,8.625,8.625,2.39886,16300,0,0
1990-06-18,8.75,8.875,8.5,8.875,2.46839,34800,0,0
1990-06-19,8.75,9.25,8.75,9.25,2.57269,47400,0,0
1990-06-20,9.25,9.5,9.125,9.5,2.64222,79700,0,0
1990-06-21,9.625,9.875,9.5,9.875,2.74652,213400,0,0
1990-06-22,9.875,9.875,9.375,9.5,2.64222,66700,0,0
1990-06-25,9.25,9.625,9.25,9.5,2.64222,19600,0,0
1990-06-26,9.375,9.5,9.125,9.25,2.57269,33600,0,0
1990-06-27,9,9.25,9,9.25,2.57269,12100,0,0
1990-06-28,9,9.25,9,9,2.50316,7200,0,0
1990-06-29,9,9.25,8.75,8.875,2.46839,33700,0,0
1990-07-02,9,9,8.875,9,2.50316,9100,0,0
1990-07-03,9,9,8.875,9,2.50316,9400,0,0
1990-07-05,9.125,9.5,9,9.5,2.64222,49700,0,0
1990-07-06,9.5,9.625,9.375,9.625,2.67699,79300,0,0
1990-07-09,9.625,9.625,9.5,9.625,2.67699,142400,0,0
1990-07-10,9.625,9.75,9.375,9.625,2.67699,37200,0,0
1990-07-11,9.625,9.625,9.375,9.375,2.60745,18100,0,0
1990-07-12,9.375,9.625,9.375,9.625,2.67699,36500,0,0
1990-07-13,9.375,9.75,9.375,9.75,2.71175,63600,0,0
1990-07-16,9.5,9.75,9.5,9.625,2.67699,28600,0,0
1990-07-17,9.5,9.875,9.5,9.625,2.67699,115000,0,0
1990-07-18,9.5,9.625,9.375,9.375,2.60745,20600,0,0
1990-07-19,9.375,9.625,9.375,9.375,2.60745,27400,0,0
1990-07-20,9.375,9.625,9.25,9.25,2.57269,13100,0,0
1990-07-23,9.5,9.5,9,9,2.50316,46600,0,0
1990-07-24,9.25,9.25,9,9,2.50316,14800,0,0
1990-07-25,9.125,9.375,9,9.375,2.60745,35200,0,0
1990-07-26,9.125,9.5,9.125,9.375,2.60745,5900,0,0
1990-07-27,9.125,9.375,9.125,9.125,2.53792,16500,0,0
1990-07-30,9.125,9.375,8.75,9,2.50316,47400,0,0
1990-07-31,9,9,8.75,8.75,2.43362,68800,0,0
1990-08-01,8.75,9,8.75,8.75,2.43362,39500,0,0
1990-08-02,8.75,8.75,8.375,8.75,2.43362,38300,0,0
1990-08-03,8.75,8.875,8.375,8.75,2.43362,61100,0,0
1990-08-06,8.75,8.875,8.375,8.375,2.32932,59600,0,0
1990-08-07,9,10.125,8.875,10,2.78128,218600,0,0
1990-08-08,10,10,9.5,9.5,2.64222,62700,0,0
1990-08-09,9.75,9.875,9.5,9.625,2.67699,76800,0,0
1990-08-10,9.75,9.75,9.125,9.5,2.64222,274500,0,0
1990-08-13,9.5,9.5,9.25,9.375,2.60745,31000,0,0
1990-08-14,9.25,9.375,9.125,9.375,2.60745,34800,0,0
1990-08-15,9.125,9.375,9.125,9.25,2.57269,56400,0,0
1990-08-16,9.375,9.375,9.125,9.375,2.60745,49800,0,0
1990-08-17,9.125,9.375,9,9.25,2.57269,62500,0,0
1990-08-20,9.25,9.5,9,9.25,2.57269,42600,0,0
1990-08-21,9.5,9.625,9.125,9.375,2.60745,94600,0,0
1990-08-22,9.5,10,9.5,9.875,2.74652,156300,0,0
1990-08-23,9.5,9.625,9.125,9.375,2.60745,85400,0,0
1990-08-24,9.375,10.125,9.375,10,2.78128,155200,0,0
1990-08-27,10,10.25,9.75,10,2.78128,105000,0,0
1990-08-28,10.125,10.125,9.625,10,2.78128,107700,0,0
1990-08-29,10.125,10.125,9.5,9.75,2.71175,51500,0,0
1990-08-30,9.75,9.75,9.125,9.375,2.60745,200600,0,0
1990-08-31,9.5,9.75,9.375,9.75,2.71175,123800,0,0
1990-09-04,9.375,9.625,9.375,9.5,2.64222,20100,0,0
1990-09-05,9.625,9.625,9.375,9.5,2.64222,19200,0,0
1990-09-06,9.5,9.5,9.125,9.125,2.53792,11900,0,0
1990-09-07,9.375,9.375,9,9.375,2.60745,17700,0,0
1990-09-10,9.5,9.5,9.125,9.375,2.60745,3200,0,0
1990-09-11,9.125,9.375,8.875,9.125,2.53792,18000,0,0
1990-09-12,8.875,9.125,8.75,8.75,2.43362,32000,0,0
1990-09-13,9,9,8.75,8.875,2.46839,13700,0,0
1990-09-14,8.875,9,8.875,9,2.50316,28100,0,0
1990-09-17,9,9.125,8.875,8.875,2.46839,19200,0,0
1990-09-18,9,9.125,8.75,8.875,2.46839,40900,0,0
1990-09-19,8.875,9,8.625,8.875,2.46839,23200,0,0
1990-09-20,8.875,8.875,8.5,8.75,2.43362,26700,0,0
1990-09-21,8.5,8.75,8.5,8.75,2.43362,26000,0,0
1990-09-24,8.625,8.75,8.5,8.75,2.43362,47700,0,0
1990-09-25,8.75,8.75,8.5,8.75,2.43362,5700,0,0
1990-09-26,8.75,8.75,8.5,8.5,2.36409,58700,0,0
1990-09-27,8.5,8.75,8.375,8.375,2.32932,27200,0,0
1990-09-28,8.625,8.625,8.25,8.625,2.39886,38400,0,0
1990-10-01,8.5,8.75,8.5,8.625,2.39886,35200,0,0
1990-10-02,8.5,8.75,8.5,8.5,2.36409,10000,0,0
1990-10-03,8.75,8.75,8.5,8.75,2.43362,20200,0,0
1990-10-04,8.625,8.875,8.625,8.625,2.39886,11200,0,0
1990-10-05,8.625,8.75,8.375,8.75,2.43362,16900,0,0
1990-10-08,8.75,8.75,8.5,8.625,2.39886,21300,0,0
1990-10-09,8.5,8.875,8.5,8.75,2.43362,28100,0,0
1990-10-10,8.625,9.125,8.625,8.75,2.43362,28700,0,0
1990-10-11,9.125,9.125,8.75,8.75,2.43362,4200,0,0
1990-10-12,8.875,8.875,8.375,8.375,2.32932,47600,0,0
1990-10-15,8.5,8.5,8.125,8.5,2.36409,16100,0,0
1990-10-16,8.25,8.5,8.25,8.5,2.36409,4300,0,0
1990-10-17,8.25,8.375,7.875,8.125,2.25979,87600,0,0
1990-10-18,8.25,8.25,7.875,8.125,2.25979,23100,0,0
1990-10-19,8.125,8.125,8,8.125,2.25979,28200,0,0
1990-10-22,8,8.375,7.875,7.875,2.19026,8500,0,0
1990-10-23,7.875,8,7.875,7.875,2.20567,4600,0.055,0
1990-10-24,7.875,8.125,7.875,7.875,2.20567,3800,0,0
1990-10-25,8.125,8.125,7.5,7.5,2.10063,20800,0,0
1990-10-26,7.5,7.75,7.5,7.5,2.10063,39400,0,0
1990-10-29,7.375,7.75,7.375,7.5,2.10063,32200,0,0
1990-10-30,7.5,7.75,7.5,7.75,2.17065,7800,0,0
1990-10-31,7.5,7.75,7.5,7.5,2.10063,6500,0,0
1990-11-01,7.5,7.75,7.5,7.75,2.17065,25400,0,0
1990-11-02,7.75,8,7.75,7.75,2.17065,36100,0,0
1990-11-05,8,8.25,7.875,8.25,2.3107,26600,0,0
1990-11-06,8.25,8.375,7.875,8.125,2.27569,13400,0,0
1990-11-07,8.375,8.375,8.125,8.375,2.34571,14000,0,0
1990-11-08,8.125,8.25,8,8.25,2.3107,13800,0,0
1990-11-09,8.25,8.25,8,8.125,2.27569,8700,0,0
1990-11-12,8.25,8.25,8,8.125,2.27569,36600,0,0
1990-11-13,8.125,8.25,8,8.125,2.27569,9800,0,0
1990-11-14,8,8.25,8,8.25,2.3107,7100,0,0
1990-11-15,8,8.25,8,8,2.24068,2500,0,0
1990-11-16,8,8.25,8,8.125,2.27569,10600,0,0
1990-11-19,8.25,8.25,8,8,2.24068,15700,0,0
1990-11-20,7.875,8,7.75,7.75,2.17065,10100,0,0
1990-11-21,7.75,8,7.75,7.75,2.17065,16200,0,0
1990-11-23,7.875,7.875,7.75,7.875,2.20567,3500,0,0
1990-11-26,7.875,8,7.75,8,2.24068,26600,0,0
1990-11-27,7.875,8.125,7.875,7.875,2.20567,5000,0,0
1990-11-28,7.875,8.125,7.875,8.125,2.27569,4900,0,0
1990-11-29,8.125,8.125,7.875,7.875,2.20567,7200,0,0
1990-11-30,7.875,8,7.75,7.75,2.17065,31800,0,0
1990-12-03,7.75,7.875,7.5,7.5,2.10063,32400,0,0
1990-12-04,7.5,7.75,7.5,7.5,2.10063,14600,0,0
1990-12-05,7.5,7.75,7.5,7.75,2.17065,17300,0,0
1990-12-06,7.75,7.75,7.375,7.75,2.17065,33500,0,0
1990-12-07,7.375,7.75,7.375,7.625,2.13564,11800,0,0
1990-12-10,7.5,7.625,7.5,7.5,2.10063,30400,0,0
1990-12-11,7.5,7.625,7.375,7.625,2.13564,14500,0,0
1990-12-12,7.5,7.75,7.5,7.75,2.17065,19600,0,0
1990-12-13,7.75,7.875,7.5,7.75,2.17065,21100,0,0
1990-12-14,7.75,8,7.625,7.875,2.20567,15200,0,0
1990-12-17,7.75,7.75,7.5,7.5,2.11541,20300,0.055,0
1990-12-18,7.5,7.75,7.25,7.25,2.04489,24000,0,0
1990-12-19,7.25,7.5,7.125,7.125,2.00964,34200,0,0
1990-12-20,7,7.375,7,7.375,2.08015,35200,0,0
1990-12-21,7.125,7.375,6.875,6.875,1.93912,43300,0,0
1990-12-24,6.875,7,6.875,7,1.97438,12400,0,0
1990-12-26,6.875,7.25,6.875,7,1.97438,46500,0,0
1990-12-27,7,7.25,7,7.125,2.00964,52300,0,0
1990-12-28,7,7.125,7,7.125,2.00964,58300,0,0
1990-12-31,7,7.25,7,7.125,2.00964,32200,0,0
1991-01-02,7.25,7.25,7,7.125,2.00964,5700,0,0
1991-01-03,7.125,7.375,7.125,7.375,2.08015,2000,0,0
1991-01-04,7.375,7.375,7.125,7.125,2.00964,4200,0,0
1991-01-07,7.125,7.375,7.125,7.125,2.00964,22400,0,0
1991-01-08,7.125,7.25,7.125,7.125,2.00964,14800,0,0
1991-01-09,7.125,7.25,7.125,7.25,2.04489,39500,0,0
1991-01-10,7.125,7.25,7.125,7.125,2.00964,8500,0,0
1991-01-11,7.125,7.25,7.125,7.25,2.04489,9400,0,0
1991-01-14,7.125,7.25,7,7.125,2.00964,50300,0,0
1991-01-15,7,7.25,7,7,1.97438,14100,0,0
1991-01-16,7,7.25,7,7.25,2.04489,3500,0,0
1991-01-17,7.25,7.25,7,7,1.97438,16200,0,0
1991-01-18,7,7.125,6.75,7,1.97438,20800,0,0
1991-01-21,6.75,7,6.75,7,1.97438,2600,0,0
1991-01-22,6.75,7,6.75,7,1.97438,20100,0,0
1991-01-23,7.125,7.125,7,7,1.97438,4700,0,0
1991-01-24,7,7,6.875,6.875,1.93912,10700,0,0
1991-01-25,7.125,7.625,6.875,7.5,2.11541,99100,0,0
1991-01-28,7.625,8.375,7.625,8.25,2.32695,125800,0,0
1991-01-29,8.375,8.375,8.125,8.25,2.32695,45800,0,0
1991-01-30,8.25,8.375,8,8,2.25644,23900,0,0
1991-01-31,8.125,8.25,8,8.125,2.29169,127700,0,0
1991-02-01,8.25,8.25,8,8.25,2.32695,15900,0,0
1991-02-04,8,8.25,8,8,2.25644,9600,0,0
1991-02-05,8.125,9,8.125,9,2.53849,77400,0,0
1991-02-06,8.875,9,8.75,8.75,2.46798,35700,0,0
1991-02-07,8.75,9,8.75,8.75,2.46798,8200,0,0
1991-02-08,8.75,9,8.625,9,2.53849,11400,0,0
1991-02-11,9,9,8.125,8.625,2.43272,54200,0,0
1991-02-12,8.625,8.625,8.375,8.625,2.43272,46200,0,0
1991-02-13,8.375,8.75,8.375,8.75,2.46798,12300,0,0
1991-02-14,8.75,8.875,8.5,8.875,2.50323,18100,0,0
1991-02-15,8.75,8.875,8.625,8.625,2.43272,10600,0,0
1991-02-19,8.625,8.75,8.625,8.625,2.43272,39700,0,0
1991-02-20,8.625,8.75,8.5,8.5,2.39746,20600,0,0
1991-02-21,8.5,8.75,8.5,8.625,2.43272,52100,0,0
1991-02-22,8.75,8.75,8.5,8.5,2.39746,14800,0,0
1991-02-25,8.625,8.75,8.625,8.625,2.43272,18500,0,0
1991-02-26,8.625,8.75,8.625,8.625,2.43272,11700,0,0
1991-02-27,8.625,8.875,8.625,8.75,2.46798,29600,0,0
1991-02-28,8.75,9,8.75,9,2.53849,36700,0,0
1991-03-01,8.75,9,8.75,9,2.53849,10300,0,0
1991-03-04,8.75,9,8.75,8.875,2.50323,11800,0,0
1991-03-05,8.875,9.25,8.875,9,2.53849,72300,0,0
1991-03-06,9,9.125,8.75,8.75,2.46798,108000,0,0
1991-03-07,8.75,9,8.75,9,2.53849,80000,0,0
1991-03-08,9,9.125,8.875,9.125,2.57375,9700,0,0
1991-03-11,9.125,9.125,8.875,9,2.53849,37500,0,0
1991-03-12,8.875,9.125,8.75,8.875,2.50323,63000,0,0
1991-03-13,8.75,9,8.75,9,2.53849,4600,0,0
1991-03-14,8.75,9,8.75,8.75,2.46798,9900,0,0
1991-03-15,8.75,8.75,8.625,8.75,2.46798,4800,0,0
1991-03-18,8.625,8.875,8.625,8.625,2.43272,7400,0,0
1991-03-19,8.5,8.625,8.5,8.5,2.39746,2900,0,0
1991-03-20,8.5,8.5,8.5,8.5,2.39746,200,0,0
1991-03-21,8.5,8.5,8.25,8.5,2.39746,16600,0,0
1991-03-22,8.25,8.375,8.125,8.375,2.36221,27700,0,0
1991-03-25,8.125,8.375,8.125,8.25,2.34233,23200,0.055,0
1991-03-26,8.375,8.375,8.125,8.25,2.34233,5300,0,0
1991-03-27,8.375,8.375,8.125,8.125,2.30684,500,0,0
1991-03-28,8.25,8.75,8.25,8.625,2.4488,68400,0,0
1991-04-01,8.625,8.75,8.5,8.5,2.41331,19300,0,0
1991-04-02,8.375,8.75,8.375,8.5,2.41331,5600,0,0
1991-04-03,8.75,8.75,8.625,8.625,2.4488,9400,0,0
1991-04-04,8.625,8.75,8.625,8.75,2.48429,20700,0,0
1991-04-05,8.875,8.875,8.625,8.75,2.48429,19300,0,0
1991-04-08,8.625,8.875,8.625,8.625,2.4488,22100,0,0
1991-04-09,8.625,8.75,8.5,8.5,2.41331,17600,0,0
1991-04-10,8.5,8.75,8.5,8.625,2.4488,39900,0,0
1991-04-11,8.5,8.625,8.5,8.5,2.41331,5000,0,0
1991-04-12,8.5,8.5,8.5,8.5,2.41331,22400,0,0
1991-04-15,8.625,8.625,8.5,8.5,2.41331,13100,0,0
1991-04-16,8.5,8.625,8.5,8.5,2.41331,25000,0,0
1991-04-17,8.5,8.625,8.5,8.625,2.4488,23800,0,0
1991-04-18,8.625,8.625,8.25,8.375,2.37782,31400,0,0
1991-04-19,8.25,8.375,8.125,8.125,2.30684,14100,0,0
1991-04-22,8,8.25,8,8,2.27135,1100,0,0
1991-04-23,8.25,8.25,7.875,8,2.27135,25500,0,0
1991-04-24,8,8.125,8,8.125,2.30684,14000,0,0
1991-04-25,8.125,8.125,8.125,8.125,2.30684,5900,0,0
1991-04-26,8.125,8.125,7.875,7.875,2.23586,11200,0,0
1991-04-29,8.125,8.125,7.875,7.875,2.23586,23700,0,0
1991-04-30,7.875,8,7.875,8,2.27135,3900,0,0
1991-05-01,8,8.125,7.875,8.125,2.30684,26600,0,0
1991-05-02,7.875,8.25,7.875,8,2.27135,14600,0,0
1991-05-03,8,8.375,8,8,2.27135,12300,0,0
1991-05-06,8.375,8.375,8,8.375,2.37782,6700,0,0
1991-05-07,8.375,8.375,8.125,8.125,2.30684,15300,0,0
1991-05-08,8.125,8.375,8.125,8.375,2.37782,5100,0,0
1991-05-09,8.125,8.625,8.125,8.5,2.41331,17700,0,0
1991-05-10,8.625,8.625,8.375,8.5,2.41331,26600,0,0
1991-05-13,8.25,8.625,8.25,8.625,2.4488,12000,0,0
1991-05-14,8.625,8.625,8.375,8.375,2.37782,12600,0,0
1991-05-15,8.375,8.5,8.125,8.125,2.30684,17200,0,0
1991-05-16,8.375,8.5,8.25,8.25,2.34233,8500,0,0
1991-05-17,8.25,8.5,8.25,8.25,2.34233,6900,0,0
1991-05-20,8.5,8.5,8.125,8.125,2.30684,43100,0,0
1991-05-21,8.125,8.5,8.125,8.375,2.37782,21500,0,0
1991-05-22,8.375,8.5,8.25,8.5,2.41331,57500,0,0
1991-05-23,8.5,8.625,8.25,8.375,2.37782,117700,0,0
1991-05-24,8.25,8.5,8.25,8.5,2.41331,16300,0,0
1991-05-28,8.25,8.5,8.25,8.25,2.34233,1800,0,0
1991-05-29,8.5,8.625,8.25,8.375,2.37782,31700,0,0
1991-05-30,8.5,8.625,8.25,8.25,2.34233,28700,0,0
1991-05-31,8.25,8.5,8.25,8.375,2.37782,25000,0,0
1991-06-03,8.25,8.375,8.25,8.375,2.37782,6500,0,0
1991-06-04,8.375,8.5,8.25,8.5,2.41331,15100,0,0
1991-06-05,8.5,8.75,8.375,8.75,2.48429,68500,0,0
1991-06-06,8.5,9.125,8.5,9,2.55527,80400,0,0
1991-06-07,9,9,8.625,8.625,2.4488,14300,0,0
1991-06-10,8.5,8.875,8.5,8.5,2.41331,3200,0,0
1991-06-11,8.5,8.875,8.5,8.75,2.48429,13300,0,0
1991-06-12,8.875,8.875,8.5,8.875,2.51978,36800,0,0
1991-06-13,8.875,9,8.625,9,2.55527,17900,0,0
1991-06-14,9,9,8.625,8.625,2.4488,13900,0,0
1991-06-17,9,9,8.75,8.875,2.51978,38000,0,0
1991-06-18,8.75,9.125,8.75,9.125,2.59076,19100,0,0
1991-06-19,8.75,9.125,8.75,8.875,2.51978,4500,0,0
1991-06-20,8.625,8.875,8.625,8.625,2.4488,2100,0,0
1991-06-21,8.875,8.875,8.625,8.875,2.51978,43400,0,0
1991-06-24,8.875,9,8.625,8.75,2.48429,16100,0,0
1991-06-25,8.625,8.875,8.625,8.625,2.46429,41000,0.055,0
1991-06-26,8.75,8.75,8.625,8.625,2.46429,4800,0,0
1991-06-27,8.875,8.875,8.625,8.75,2.5,25600,0,0
1991-06-28,8.75,8.875,8.75,8.875,2.53572,25000,0,0
1991-07-01,8.875,8.875,8.75,8.75,2.5,6700,0,0
1991-07-02,8.625,8.625,8.625,8.625,2.46429,1700,0,0
1991-07-03,8.625,8.875,8.625,8.625,2.46429,19500,0,0
1991-07-05,8.625,8.875,8.5,8.5,2.42858,3300,0,0
1991-07-08,8.75,8.75,8.5,8.5,2.42858,5000,0,0
1991-07-09,8.5,8.75,8.5,8.75,2.5,2500,0,0
1991-07-10,8.75,8.75,8.5,8.5,2.42858,12500,0,0
1991-07-11,8.625,8.625,8.5,8.5,2.42858,7000,0,0
1991-07-12,8.625,8.75,8.5,8.5,2.42858,7200,0,0
1991-07-15,8.5,8.75,8.5,8.5,2.42858,5800,0,0
1991-07-16,8.5,8.625,8.5,8.5,2.42858,13000,0,0
1991-07-17,8.75,8.75,8.5,8.5,2.42858,24700,0,0
1991-07-18,8.625,8.625,8.25,8.5,2.42858,12900,0,0
1991-07-19,8.5,8.5,8.25,8.5,2.42858,2000,0,0
1991-07-22,8.5,8.5,8.25,8.5,2.42858,7400,0,0
1991-07-23,8.25,8.5,8.25,8.5,2.42858,1900,0,0
1991-07-24,8.25,8.375,8.25,8.375,2.39286,10600,0,0
1991-07-25,8.25,8.5,8.25,8.25,2.35715,4200,0,0
1991-07-26,8.25,8.5,8.125,8.25,2.35715,15100,0,0
1991-07-29,8.25,8.25,8,8,2.28572,3800,0,0
1991-07-30,8.125,8.375,7.75,8,2.28572,37900,0,0
1991-07-31,8,8,7.75,7.75,2.21429,12100,0,0
1991-08-01,7.75,8,7.75,7.75,2.21429,55400,0,0
1991-08-02,7.75,8,7.75,8,2.28572,6900,0,0
1991-08-05,8.125,8.125,7.75,8.125,2.32143,3000,0,0
1991-08-06,7.75,8.125,7.75,8.125,2.32143,12300,0,0
1991-08-07,8.125,8.125,7.875,8.125,2.32143,5900,0,0
1991-08-08,7.875,8.125,7.875,7.875,2.25,2700,0,0
1991-08-09,7.875,8,7.875,8,2.28572,9100,0,0
1991-08-12,7.75,8.125,7.75,7.75,2.21429,2300,0,0
1991-08-13,7.75,8,7.625,7.875,2.25,14300,0,0
1991-08-14,7.5,7.875,7.5,7.5,2.14286,6500,0,0
1991-08-15,7.875,7.875,7.5,7.5,2.14286,9600,0,0
1991-08-16,7.5,7.75,7.5,7.5,2.14286,4700,0,0
1991-08-19,7.625,7.625,7.125,7.5,2.14286,9400,0,0
1991-08-20,7.25,7.75,7.25,7.75,2.21429,20500,0,0
1991-08-21,7.5,7.75,7.5,7.5,2.14286,5800,0,0
1991-08-22,7.5,7.5,7.5,7.5,2.14286,1500,0,0
1991-08-23,7.5,7.875,7.5,7.5,2.14286,10800,0,0
1991-08-26,7.75,7.875,7.5,7.625,2.17857,21000,0,0
1991-08-27,7.625,7.875,7.625,7.625,2.17857,27600,0,0
1991-08-28,7.875,7.875,7.625,7.625,2.17857,8300,0,0
1991-08-29,7.75,7.75,7.75,7.75,2.21429,3400,0,0
1991-08-30,7.75,8,7.75,7.875,2.25,12500,0,0
1991-09-03,8,8,7.625,7.625,2.17857,4900,0,0
1991-09-04,7.625,7.875,7.625,7.625,2.17857,12100,0,0
1991-09-05,7.625,7.875,7.625,7.625,2.17857,4400,0,0
1991-09-06,7.625,7.875,7.5,7.5,2.14286,39400,0,0
1991-09-09,7.5,7.75,7.5,7.5,2.14286,13300,0,0
1991-09-10,7.5,7.5,7.25,7.25,2.07143,12600,0,0
1991-09-11,7.5,7.5,7.25,7.25,2.07143,1900,0,0
1991-09-12,7.5,7.5,7.25,7.25,2.07143,24200,0,0
1991-09-13,7.125,7.375,7.125,7.125,2.03572,15900,0,0
1991-09-16,7.125,7.375,7.125,7.125,2.03572,8900,0,0
1991-09-17,7.375,7.375,6.875,7,2,24000,0,0
1991-09-18,6.875,7,6.875,7,2,9900,0,0
1991-09-19,7.125,7.125,7,7,2,6800,0,0
1991-09-20,7.125,7.375,7,7,2,35300,0,0
1991-09-23,7.25,7.25,7,7,2,11500,0,0
1991-09-24,7,7,6.875,6.875,1.97985,36800,0.055,0
1991-09-25,7,7,6.875,6.875,1.97985,17600,0,0
1991-09-26,6.875,7,6.875,6.875,1.97985,12600,0,0
1991-09-27,7.125,7.125,6.875,7,2.01584,2400,0,0
1991-09-30,7,7,6.875,7,2.01584,21100,0,0
1991-10-01,6.875,7.125,6.875,6.875,1.97985,55400,0,0
1991-10-02,7.125,7.125,6.875,7,2.01584,16000,0,0
1991-10-03,6.875,7.125,6.875,6.875,1.97985,12500,0,0
1991-10-04,7,7,6.875,7,2.01584,6800,0,0
1991-10-07,6.875,7.125,6.875,7,2.01584,12300,0,0
1991-10-08,7,7.125,7,7,2.01584,13800,0,0
1991-10-09,7.125,7.125,6.875,7,2.01584,33400,0,0
1991-10-10,7.125,7.125,6.875,7,2.01584,7200,0,0
1991-10-11,7,7.125,6.875,7,2.01584,59000,0,0
1991-10-14,6.875,7.125,6.875,7.125,2.05184,29200,0,0
1991-10-15,6.875,7.125,6.875,7.125,2.05184,16500,0,0
1991-10-16,7.125,7.125,7,7.125,2.05184,11500,0,0
1991-10-17,7.125,7.125,7,7,2.01584,24000,0,0
1991-10-18,7,7.125,7,7,2.01584,3000,0,0
1991-10-21,7,7,7,7,2.01584,1700,0,0
1991-10-22,7,7.125,7,7,2.01584,7400,0,0
1991-10-23,7,7.25,7,7.25,2.08784,24200,0,0
1991-10-24,7,7.125,7,7,2.01584,4600,0,0
1991-10-25,7.125,7.125,7,7,2.01584,10800,0,0
1991-10-28,7,7,7,7,2.01584,22500,0,0
1991-10-29,7,7,7,7,2.01584,25300,0,0
1991-10-30,7,7,7,7,2.01584,5100,0,0
1991-10-31,7,7.125,7,7,2.01584,19700,0,0
1991-11-01,7,7.125,7,7,2.01584,7500,0,0
1991-11-04,7,7.125,7,7,2.01584,5600,0,0
1991-11-05,7,7.125,7,7.125,2.05184,20600,0,0
1991-11-06,7,7.125,7,7,2.01584,6000,0,0
1991-11-07,7,7.125,7,7,2.01584,23800,0,0
1991-11-08,7.125,7.125,7,7,2.01584,16400,0,0
1991-11-11,7,7.25,7,7,2.01584,58900,0,0
1991-11-12,7,7.25,7,7.125,2.05184,38600,0,0
1991-11-13,7,7.125,7,7.125,2.05184,60500,0,0
1991-11-14,7,7,7,7,2.01584,3700,0,0
1991-11-15,7,7.25,7,7,2.01584,29600,0,0
1991-11-18,7,7.125,6.875,6.875,1.97985,19200,0,0
1991-11-19,7,7.125,6.875,6.875,1.97985,16400,0,0
1991-11-20,7.125,7.125,6.875,6.875,1.97985,11600,0,0
1991-11-21,7,7.125,7,7,2.01584,14500,0,0
1991-11-22,7,7,7,7,2.01584,5900,0,0
1991-11-25,7.125,7.125,6.875,7,2.01584,18700,0,0
1991-11-26,6.875,7.125,6.75,7,2.01584,34600,0,0
1991-11-27,7,7,6.75,6.875,1.97985,43100,0,0
1991-11-29,6.875,6.875,6.625,6.625,1.90785,18200,0,0
1991-12-02,6.5,6.75,6.375,6.5,1.87185,29100,0,0
1991-12-03,6.375,6.75,6.375,6.375,1.83586,12900,0,0
1991-12-04,6.5,6.75,6.5,6.75,1.94385,29700,0,0
1991-12-05,6.625,6.75,6.5,6.5,1.87185,12400,0,0
1991-12-06,6.5,6.75,6.5,6.5,1.87185,14400,0,0
1991-12-09,6.5,6.5,6.5,6.5,1.87185,1400,0,0
1991-12-10,6.375,6.625,6.25,6.5,1.87185,10700,0,0
1991-12-11,6.25,6.5,6.125,6.125,1.76386,23800,0,0
1991-12-12,6.125,6.5,6.125,6.25,1.79986,36100,0,0
1991-12-13,6.25,6.5,6.25,6.25,1.79986,23700,0,0
1991-12-16,6.5,6.5,6.125,6.25,1.81584,4100,0.055,0
1991-12-17,6.375,6.375,5.875,6.125,1.77952,63200,0,0
1991-12-18,6.125,6.125,5.875,6.125,1.77952,12000,0,0
1991-12-19,5.875,6.125,5.875,6.125,1.77952,22400,0,0
1991-12-20,5.875,6.125,5.875,6,1.74321,14400,0,0
1991-12-23,6.125,6.25,6,6,1.74321,24300,0,0
1991-12-24,5.875,6.25,5.75,5.875,1.70689,147900,0,0
1991-12-26,6.25,6.25,6,6,1.74321,51100,0,0
1991-12-27,6.125,6.125,5.75,5.875,1.70689,42400,0,0
1991-12-30,6,6.125,5.75,6.125,1.77952,101600,0,0
1991-12-31,6,6.125,5.75,6.125,1.77952,79900,0,0
1992-01-02,6.125,6.125,5.875,6.125,1.77952,7100,0,0
1992-01-03,6.125,6.875,6,6.875,1.99742,69100,0,0
1992-01-06,7.125,7.125,6.75,6.875,1.99742,38200,0,0
1992-01-07,6.875,7,6.625,7,2.03374,36200,0,0
1992-01-08,7,7.125,6.75,7,2.03374,46900,0,0
1992-01-09,7.125,7.125,6.75,6.75,1.96111,41900,0,0
1992-01-10,6.75,7,6.625,6.625,1.92479,13400,0,0
1992-01-13,6.875,6.875,6.625,6.875,1.99742,13400,0,0
1992-01-14,6.875,6.875,6.5,6.625,1.92479,40000,0,0
1992-01-15,6.5,6.875,6.5,6.875,1.99742,50900,0,0
1992-01-16,6.875,6.875,6.625,6.75,1.96111,9100,0,0
1992-01-17,6.75,6.875,6.625,6.875,1.99742,30300,0,0
1992-01-20,6.875,6.875,6.625,6.875,1.99742,27600,0,0
1992-01-21,6.875,6.875,6.75,6.75,1.96111,42500,0,0
1992-01-22,6.875,7.125,6.75,6.875,1.99742,86100,0,0
1992-01-23,7,7.375,7,7.25,2.10637,86900,0,0
1992-01-24,7.375,7.75,7,7.75,2.25164,53100,0,0
1992-01-27,7.75,8,7.5,8,2.32428,45200,0,0
1992-01-28,8.125,8.625,7.875,8.125,2.36059,61500,0,0
1992-01-29,8.25,8.25,7.75,7.875,2.28796,56200,0,0
1992-01-30,7.875,8.125,7.875,8.125,2.36059,14200,0,0
1992-01-31,8.125,8.375,8,8.125,2.36059,24800,0,0
1992-02-03,8.375,8.375,8,8,2.32428,8700,0,0
1992-02-04,8.125,8.375,8,8.375,2.43322,24500,0,0
1992-02-05,8.25,8.5,8.25,8.25,2.39691,37800,0,0
1992-02-06,8.5,8.625,8.25,8.25,2.39691,11200,0,0
1992-02-07,8.25,8.625,8.125,8.375,2.43322,14200,0,0
1992-02-10,8.125,8.25,7.25,7.75,2.25164,53300,0,0
1992-02-11,7.75,7.875,7.625,7.625,2.21532,19800,0,0
1992-02-12,7.625,7.75,7.375,7.375,2.14269,27800,0,0
1992-02-13,7.375,7.5,7,7.125,2.07006,41400,0,0
1992-02-14,6.875,7.125,6.75,7,2.03374,5700,0,0
1992-02-18,6.75,7.125,6.75,7.125,2.07006,29700,0,0
1992-02-19,7,7,6.875,7,2.03374,13700,0,0
1992-02-20,7,7.125,7,7,2.03374,39800,0,0
1992-02-21,7.125,7.125,6.75,7,2.03374,12200,0,0
1992-02-24,7,7,6.75,6.75,1.96111,4000,0,0
1992-02-25,7,7.125,6.75,6.75,1.96111,23700,0,0
1992-02-26,7,7,6.625,7,2.03374,18000,0,0
1992-02-27,7,7,6.75,7,2.03374,7200,0,0
1992-02-28,6.75,7,6.75,7,2.03374,17100,0,0
1992-03-02,7,7,6.75,7,2.03374,4200,0,0
1992-03-03,6.75,7,6.625,7,2.03374,5900,0,0
1992-03-04,6.625,7,6.625,6.625,1.92479,5000,0,0
1992-03-05,7,7,6.625,7,2.03374,9900,0,0
1992-03-06,6.875,7,6.625,6.75,1.96111,8900,0,0
1992-03-09,7,7,6.625,6.75,1.96111,4900,0,0
1992-03-10,7,7.125,6.75,7,2.03374,28400,0,0
1992-03-11,6.875,7.125,6.875,6.875,1.99742,19700,0,0
1992-03-12,7,7,6.75,6.875,1.99742,7200,0,0
1992-03-13,7,7,6.75,6.75,1.96111,5900,0,0
1992-03-16,7,7,6.75,6.75,1.96111,4300,0,0
1992-03-17,7,7.125,7,7,2.03374,17800,0,0
1992-03-18,7.125,7.125,6.875,6.875,1.99742,10200,0,0
1992-03-19,6.875,7.125,6.875,6.875,1.99742,9600,0,0
1992-03-20,7.125,7.125,6.75,7.125,2.07006,5200,0,0
1992-03-23,6.75,6.75,6.75,6.75,1.96111,2400,0,0
1992-03-24,6.75,7.125,6.75,6.75,1.97722,8700,0.055,0
1992-03-25,7,7,6.75,7,2.05045,11600,0,0
1992-03-26,7,7,6.75,6.875,2.01383,12100,0,0
1992-03-27,7,7,6.75,6.875,2.01383,13500,0,0
1992-03-30,6.625,7,6.625,7,2.05045,4400,0,0
1992-03-31,6.75,7,6.75,6.75,1.97722,18900,0,0
1992-04-01,6.75,7,6.75,6.75,1.97722,5600,0,0
1992-04-02,7,7,6.75,6.75,1.97722,8800,0,0
1992-04-03,6.75,6.875,6.75,6.75,1.97722,8900,0,0
1992-04-06,6.75,7,6.75,6.75,1.97722,2400,0,0
1992-04-07,7,7,6.75,6.75,1.97722,10800,0,0
1992-04-08,6.875,6.875,6.5,6.5,1.90399,15400,0,0
1992-04-09,6.5,6.875,6.5,6.5,1.90399,3900,0,0
1992-04-10,6.5,6.5,6.5,6.5,1.90399,200,0,0
1992-04-13,6.5,6.875,6.5,6.75,1.97722,4000,0,0
1992-04-14,6.5,6.5,6.5,6.5,1.90399,900,0,0
1992-04-15,6.5,6.75,6.5,6.75,1.97722,3600,0,0
1992-04-16,6.75,6.75,6.5,6.75,1.97722,9100,0,0
1992-04-20,6.75,6.75,6.5,6.75,1.97722,7800,0,0
1992-04-21,6.5,6.75,6.5,6.5,1.90399,6600,0,0
1992-04-22,6.5,6.75,6.5,6.75,1.97722,14300,0,0
1992-04-23,6.5,6.75,6.5,6.5,1.90399,15000,0,0
1992-04-24,6.75,6.75,6.5,6.75,1.97722,5600,0,0
1992-04-27,6.75,6.75,6.375,6.5,1.90399,24000,0,0
1992-04-28,6.75,6.75,6.375,6.5,1.90399,14500,0,0
1992-04-29,6.5,6.625,6.25,6.5,1.90399,36800,0,0
1992-04-30,6.5,6.5,6,6.125,1.79414,72300,0,0
1992-05-01,6.375,6.375,6.25,6.375,1.86737,5800,0,0
1992-05-04,6.375,6.375,6,6.125,1.79414,13900,0,0
1992-05-05,6.125,6.375,6.125,6.375,1.86737,1600,0,0
1992-05-06,6.125,6.375,6.125,6.125,1.79414,3400,0,0
1992-05-07,6.375,6.375,6.125,6.25,1.83075,3300,0,0
1992-05-08,6.25,6.5,6.25,6.5,1.90399,8600,0,0
1992-05-11,6.25,6.25,5.875,6.25,1.83075,8300,0,0
1992-05-12,5.875,6.25,5.875,5.875,1.72091,2400,0,0
1992-05-13,6.25,6.25,5.875,6,1.75753,64000,0,0
1992-05-14,6.125,6.125,5.875,5.875,1.72091,9900,0,0
1992-05-15,5.875,6.125,5.875,6,1.75753,48800,0,0
1992-05-18,6.125,6.125,6,6.125,1.79414,4400,0,0
1992-05-19,6,6.125,6,6,1.75753,6100,0,0
1992-05-20,6,6.125,6,6,1.75753,29200,0,0
1992-05-21,6,6.125,6,6.125,1.79414,10000,0,0
1992-05-22,6.125,6.125,6,6,1.75753,5000,0,0
1992-05-26,6,6.125,6,6,1.75753,4100,0,0
1992-05-27,6,6.125,6,6.125,1.79414,3600,0,0
1992-05-28,6,6.125,6,6.125,1.79414,6400,0,0
1992-05-29,6,6.125,6,6.125,1.79414,4100,0,0
1992-06-01,6.125,6.125,6,6.125,1.79414,9800,0,0
1992-06-02,6,6.125,6,6,1.75753,2600,0,0
1992-06-03,6,6.125,5.875,5.875,1.72091,56300,0,0
1992-06-04,5.875,6.125,5.875,5.875,1.72091,700,0,0
1992-06-05,5.875,6.125,5.875,6.125,1.79414,6000,0,0
1992-06-08,5.875,5.875,5.875,5.875,1.72091,600,0,0
1992-06-09,6.125,6.125,5.875,6.125,1.79414,7300,0,0
1992-06-10,5.875,6,5.875,6,1.75753,8600,0,0
1992-06-11,6,6,5.875,5.875,1.72091,11600,0,0
1992-06-12,6,6,5.875,6,1.75753,37300,0,0
1992-06-15,6,6,5.875,6,1.75753,1800,0,0
1992-06-16,5.875,6,5.875,6,1.75753,72800,0,0
1992-06-17,5.875,6.125,5.875,6.125,1.79414,9700,0,0
1992-06-18,5.875,6.125,5.875,5.875,1.72091,11600,0,0
1992-06-19,6.125,6.125,5.875,6.125,1.79414,5100,0,0
1992-06-22,6,6.125,5.875,6.125,1.79414,4400,0,0
1992-06-23,6,6,5.875,5.875,1.7365,8100,0.055,0
1992-06-24,5.875,6,5.875,6,1.77345,4200,0,0
1992-06-25,6,6,5.875,5.875,1.7365,3700,0,0
1992-06-26,5.875,6,5.875,5.875,1.7365,5000,0,0
1992-06-29,5.875,6,5.875,6,1.77345,18700,0,0
1992-06-30,5.875,5.875,5.875,5.875,1.7365,33800,0,0
1992-07-01,6,6,5.875,5.875,1.7365,17400,0,0
1992-07-02,5.875,6,5.875,5.875,1.7365,3800,0,0
1992-07-06,6,6,5.875,6,1.77345,10700,0,0
1992-07-07,6.125,6.125,5.875,5.875,1.7365,19100,0,0
1992-07-08,5.875,6,5.875,5.875,1.7365,7900,0,0
1992-07-09,5.875,6.125,5.875,6.125,1.8104,10100,0,0
1992-07-10,5.875,6.125,5.875,5.875,1.7365,5100,0,0
1992-07-13,5.875,6.125,5.875,5.875,1.7365,3400,0,0
1992-07-14,5.875,6.125,5.875,5.875,1.7365,4000,0,0
1992-07-15,6.125,6.125,5.875,5.875,1.7365,2500,0,0
1992-07-16,5.875,6.125,5.875,5.875,1.7365,51700,0,0
1992-07-17,6,6.125,5.875,6,1.77345,9200,0,0
1992-07-20,5.875,6,5.875,5.875,1.7365,7800,0,0
1992-07-21,5.875,6.125,5.875,6.125,1.8104,4800,0,0
1992-07-22,5.875,6,5.875,5.875,1.7365,5900,0,0
1992-07-23,5.875,6.125,5.875,6.125,1.8104,1700,0,0
1992-07-24,5.875,6,5.875,5.875,1.7365,9900,0,0
1992-07-27,6.125,6.125,6.125,6.125,1.8104,700,0,0
1992-07-28,5.875,6.125,5.875,6.125,1.8104,700,0,0
1992-07-29,6.125,6.125,5.875,5.875,1.7365,1100,0,0
1992-07-30,5.875,6,5.875,6,1.77345,900,0,0
1992-07-31,5.875,6.125,5.875,5.875,1.7365,3600,0,0
1992-08-03,5.875,6.125,5.875,6.125,1.8104,1200,0,0
1992-08-04,5.875,5.875,5.875,5.875,1.7365,2700,0,0
1992-08-05,5.875,6,5.875,6,1.77345,7900,0,0
1992-08-06,5.875,6,5.875,6,1.77345,8200,0,0
1992-08-07,5.875,6,5.875,6,1.77345,18100,0,0
1992-08-10,5.875,6.125,5.875,5.875,1.7365,4400,0,0
1992-08-11,5.875,6.125,5.875,6.125,1.8104,33700,0,0
1992-08-12,6,6,5.875,5.875,1.7365,1100,0,0
1992-08-13,5.875,6.125,5.875,5.875,1.7365,7200,0,0
1992-08-14,5.875,6.125,5.875,6.125,1.8104,48000,0,0
1992-08-17,5.875,6.125,5.875,5.875,1.7365,9500,0,0
1992-08-18,6.125,6.125,5.625,5.625,1.66261,11000,0,0
1992-08-19,5.875,5.875,5.75,5.75,1.69956,31200,0,0
1992-08-20,5.75,5.75,5.625,5.625,1.66261,3800,0,0
1992-08-21,5.75,5.75,5.625,5.625,1.66261,3800,0,0
1992-08-24,5.625,5.625,5.625,5.625,1.66261,1800,0,0
1992-08-25,5.625,5.75,5.625,5.625,1.66261,2000,0,0
1992-08-26,5.75,5.75,5.625,5.625,1.66261,1800,0,0
1992-08-27,5.625,6,5.625,5.75,1.69956,10200,0,0
1992-08-28,5.625,5.75,5.625,5.625,1.66261,11600,0,0
1992-08-31,5.75,5.75,5.625,5.75,1.69956,22600,0,0
1992-09-01,5.75,5.75,5.625,5.625,1.66261,4700,0,0
1992-09-02,5.625,5.75,5.625,5.75,1.69956,4700,0,0
1992-09-03,5.625,5.75,5.625,5.625,1.66261,7200,0,0
1992-09-04,5.625,5.875,5.625,5.875,1.7365,10100,0,0
1992-09-08,5.625,5.75,5.625,5.625,1.66261,3000,0,0
1992-09-09,5.625,5.875,5.625,5.625,1.66261,5900,0,0
1992-09-10,5.625,6.125,5.625,6,1.77345,27700,0,0
1992-09-11,6,6.25,5.875,6.25,1.84734,3500,0,0
1992-09-14,6,6.25,6,6.25,1.84734,27900,0,0
1992-09-15,6.25,6.25,6,6,1.77345,7000,0,0
1992-09-16,6,6.25,6,6,1.77345,14200,0,0
1992-09-17,6,6.25,6,6.25,1.84734,2700,0,0
1992-09-18,6.25,6.25,6,6.125,1.8104,7300,0,0
1992-09-21,6.25,6.25,6,6.25,1.84734,2000,0,0
1992-09-22,6.25,6.375,6,6.125,1.8104,25900,0,0
1992-09-23,6.25,6.375,6.125,6.25,1.84734,10000,0,0
1992-09-24,6.125,6.25,6.125,6.125,1.8104,6000,0,0
1992-09-25,6.125,6.125,6.125,6.125,1.8104,1500,0,0
1992-09-28,6.125,6.125,6.125,6.125,1.8104,600,0,0
1992-09-29,6.375,6.375,6.375,6.375,1.88429,100,0,0
1992-09-30,6.125,6.375,6.125,6.375,1.88429,17100,0,0
1992-10-01,6.375,6.375,6.125,6.25,1.84734,13300,0,0
1992-10-02,6.125,6.375,6.125,6.125,1.8104,13900,0,0
1992-10-05,6,6.125,5.875,6.125,1.8104,10700,0,0
1992-10-06,5.875,6,5.875,5.875,1.7365,3400,0,0
1992-10-07,5.875,6.125,5.875,5.875,1.7365,2400,0,0
1992-10-08,6.125,6.125,5.875,5.875,1.7365,6100,0,0
1992-10-09,6,6.125,5.75,5.75,1.69956,9400,0,0
1992-10-12,5.625,5.625,5.625,5.625,1.66261,400,0,0
1992-10-13,5.625,5.875,5.625,5.625,1.66261,500,0,0
1992-10-14,5.875,5.875,5.625,5.875,1.7365,6000,0,0
1992-10-15,5.625,5.875,5.625,5.625,1.66261,4700,0,0
1992-10-16,5.625,5.875,5.625,5.875,1.7365,12200,0,0
1992-10-19,5.5,5.875,5.5,5.875,1.7365,1500,0,0
1992-10-20,5.5,5.75,5.25,5.375,1.58872,28000,0,0
1992-10-21,5.5,5.625,5.375,5.5,1.62566,8400,0,0
1992-10-22,5.375,5.625,5.375,5.625,1.66261,7700,0,0
1992-10-23,5.5,5.625,5.5,5.625,1.66261,12300,0,0
1992-10-26,5.625,5.625,5.5,5.5,1.62566,300,0,0
1992-10-27,5.5,5.625,5.5,5.625,1.66261,900,0,0
1992-10-28,5.625,5.625,5.5,5.5,1.62566,1200,0,0
1992-10-29,5.625,5.625,5.5,5.5,1.62566,6000,0,0
1992-10-30,5.75,5.75,5.625,5.75,1.69956,10300,0,0
1992-11-02,5.625,5.875,5.625,5.625,1.66261,14900,0,0
1992-11-03,5.75,5.75,5.625,5.625,1.66261,5700,0,0
1992-11-04,5.625,5.625,5.625,5.625,1.66261,0,0,0
1992-11-05,5.5,5.5,5.5,5.5,1.62566,5400,0,0
1992-11-06,5.75,5.875,5.625,5.75,1.69956,30600,0,0
1992-11-09,6,6,5.625,6,1.77345,23000,0,0
1992-11-10,5.875,6,5.875,5.875,1.7365,6700,0,0
1992-11-11,5.875,6.125,5.875,6.125,1.8104,2400,0,0
1992-11-12,6.125,6.125,5.75,5.75,1.69956,56100,0,0
1992-11-13,6,6,5.75,6,1.77345,5300,0,0
1992-11-16,6,6,5.75,5.875,1.7365,9600,0,0
1992-11-17,6,6,5.75,5.75,1.69956,10500,0,0
1992-11-18,5.75,6,5.75,5.75,1.69956,3300,0,0
1992-11-19,5.75,6,5.75,5.75,1.69956,17000,0,0
1992-11-20,5.75,6,5.75,6,1.77345,18400,0,0
1992-11-23,5.75,6,5.75,5.75,1.69956,24900,0,0
1992-11-24,5.875,5.875,5.75,5.875,1.7365,12300,0,0
1992-11-25,6,6,5.75,6,1.77345,19000,0,0
1992-11-27,5.75,6,5.75,6,1.77345,6000,0,0
1992-11-30,5.75,6,5.75,6,1.77345,28800,0,0
1992-12-01,6,6,5.75,5.875,1.7365,10400,0,0
1992-12-02,6,6,5.75,5.875,1.7365,51800,0,0
1992-12-03,5.875,6,5.875,6,1.77345,82200,0,0
1992-12-04,5.875,6,5.875,6,1.77345,24200,0,0
1992-12-07,5.875,6,5.875,5.875,1.7365,14100,0,0
1992-12-08,6,6,5.75,5.875,1.7365,10600,0,0
1992-12-09,6,6,5.75,5.75,1.69956,11800,0,0
1992-12-10,5.75,6,5.75,5.75,1.69956,19800,0,0
1992-12-11,5.75,5.75,5.625,5.75,1.69956,12400,0,0
1992-12-14,5.625,5.625,5.625,5.625,1.67867,1900,0.055,0
1992-12-15,5.875,5.875,5.625,5.625,1.67867,57600,0,0
1992-12-16,5.625,5.875,5.625,5.75,1.71597,14900,0,0
1992-12-17,5.625,5.875,5.625,5.625,1.67867,42600,0,0
1992-12-18,5.75,5.875,5.625,5.875,1.75327,68800,0,0
1992-12-21,5.75,6,5.75,5.75,1.71597,41500,0,0
1992-12-22,5.875,6,5.75,6,1.79058,50200,0,0
1992-12-23,5.75,6,5.75,6,1.79058,37700,0,0
1992-12-24,5.75,6,5.75,5.75,1.71597,4800,0,0
1992-12-28,5.75,6,5.75,5.875,1.75327,18500,0,0
1992-12-29,6,6.375,5.75,6.25,1.86518,109800,0,0
1992-12-30,6.25,6.375,6.25,6.375,1.90249,12800,0,0
1992-12-31,6.25,6.75,6.25,6.75,2.0144,64300,0,0
1993-01-04,6.625,6.875,6.625,6.625,1.9771,11200,0,0
1993-01-05,6.875,6.875,6.625,6.625,1.9771,10900,0,0
1993-01-06,6.875,6.875,6.375,6.5,1.93979,15200,0,0
1993-01-07,6.375,6.5,6,6,1.79058,19000,0,0
1993-01-08,6,6.25,6,6.125,1.82788,1800,0,0
1993-01-11,6,6.25,6,6.25,1.86518,24000,0,0
1993-01-12,6.125,6.375,6,6.375,1.90249,21300,0,0
1993-01-13,6.125,6.25,6.125,6.125,1.82788,10500,0,0
1993-01-14,6.25,6.25,6.125,6.25,1.86518,23000,0,0
1993-01-15,6.375,6.375,6.125,6.125,1.82788,16200,0,0
1993-01-18,6.375,6.375,6.125,6.375,1.90249,20400,0,0
1993-01-19,6.25,6.5,6.25,6.5,1.93979,102900,0,0
1993-01-20,6.375,6.5,6.375,6.5,1.93979,40400,0,0
1993-01-21,6.5,6.5,6.375,6.375,1.90249,14600,0,0
1993-01-22,6.5,6.5,6.375,6.5,1.93979,28600,0,0
1993-01-25,6.5,6.5,6.375,6.5,1.93979,8600,0,0
1993-01-26,6.5,6.5,6.375,6.375,1.90249,23600,0,0
1993-01-27,6.5,6.5,6.25,6.375,1.90249,18600,0,0
1993-01-28,6.5,6.5,6.25,6.5,1.93979,13800,0,0
1993-01-29,6.5,6.5,6.375,6.375,1.90249,12800,0,0
1993-02-01,6.375,6.5,6.375,6.5,1.93979,3700,0,0
1993-02-02,6.5,6.5,6.375,6.5,1.93979,34600,0,0
1993-02-03,6.375,6.875,6.375,6.875,2.0517,54900,0,0
1993-02-04,6.625,6.875,6.625,6.75,2.0144,10200,0,0
1993-02-05,6.75,7,6.75,7,2.08901,37700,0,0
1993-02-08,7,7.375,6.75,6.875,2.0517,61800,0,0
1993-02-09,6.875,7.125,6.75,6.875,2.0517,11200,0,0
1993-02-10,6.75,7,6.75,6.875,2.0517,6200,0,0
1993-02-11,6.75,7,6.75,6.75,2.0144,7500,0,0
1993-02-12,6.75,6.875,6.75,6.875,2.0517,8800,0,0
1993-02-16,6.75,6.875,6.625,6.625,1.9771,4200,0,0
1993-02-17,6.625,6.75,6.625,6.75,2.0144,19000,0,0
1993-02-18,6.625,6.625,6.5,6.625,1.9771,31700,0,0
1993-02-19,6.75,6.75,6.5,6.625,1.9771,11000,0,0
1993-02-22,6.75,6.75,6.5,6.5,1.93979,1400,0,0
1993-02-23,6.5,6.875,6.5,6.875,2.0517,9100,0,0
1993-02-24,6.5,6.75,6.5,6.625,1.9771,25100,0,0
1993-02-25,6.875,6.875,6.5,6.625,1.9771,9700,0,0
1993-02-26,6.5,6.5,6.5,6.5,1.93979,800,0,0
1993-03-01,6.5,6.625,6.5,6.625,1.9771,7000,0,0
1993-03-02,6.625,6.75,6.5,6.5,1.93979,29000,0,0
1993-03-03,6.625,6.75,6.5,6.75,2.0144,4700,0,0
1993-03-04,6.75,6.75,6.5,6.5,1.93979,500,0,0
1993-03-05,6.5,6.625,6.5,6.5,1.93979,12500,0,0
1993-03-08,6.5,6.5,5.875,6.125,1.82788,84100,0,0
1993-03-09,6.125,6.125,6,6,1.79058,7500,0,0
1993-03-10,6,6.25,6,6.125,1.82788,12400,0,0
1993-03-11,6.125,6.375,6,6.25,1.86518,28300,0,0
1993-03-12,6.25,6.5,6.25,6.25,1.86518,10700,0,0
1993-03-15,6.125,6.375,6.125,6.125,1.82788,11700,0,0
1993-03-16,6.25,6.375,6.25,6.375,1.90249,23100,0,0
1993-03-17,6.25,6.25,6.25,6.25,1.86518,8200,0,0
1993-03-18,6.375,6.375,6.25,6.375,1.90249,15500,0,0
1993-03-19,6.25,6.375,6.125,6.125,1.82788,15400,0,0
1993-03-22,6.125,6.125,6.125,6.125,1.82788,3100,0,0
1993-03-23,6.25,6.25,6.25,6.25,1.86518,700,0,0
1993-03-24,6.125,6.375,6.125,6.125,1.84411,1900,0.055,0
1993-03-25,6.125,6.125,6.125,6.125,1.84411,600,0,0
1993-03-26,6.125,6.125,6.125,6.125,1.84411,300,0,0
1993-03-29,6.125,6.125,6.125,6.125,1.84411,4300,0,0
1993-03-30,6.125,6.125,6.125,6.125,1.84411,3700,0,0
1993-03-31,6.125,6.25,6.125,6.25,1.88174,6900,0,0
1993-04-01,6.125,6.25,6,6.25,1.88174,8400,0,0
1993-04-02,6.25,6.25,5.875,5.875,1.76884,28900,0,0
1993-04-05,6,6,5.75,5.75,1.73121,3800,0,0
1993-04-06,6.125,6.25,6,6.125,1.84411,30800,0,0
1993-04-07,6,6.25,6,6.25,1.88174,9900,0,0
1993-04-08,6,6.125,5.875,5.875,1.76884,14700,0,0
1993-04-12,6.125,6.125,5.875,6,1.80648,43000,0,0
1993-04-13,5.875,6.25,5.875,6.125,1.84411,22000,0,0
1993-04-14,5.875,6.125,5.875,6.125,1.84411,4800,0,0
1993-04-15,6.125,6.125,5.875,5.875,1.76884,5700,0,0
1993-04-16,5.875,6.125,5.875,6.125,1.84411,15700,0,0
1993-04-19,5.875,6,5.875,5.875,1.76884,12100,0,0
1993-04-20,5.875,5.875,5.75,5.75,1.73121,4100,0,0
1993-04-21,5.75,6,5.75,5.75,1.73121,3700,0,0
1993-04-22,5.75,6,5.625,6,1.80648,13600,0,0
1993-04-23,5.875,5.875,5.75,5.875,1.76884,16800,0,0
1993-04-26,5.625,5.875,5.625,5.875,1.76884,6800,0,0
1993-04-27,5.625,5.75,5.625,5.625,1.69357,2200,0,0
1993-04-28,5.625,5.625,5.625,5.625,1.69357,1800,0,0
1993-04-29,5.625,5.75,5.625,5.75,1.73121,2400,0,0
1993-04-30,5.875,6,5.875,6,1.80648,500,0,0
1993-05-03,5.75,6,5.75,5.75,1.73121,10400,0,0
1993-05-04,6,6,5.75,6,1.80648,18900,0,0
1993-05-05,5.75,6,5.75,6,1.80648,5500,0,0
1993-05-06,6,6,5.75,5.75,1.73121,2300,0,0
1993-05-07,5.75,5.875,5.75,5.75,1.73121,3900,0,0
1993-05-10,5.75,6.625,5.75,6.625,1.99465,193600,0,0
1993-05-11,6.5,7,6.5,6.875,2.06992,113900,0,0
1993-05-12,6.875,6.875,6.625,6.875,2.06992,55000,0,0
1993-05-13,6.75,6.75,6.5,6.625,1.99465,15400,0,0
1993-05-14,6.5,6.625,6.5,6.625,1.99465,5500,0,0
1993-05-17,6.625,6.75,6.5,6.625,1.99465,40800,0,0
1993-05-18,6.75,6.75,6.625,6.625,1.99465,35400,0,0
1993-05-19,6.75,6.75,6.5,6.75,2.03228,26800,0,0
1993-05-20,6.75,6.75,6.375,6.375,1.91938,53900,0,0
1993-05-21,6.375,6.75,6.375,6.75,2.03228,62000,0,0
1993-05-24,6.875,6.875,6.625,6.875,2.06992,52800,0,0
1993-05-25,6.75,7.25,6.75,7,2.10755,101000,0,0
1993-05-26,7,7.25,6.875,7,2.10755,95800,0,0
1993-05-27,7.25,7.25,7,7.25,2.18282,53500,0,0
1993-05-28,7.25,7.25,7,7.25,2.18282,7600,0,0
1993-06-01,7,7.25,7,7,2.10755,19300,0,0
1993-06-02,7,7.25,7,7.125,2.14519,32700,0,0
1993-06-03,7,7.125,6.875,7.125,2.14519,36200,0,0
1993-06-04,7.125,7.25,6.875,7,2.10755,17500,0,0
1993-06-07,7,7.25,7,7.125,2.14519,39200,0,0
1993-06-08,7,7.25,7,7,2.10755,33700,0,0
1993-06-09,7,7.25,7,7.25,2.18282,36300,0,0
1993-06-10,7,7,7,7,2.10755,9100,0,0
1993-06-11,6.875,7.125,6.875,6.875,2.06992,12400,0,0
1993-06-14,6.875,7,6.5,6.75,2.03228,18800,0,0
1993-06-15,6.75,6.75,6.375,6.75,2.03228,5600,0,0
1993-06-16,6.75,6.875,6.5,6.625,1.99465,30800,0,0
1993-06-17,6.875,6.875,6.625,6.875,2.06992,9700,0,0
1993-06-18,6.875,7,6.625,6.875,2.06992,35000,0,0
1993-06-21,6.875,7.125,6.875,7,2.10755,5900,0,0
1993-06-22,6.875,7.125,6.875,6.875,2.06992,61400,0,0
1993-06-23,7,7.125,7,7.125,2.17108,18100,0.082,0
1993-06-24,7.125,7.125,7.125,7.125,2.17108,11200,0,0
1993-06-25,7.25,7.25,7.125,7.25,2.20917,30900,0,0
1993-06-28,7.125,7.375,7.125,7.375,2.24726,9000,0,0
1993-06-29,7.125,7.5,7.125,7.25,2.20917,18100,0,0
1993-06-30,7.25,7.375,7.125,7.125,2.17108,18300,0,0
1993-07-01,7.25,7.375,7.125,7.125,2.17108,3000,0,0
1993-07-02,7.125,7.375,7.125,7.375,2.24726,5800,0,0
1993-07-06,7.375,7.375,7,7.25,2.20917,8500,0,0
1993-07-07,7.125,7.125,6.875,6.875,2.0949,5000,0,0
1993-07-08,6.875,7.125,6.875,6.875,2.0949,8600,0,0
1993-07-09,7.125,7.125,6.875,7.125,2.17108,4400,0,0
1993-07-12,7.25,7.25,6.875,6.875,2.0949,1400,0,0
1993-07-13,6.875,7.125,6.875,7.125,2.17108,3800,0,0
1993-07-14,7.125,7.125,6.875,7,2.13299,16400,0,0
1993-07-15,6.875,7.25,6.875,7.125,2.17108,21600,0,0
1993-07-16,7,7.375,7,7.25,2.20917,17500,0,0
1993-07-19,7.375,7.625,7.125,7.5,2.28535,32700,0,0
1993-07-20,7.5,8,7.5,7.75,2.36153,33300,0,0
1993-07-21,7.75,7.875,7.5,7.75,2.36153,25200,0,0
1993-07-22,7.5,7.75,7.5,7.5,2.28535,4600,0,0
1993-07-23,7.5,7.75,7.5,7.5,2.28535,2100,0,0
1993-07-26,7.5,7.75,7.375,7.5,2.28535,18200,0,0
1993-07-27,7.375,7.5,7.25,7.25,2.20917,22500,0,0
1993-07-28,7.5,7.5,7.125,7.5,2.28535,4800,0,0
1993-07-29,7.25,7.5,7.25,7.5,2.28535,28300,0,0
1993-07-30,7.375,7.5,7.375,7.5,2.28535,10200,0,0
1993-08-02,7.625,7.625,7.25,7.5,2.28535,35100,0,0
1993-08-03,7.625,7.625,7.375,7.375,2.24726,2100,0,0
1993-08-04,7.375,7.5,7.375,7.375,2.24726,8800,0,0
1993-08-05,7.5,7.5,7.375,7.375,2.24726,14900,0,0
1993-08-06,7.375,7.5,7.375,7.375,2.24726,4000,0,0
1993-08-09,7.25,8,7.25,7.75,2.36153,66900,0,0
1993-08-10,8,8.25,7.625,7.875,2.39962,132000,0,0
1993-08-11,8.125,8.125,7.625,7.625,2.32344,23000,0,0
1993-08-12,8,8,7.625,7.75,2.36153,9100,0,0
1993-08-13,7.625,8,7.625,7.75,2.36153,6700,0,0
1993-08-16,8,8,7.75,8,2.43771,17900,0,0
1993-08-17,7.75,8.25,7.75,8.25,2.51389,41000,0,0
1993-08-18,8,8.375,8,8.25,2.51389,59600,0,0
1993-08-19,8.25,8.75,8.25,8.625,2.62815,92700,0,0
1993-08-20,8.5,8.875,8.5,8.75,2.66624,80200,0,0
1993-08-23,8.5,9,8.5,8.75,2.66624,51700,0,0
1993-08-24,9,9.25,8.75,9,2.74242,71900,0,0
1993-08-25,9,9.125,8.75,8.875,2.70433,34400,0,0
1993-08-26,8.875,9,8.625,8.875,2.70433,62600,0,0
1993-08-27,8.875,9,8.75,8.75,2.66624,29000,0,0
1993-08-30,8.5,8.75,8.5,8.625,2.62815,29900,0,0
1993-08-31,8.625,8.75,8.5,8.75,2.66624,16900,0,0
1993-09-01,8.75,8.75,8.625,8.625,2.62815,21100,0,0
1993-09-02,8.625,8.875,8.625,8.625,2.62815,6100,0,0
1993-09-03,8.625,8.875,8.625,8.625,2.62815,12800,0,0
1993-09-07,8.625,8.875,8.625,8.875,2.70433,50700,0,0
1993-09-08,8.625,9,8.625,9,2.74242,99100,0,0
1993-09-09,8.75,9,8.75,8.875,2.70433,26200,0,0
1993-09-10,8.75,9,8.75,8.75,2.66624,21700,0,0
1993-09-13,9,9,8.75,8.875,2.70433,17400,0,0
1993-09-14,8.875,8.875,8.5,8.5,2.59007,19600,0,0
1993-09-15,8.5,8.75,8.5,8.5,2.59007,3000,0,0
1993-09-16,8.5,8.75,8.5,8.75,2.66624,6300,0,0
1993-09-17,8.5,8.75,8.5,8.5,2.59007,8600,0,0
1993-09-20,8.5,8.875,8.5,8.625,2.62815,4800,0,0
1993-09-21,8.5,8.75,8.5,8.625,2.62815,2700,0,0
1993-09-22,8.75,8.875,8.5,8.875,2.73029,19600,0.082,0
1993-09-23,8.625,8.875,8.625,8.75,2.69184,14600,0,0
1993-09-24,8.875,8.875,8.625,8.625,2.65338,600,0,0
1993-09-27,8.625,8.75,8.625,8.75,2.69184,6100,0,0
1993-09-28,8.625,8.625,8.625,8.625,2.65338,1900,0,0
1993-09-29,8.875,8.875,8.625,8.625,2.65338,6700,0,0
1993-09-30,8.875,8.875,8.5,8.625,2.65338,15200,0,0
1993-10-01,8.625,8.75,8.5,8.5,2.61493,29400,0,0
1993-10-04,8.375,8.625,8.375,8.625,2.65338,7500,0,0
1993-10-05,8.375,8.5,8.375,8.375,2.57647,2900,0,0
1993-10-06,8.375,8.625,8.375,8.375,2.57647,5900,0,0
1993-10-07,8.375,8.75,8.375,8.375,2.57647,2200,0,0
1993-10-08,8.375,8.625,8.375,8.625,2.65338,39800,0,0
1993-10-11,8.625,8.75,8.625,8.625,2.65338,16200,0,0
1993-10-12,8.75,8.75,8.625,8.625,2.65338,5000,0,0
1993-10-13,8.625,8.75,8.625,8.625,2.65338,8900,0,0
1993-10-14,8.625,8.875,8.625,8.75,2.69184,33600,0,0
1993-10-15,8.75,8.875,8.75,8.875,2.73029,11000,0,0
1993-10-18,8.75,9,8.75,8.75,2.69184,12200,0,0
1993-10-19,9,9,8.75,9,2.76875,26000,0,0
1993-10-20,9,9,8.75,8.875,2.73029,17000,0,0
1993-10-21,8.75,9,8.75,9,2.76875,13100,0,0
1993-10-22,8.75,8.875,8.75,8.875,2.73029,3200,0,0
1993-10-25,8.75,8.75,8.75,8.75,2.69184,4200,0,0
1993-10-26,8.75,8.875,8.75,8.875,2.73029,5200,0,0
1993-10-27,9,9,8.75,9,2.76875,4400,0,0
1993-10-28,8.875,8.875,8.75,8.75,2.69184,3800,0,0
1993-10-29,8.875,9,8.75,8.75,2.69184,1900,0,0
1993-11-01,8.75,8.75,8.75,8.75,2.69184,1700,0,0
1993-11-02,8.75,9,8.75,8.875,2.73029,15400,0,0
1993-11-03,9,9,8.875,9,2.76875,23800,0,0
1993-11-04,9.125,9.125,8.875,9,2.76875,10200,0,0
1993-11-05,8.875,9,8.875,9,2.76875,22300,0,0
1993-11-08,9.125,9.125,8.875,8.875,2.73029,20500,0,0
1993-11-09,8.875,9.125,8.875,8.875,2.73029,28600,0,0
1993-11-10,8.875,8.875,8.875,8.875,2.73029,600,0,0
1993-11-11,8.875,9.25,8.875,9.25,2.84565,23800,0,0
1993-11-12,9,9.125,9,9,2.76875,7300,0,0
1993-11-15,9,9.25,9,9.25,2.84565,19300,0,0
1993-11-16,9,9.125,9,9,2.76875,6500,0,0
1993-11-17,9.25,9.25,9,9.125,2.8072,6000,0,0
1993-11-18,9,9.125,9,9,2.76875,4800,0,0
1993-11-19,9,9.25,9,9,2.76875,27200,0,0
1993-11-22,9,9.125,8.875,9,2.76875,65600,0,0
1993-11-23,9,9,8.875,9,2.76875,2700,0,0
1993-11-24,8.875,8.875,8.875,8.875,2.73029,4600,0,0
1993-11-26,9,9,8.875,8.875,2.73029,1000,0,0
1993-11-29,8.875,9,8.875,9,2.76875,7400,0,0
1993-11-30,8.875,9.125,8.875,9.125,2.8072,5600,0,0
1993-12-01,8.875,9.125,8.875,9,2.76875,8200,0,0
1993-12-02,8.875,9.125,8.875,9.125,2.8072,33300,0,0
1993-12-03,8.875,9.125,8.875,9.125,2.8072,11400,0,0
1993-12-06,8.875,8.875,8.875,8.875,2.73029,6300,0,0
1993-12-07,9.125,9.125,8.875,9,2.76875,3800,0,0
1993-12-08,9.125,11.375,9,11.375,3.49939,360800,0,0
1993-12-09,11.5,11.5,11.125,11.375,3.49939,122700,0,0
1993-12-10,11,11.25,10.875,11.125,3.42247,79000,0,0
1993-12-13,11.125,11.25,10.875,11,3.43497,42900,0.165,0
1993-12-14,11,11.375,11,11.375,3.55207,200100,0,0
1993-12-15,11.375,11.5,11.125,11.125,3.474,41300,0,0
1993-12-16,11.125,11.375,11.125,11.25,3.51303,30600,0,0
1993-12-17,11.25,11.375,11.125,11.375,3.55207,49600,0,0
1993-12-20,11.25,11.625,11.125,11.125,3.474,50200,0,0
1993-12-21,11.25,11.25,10.875,10.875,3.39593,22100,0,0
1993-12-22,10.875,11.125,10.75,10.875,3.39593,20200,0,0
1993-12-23,11,11,10.625,10.75,3.3569,13000,0,0
1993-12-27,10.625,10.75,10.125,10.25,3.20077,35900,0,0
1993-12-28,10,10.25,9.75,10.25,3.20077,43300,0,0
1993-12-29,10.375,10.75,10.125,10.75,3.3569,34300,0,0
1993-12-30,10.75,10.875,10.625,10.875,3.39593,16100,0,0
1993-12-31,10.625,11,10.625,11,3.43497,13100,0,0
1994-01-03,10.75,11.25,10.75,10.875,3.39593,30800,0,0
1994-01-04,10.875,11.25,10.875,11.25,3.51303,3200,0,0
1994-01-05,10.875,11.375,10.875,11.25,3.51303,25700,0,0
1994-01-06,11,11.375,11,11.125,3.474,19700,0,0
1994-01-07,11.125,11.375,11.125,11.25,3.51303,12900,0,0
1994-01-10,11.25,11.375,11.125,11.125,3.474,19800,0,0
1994-01-11,11.125,11.5,11.125,11.5,3.5911,27900,0,0
1994-01-12,11.625,11.625,11.25,11.25,3.51303,6600,0,0
1994-01-13,11.25,11.625,11.25,11.625,3.63014,21400,0,0
1994-01-14,11.375,11.75,11.375,11.625,3.63014,29500,0,0
1994-01-17,11.375,11.75,11.375,11.375,3.55207,16500,0,0
1994-01-18,11.375,11.625,11.375,11.625,3.63014,26800,0,0
1994-01-19,11.375,11.625,11.375,11.625,3.63014,18000,0,0
1994-01-20,11.375,11.5,11.375,11.375,3.55207,10000,0,0
1994-01-21,11.5,11.625,11.375,11.625,3.63014,28300,0,0
1994-01-24,11.375,11.75,11.375,11.625,3.63014,61000,0,0
1994-01-25,11.375,11.75,11.375,11.5,3.5911,11100,0,0
1994-01-26,11.5,11.875,11.5,11.5,3.5911,36600,0,0
1994-01-27,11.875,12.125,11.75,12.125,3.78627,31900,0,0
1994-01-28,12.125,12.125,12,12.125,3.78627,13500,0,0
1994-01-31,12.125,12.25,12,12,3.74724,45100,0,0
1994-02-01,12,12.125,11.875,11.875,3.7082,11300,0,0
1994-02-02,11.875,12,11.625,12,3.74724,12100,0,0
1994-02-03,12,12,11.5,11.625,3.63014,42000,0,0
1994-02-04,11.75,11.75,11.25,11.25,3.51303,29500,0,0
1994-02-07,11.5,11.625,11.125,11.625,3.63014,11200,0,0
1994-02-08,11.625,12.125,11.5,12.125,3.78627,100900,0,0
1994-02-09,12.125,12.5,11.875,12.25,3.82531,63600,0,0
1994-02-10,12.5,12.5,12.125,12.375,3.86434,41100,0,0
1994-02-11,12.125,12.625,12.125,12.25,3.82531,72300,0,0
1994-02-14,12.625,12.625,12.25,12.25,3.82531,20300,0,0
1994-02-15,12.25,12.625,12.25,12.25,3.82531,9800,0,0
1994-02-16,12.25,12.375,12.125,12.25,3.82531,16100,0,0
1994-02-17,12.25,12.375,12.125,12.125,3.78627,10900,0,0
1994-02-18,12.375,12.375,12.125,12.125,3.78627,4000,0,0
1994-02-22,12.125,12.375,12.125,12.375,3.86434,18400,0,0
1994-02-23,12.375,12.5,12.125,12.5,3.90337,2500,0,0
1994-02-24,12.125,12.5,12.125,12.375,3.86434,14400,0,0
1994-02-25,12.125,12.375,12.125,12.125,3.78627,4800,0,0
1994-02-28,12.125,12.5,12.125,12.375,3.86434,28000,0,0
1994-03-01,12.5,12.5,11.375,11.625,3.63014,49400,0,0
1994-03-02,11.5,11.5,11.125,11.5,3.5911,28600,0,0
1994-03-03,11.5,11.875,11.25,11.875,3.7082,28300,0,0
1994-03-04,11.875,12.125,11.75,11.875,3.7082,26900,0,0
1994-03-07,12,12.375,11.875,12.375,3.86434,50600,0,0
1994-03-08,12.25,12.5,12.25,12.25,3.82531,38800,0,0
1994-03-09,12.25,12.625,12.25,12.25,3.82531,22000,0,0
1994-03-10,12.375,12.5,12.25,12.25,3.82531,37000,0,0
1994-03-11,12.375,12.5,12.25,12.25,3.82531,3400,0,0
1994-03-14,12.5,12.5,12.25,12.5,3.90337,91200,0,0
1994-03-15,12.5,12.5,12.25,12.25,3.82531,7800,0,0
1994-03-16,12.625,12.75,12.25,12.75,3.98144,24500,0,0
1994-03-17,12.75,12.875,12.375,12.625,3.94241,55100,0,0
1994-03-18,12.625,12.875,12.625,12.625,3.94241,8400,0,0
1994-03-21,12.625,12.875,12.625,12.625,3.94241,2800,0,0
1994-03-22,12.625,12.875,12.625,12.625,3.94241,19800,0,0
1994-03-23,12.625,12.875,12.5,12.5,3.90337,15800,0,0
1994-03-24,12.375,12.375,11.875,12.25,3.82531,17100,0,0
1994-03-25,11.875,12.25,11.875,12.125,3.78627,6200,0,0
1994-03-28,11.875,12.25,11.875,12,3.74724,31000,0,0
1994-03-29,11.875,12.25,11.875,11.875,3.7082,5100,0,0
1994-03-30,11.875,12,11,11,3.43497,58700,0,0
1994-03-31,10.875,11.125,10.75,11.125,3.474,52700,0,0
1994-04-04,11,11,10.75,11,3.43497,20500,0,0
1994-04-05,11,11.25,10.875,11.1875,3.49352,32700,0,0
1994-04-06,11,11.375,11,11,3.43497,2200,0,0
1994-04-07,11.375,11.375,11,11,3.43497,16400,0,0
1994-04-08,11.25,11.375,11,11.25,3.51303,25200,0,0
1994-04-11,11.375,11.375,11,11,3.43497,59100,0,0
1994-04-12,11,11,10.875,10.875,3.39593,16300,0,0
1994-04-13,10.875,10.875,10.875,10.875,3.39593,0,0,0
1994-04-14,11.25,11.25,11.25,11.25,3.51303,400,0,0
1994-04-15,11.125,11.125,10.75,11.125,3.474,14400,0,0
1994-04-18,10.75,11.125,10.625,10.625,3.31787,16600,0,0
1994-04-19,10.625,10.875,10.625,10.75,3.3569,17100,0,0
1994-04-20,10.5,10.875,10.5,10.625,3.31787,6000,0,0
1994-04-21,10.875,10.875,10.625,10.625,3.31787,1300,0,0
1994-04-22,10.5,10.5,10.5,10.5,3.27883,900,0,0
1994-04-25,10.75,11.25,10.5,11.125,3.474,38200,0,0
1994-04-26,11.375,11.75,11,11.75,3.66917,36900,0,0
1994-04-28,11.875,12.375,11.5,12.0625,3.76675,86800,0,0
1994-04-29,12,12.25,11.75,12,3.74724,34900,0,0
1994-05-02,11.875,12,11.75,12,3.74724,7900,0,0
1994-05-03,11.75,12.375,11.75,12.25,3.82531,43300,0,0
1994-05-04,12.375,12.5,12.125,12.125,3.78627,8300,0,0
1994-05-05,12.125,12.625,12.125,12.375,3.86434,24500,0,0
1994-05-06,12.625,12.625,12.125,12.125,3.78627,8300,0,0
1994-05-09,12.125,12.875,12,12,3.74724,85100,0,0
1994-05-10,11.875,12.125,11.75,11.75,3.66917,11600,0,0
1994-05-11,11.75,12,11.75,11.75,3.66917,5100,0,0
1994-05-12,11.75,12,11.75,11.75,3.66917,8000,0,0
1994-05-13,11.75,12,11.5,11.75,3.66917,15200,0,0
1994-05-16,11.875,11.875,11,11.25,3.51303,29000,0,0
1994-05-17,11.25,11.25,10.5,10.75,3.3569,47300,0,0
1994-05-18,10.75,11,10.5,11,3.43497,63000,0,0
1994-05-19,11,11.25,11,11.25,3.51303,29900,0,0
1994-05-20,11.375,11.375,11.125,11.375,3.55207,7600,0,0
1994-05-23,11.5,11.5,11.25,11.5,3.5911,12600,0,0
1994-05-24,11.25,11.75,11.25,11.75,3.72258,27700,0.165,0
1994-05-25,11.625,12,11.375,11.875,3.76218,34700,0,0
1994-05-26,11.75,11.875,11.5,11.6875,3.70278,82900,0,0
1994-05-27,11.5625,11.6875,11.375,11.5,3.64338,34300,0,0
1994-05-31,11.5,11.5,11,11.125,3.52457,31400,0,0
1994-06-01,11.375,11.375,11.125,11.375,3.60378,16900,0,0
1994-06-02,11.375,11.375,11.125,11.25,3.56417,3900,0,0
1994-06-03,11.375,11.375,10.875,10.875,3.44537,25700,0,0
1994-06-06,10.875,11.125,10.875,11.125,3.52457,12100,0,0
1994-06-07,10.875,11.125,10.875,10.875,3.44537,11100,0,0
1994-06-08,11,11.125,10.875,10.875,3.44537,3900,0,0
1994-06-09,10.875,11.125,10.875,11.125,3.52457,5000,0,0
1994-06-10,11.125,11.125,10.75,10.75,3.40577,5500,0,0
1994-06-13,11.125,11.125,10.75,11,3.48497,13100,0,0
1994-06-14,10.75,11,10.75,10.875,3.44537,12500,0,0
1994-06-15,11,11.125,10.9375,10.9375,3.46517,13200,0,0
1994-06-16,10.875,11.125,10.875,11.125,3.52457,1700,0,0
1994-06-17,11.125,11.125,10.875,11.125,3.52457,8200,0,0
1994-06-20,10.75,10.875,10.625,10.625,3.36616,18900,0,0
1994-06-21,10.875,10.875,10.375,10.5,3.32656,15700,0,0
1994-06-22,10.5,10.75,10.5,10.625,3.36616,17400,0,0
1994-06-23,10.375,10.625,10.375,10.5,3.32656,10000,0,0
1994-06-24,10.25,10.625,10.125,10.125,3.20776,38800,0,0
1994-06-27,10.25,10.375,10.125,10.375,3.28696,20800,0,0
1994-06-28,10.25,10.5,10.125,10.125,3.20776,8500,0,0
1994-06-29,10.5,10.625,10.25,10.25,3.24736,9200,0,0
1994-06-30,10.5,10.625,10.375,10.625,3.36616,4400,0,0
1994-07-01,10.625,10.625,10.375,10.625,3.36616,9900,0,0
1994-07-05,10.625,10.625,10.375,10.375,3.28696,8200,0,0
1994-07-06,10.375,10.5625,10.375,10.5,3.32656,14300,0,0
1994-07-07,10.5,10.75,10.375,10.625,3.36616,6500,0,0
1994-07-08,10.625,10.625,10.375,10.375,3.28696,9200,0,0
1994-07-11,10.625,10.625,10.375,10.5,3.32656,12000,0,0
1994-07-12,10.875,10.875,10.625,10.875,3.44537,5300,0,0
1994-07-13,11.25,11.5,11,11.5,3.64338,30000,0,0
1994-07-14,11.5,11.875,11.375,11.75,3.72258,59600,0,0
1994-07-15,11.75,11.75,11.5,11.75,3.72258,25200,0,0
1994-07-18,11.875,11.875,11.5,11.625,3.68298,62500,0,0
1994-07-19,11.75,11.75,11.25,11.375,3.60378,41400,0,0
1994-07-20,11.125,11.5,11.125,11.5,3.64338,13400,0,0
1994-07-21,11.25,11.75,11.25,11.375,3.60378,44600,0,0
1994-07-22,11.625,11.75,11.5,11.625,3.68298,7700,0,0
1994-07-25,11.75,11.75,11.5,11.75,3.72258,48400,0,0
1994-07-26,11.75,11.75,11.25,11.5,3.64338,36300,0,0
1994-07-27,11.5,11.5,11.25,11.375,3.60378,28800,0,0
1994-07-28,11.5,11.5,11.25,11.5,3.64338,23900,0,0
1994-07-29,11.625,11.625,11.25,11.5,3.64338,16600,0,0
1994-08-01,11.5,11.625,11.375,11.375,3.60378,34400,0,0
1994-08-02,11.5,11.625,11.375,11.625,3.68298,31100,0,0
1994-08-03,11.625,11.625,11.375,11.375,3.60378,10800,0,0
1994-08-04,11.625,11.625,11.375,11.5625,3.66318,65300,0,0
1994-08-05,11.625,11.625,11.375,11.625,3.68298,14900,0,0
1994-08-08,11.625,12.25,11.625,11.875,3.76218,61200,0,0
1994-08-09,12.25,12.25,11.875,12.125,3.84139,32200,0,0
1994-08-10,12.125,12.25,11.75,12.125,3.84139,44300,0,0
1994-08-11,12.25,12.25,12,12,3.80179,35200,0,0
1994-08-12,11.875,12.25,11.875,12.25,3.88099,12100,0,0
1994-08-15,12.25,12.25,11.875,12.0625,3.82158,62300,0,0
1994-08-16,12.125,12.125,11.875,12,3.80179,13300,0,0
1994-08-17,12,12,11.875,12,3.80179,28300,0,0
1994-08-18,12,12.125,11.75,11.75,3.72258,14000,0,0
1994-08-19,12.125,12.125,11.75,11.75,3.72258,11100,0,0
1994-08-22,12,12,11.75,11.875,3.76218,9100,0,0
1994-08-23,12,12.25,12,12.25,3.88099,31100,0,0
1994-08-24,12.125,12.25,12,12,3.80179,12300,0,0
1994-08-25,12.375,12.375,11.75,12.125,3.84139,24100,0,0
1994-08-26,12.125,12.125,11.75,12,3.80179,9100,0,0
1994-08-29,11.875,12.125,11.875,12.125,3.84139,18400,0,0
1994-08-30,11.875,12.125,11.875,11.875,3.76218,9500,0,0
1994-08-31,11.875,12.125,11.875,12.125,3.84139,18600,0,0
1994-09-01,11.875,12.125,11.875,12.125,3.84139,8600,0,0
1994-09-02,12.125,12.125,11.875,11.875,3.76218,6200,0,0
1994-09-06,11.875,12.25,11.875,11.875,3.76218,18500,0,0
1994-09-07,11.875,12.25,11.875,12.25,3.88099,2400,0,0
1994-09-08,12,12.125,11.875,11.9375,3.78198,12900,0,0
1994-09-09,11.875,12,11.75,11.75,3.72258,9600,0,0
1994-09-12,12,12,11.625,12,3.80179,4500,0,0
1994-09-13,11.875,11.875,11.5,11.625,3.68298,51600,0,0
1994-09-14,11.625,11.75,11.25,11.375,3.60378,23600,0,0
1994-09-15,11.5,11.5,11.25,11.5,3.64338,4800,0,0
1994-09-16,11.5,11.5,11.25,11.375,3.60378,13100,0,0
1994-09-19,11.5,11.5,11.25,11.375,3.60378,34200,0,0
1994-09-20,11.5,11.5,11.25,11.5,3.64338,15100,0,0
1994-09-21,11.5,11.625,11.5,11.5,3.69641,6900,0.165,0
1994-09-22,11.625,11.625,11.375,11.375,3.65624,15100,0,0
1994-09-23,11.375,11.625,11.375,11.375,3.65624,16600,0,0
1994-09-26,11.375,11.625,11.375,11.375,3.65624,2300,0,0
1994-09-27,11.25,11.25,11.25,11.25,3.61605,400,0,0
1994-09-28,11.375,11.625,11.375,11.5,3.69641,5400,0,0
1994-09-29,11.5,11.5,11.375,11.375,3.65624,2400,0,0
1994-09-30,11.5,11.75,11.375,11.625,3.73659,17700,0,0
1994-10-03,11.375,11.75,11.375,11.75,3.77677,12900,0,0
1994-10-04,12.125,12.125,11.75,12,3.85713,16800,0,0
1994-10-05,11.625,11.75,11.375,11.375,3.65624,10900,0,0
1994-10-06,11.625,11.625,11.25,11.3125,3.63614,6700,0,0
1994-10-07,11.375,11.625,11.25,11.625,3.73659,3000,0,0
1994-10-10,11.5,11.5,11.5,11.5,3.69641,500,0,0
1994-10-11,11.625,11.625,11.375,11.5,3.69641,10300,0,0
1994-10-12,11.375,11.625,11.375,11.625,3.73659,1500,0,0
1994-10-13,11.25,11.625,11.25,11.625,3.73659,1000,0,0
1994-10-14,11.5,11.625,11.25,11.25,3.61605,4800,0,0
1994-10-17,11.25,11.375,10.875,11.125,3.57588,32400,0,0
1994-10-18,11.125,11.125,10.75,11,3.5357,7300,0,0
1994-10-19,11.125,11.125,10.875,11.125,3.57588,1900,0,0
1994-10-20,11.125,11.125,10.5,10.75,3.45534,68600,0,0
1994-10-21,10.75,10.875,10.625,10.875,3.49552,14800,0,0
1994-10-24,10.875,11,10.625,11,3.5357,33500,0,0
1994-10-25,11,11,10.625,11,3.5357,2100,0,0
1994-10-26,10.75,11,10.75,10.875,3.49552,3800,0,0
1994-10-27,11,11,11,11,3.5357,1300,0,0
1994-10-28,11,11,10.75,10.875,3.49552,7900,0,0
1994-10-31,10.75,11.125,10.75,11.125,3.57588,8000,0,0
1994-11-01,11.125,11.125,10.875,11.125,3.57588,2000,0,0
1994-11-02,10.875,11.125,10.875,11.125,3.57588,1700,0,0
1994-11-03,11.125,11.125,10.875,10.875,3.49552,2500,0,0
1994-11-04,11.125,11.125,10.875,11.125,3.57588,2800,0,0
1994-11-07,10.875,10.875,10.75,10.875,3.49552,5800,0,0
1994-11-08,10.75,11.125,10.75,10.875,3.49552,3900,0,0
1994-11-09,11.125,11.125,10.75,10.75,3.45534,3300,0,0
1994-11-10,10.75,11,10.5,10.75,3.45534,16000,0,0
1994-11-11,10.5,10.75,10.5,10.75,3.45534,1800,0,0
1994-11-14,10.375,10.75,10.375,10.5,3.37498,25500,0,0
1994-11-15,10.5,10.75,10.5,10.5,3.37498,15700,0,0
1994-11-16,10.5,10.625,10.375,10.375,3.33481,20300,0,0
1994-11-17,10.4375,10.625,10.375,10.375,3.33481,15600,0,0
1994-11-18,10.5,10.75,10.5,10.75,3.45534,3700,0,0
1994-11-21,10.75,10.75,10.375,10.375,3.33481,2900,0,0
1994-11-22,10.5,10.5,10.125,10.5,3.37498,7400,0,0
1994-11-23,10.25,10.25,10,10.25,3.29463,14100,0,0
1994-11-25,10.25,10.25,10.125,10.125,3.25445,1800,0,0
1994-11-28,10.125,10.125,10,10,3.21427,11100,0,0
1994-11-29,10.25,10.25,10,10.25,3.29463,24500,0,0
1994-11-30,10,10.25,9.875,10.25,3.29463,83700,0,0
1994-12-01,9.875,10,9.875,10,3.21427,5400,0,0
1994-12-02,9.875,10.25,9.875,10.25,3.29463,3100,0,0
1994-12-05,9.875,10.25,9.875,10,3.21427,13900,0,0
1994-12-06,10.25,10.25,10,10.25,3.29463,10900,0,0
1994-12-07,10.25,10.25,10,10.0625,3.23436,14400,0,0
1994-12-08,10,10.25,10,10,3.21427,9500,0,0
1994-12-09,10.125,10.125,9.875,10.125,3.25445,7400,0,0
1994-12-12,9.875,10.125,9.75,10.125,3.25445,9800,0,0
1994-12-13,9.75,10.125,9.75,9.875,3.1741,8800,0,0
1994-12-14,10.125,10.125,9.75,9.75,3.13391,21200,0,0
1994-12-15,10,10,9.75,10,3.21427,24000,0,0
1994-12-16,10,10,9.75,10,3.21427,5900,0,0
1994-12-19,9.75,10,9.75,9.75,3.13391,57300,0,0
1994-12-20,9.875,9.875,9.875,9.875,3.1741,28400,0,0
1994-12-21,9.9375,10.25,9.875,10.25,3.29463,34200,0,0
1994-12-22,10.25,10.25,10,10.25,3.29463,10100,0,0
1994-12-23,10,10.5,10,10.5,3.4302,24600,0.165,0
1994-12-27,10.5,10.5,10.25,10.5,3.4302,7600,0,0
1994-12-28,10.25,10.5,10.25,10.25,3.34853,8800,0,0
1994-12-29,10.25,10.375,10.25,10.25,3.34853,38400,0,0
1994-12-30,10.125,10.5,10.125,10.5,3.4302,8400,0,0
1995-01-03,10.5,10.5,10.125,10.5,3.4302,13200,0,0
1995-01-04,10.25,10.5,10.25,10.375,3.38937,19000,0,0
1995-01-05,10.375,10.5,10.25,10.25,3.34853,8800,0,0
1995-01-06,10.25,10.25,10.25,10.25,3.34853,500,0,0
1995-01-09,10.5,10.5,10.25,10.5,3.4302,5600,0,0
1995-01-10,10.375,10.5,10.25,10.25,3.34853,9600,0,0
1995-01-11,10.5,10.5,10.375,10.5,3.4302,2100,0,0
1995-01-12,10.5,10.5,10.25,10.375,3.38937,17000,0,0
1995-01-13,10.375,10.5,10.25,10.25,3.34853,6900,0,0
1995-01-16,10.25,10.5,10,10.25,3.34853,15800,0,0
1995-01-17,10.125,10.375,10,10.375,3.38937,22700,0,0
1995-01-18,10.25,10.375,10.125,10.375,3.38937,31000,0,0
1995-01-19,10.125,10.375,10.125,10.375,3.38937,2400,0,0
1995-01-20,10.375,10.375,10.125,10.125,3.3077,108300,0,0
1995-01-23,10,10.25,9.875,10,3.26686,18100,0,0
1995-01-24,10,10.125,9.875,10,3.26686,4600,0,0
1995-01-25,9.875,10.125,9.875,10.125,3.3077,21600,0,0
1995-01-26,10,10.125,9.875,9.875,3.22602,33600,0,0
1995-01-27,10.125,10.25,9.875,10.25,3.34853,14600,0,0
1995-01-30,10.25,10.25,10,10,3.26686,8200,0,0
1995-01-31,9.875,10.125,9.875,9.875,3.22602,7500,0,0
1995-02-01,10.125,10.125,9.875,10,3.26686,15300,0,0
1995-02-02,10.125,10.125,10,10,3.26686,8700,0,0
1995-02-03,9.875,10.25,9.875,10.25,3.34853,6400,0,0
1995-02-06,10,10.25,10,10,3.26686,29000,0,0
1995-02-07,10.25,10.25,10,10.25,3.34853,12000,0,0
1995-02-08,10.25,10.25,10,10.125,3.3077,25100,0,0
1995-02-09,10,10.25,10,10,3.26686,17500,0,0
1995-02-10,10.25,10.25,10,10,3.26686,1400,0,0
1995-02-13,10.25,10.25,10,10,3.26686,5100,0,0
1995-02-14,10,10.25,10,10.25,3.34853,63800,0,0
1995-02-15,10.25,10.25,10,10.25,3.34853,12000,0,0
1995-02-16,10.25,10.25,10,10,3.26686,14500,0,0
1995-02-17,10,10.25,9.875,10.125,3.3077,9700,0,0
1995-02-21,9.875,10.125,9.75,9.875,3.22602,41400,0,0
1995-02-22,10,10,9.75,9.75,3.18519,78100,0,0
1995-02-23,9.75,10,9.75,9.75,3.18519,15300,0,0
1995-02-24,9.75,10,9.75,10,3.26686,17000,0,0
1995-02-27,9.75,10,9.75,10,3.26686,2700,0,0
1995-02-28,9.75,10,9.75,9.75,3.18519,109100,0,0
1995-03-01,9.75,10,9.75,9.875,3.22602,96000,0,0
1995-03-02,10,10,9.875,10,3.26686,14800,0,0
1995-03-03,10,10,9.75,9.75,3.18519,5300,0,0
1995-03-06,10,10,9.75,9.75,3.18519,14400,0,0
1995-03-07,10,10,9.75,9.875,3.22602,25300,0,0
1995-03-08,10,10,9.625,9.625,3.14435,16900,0,0
1995-03-09,9.625,10,9.625,10,3.26686,2300,0,0
1995-03-10,9.625,9.875,9.625,9.75,3.18519,34500,0,0
1995-03-13,9.875,9.875,9.625,9.875,3.22602,16800,0,0
1995-03-14,9.875,10.0625,9.875,10.0625,3.28728,30200,0,0
1995-03-15,10.125,10.25,10,10,3.26686,75800,0,0
1995-03-16,10,10.25,10,10,3.26686,10900,0,0
1995-03-17,9.875,10.25,9.25,9.75,3.18519,70000,0,0
1995-03-20,9.25,9.5,9.25,9.5,3.10352,12800,0,0
1995-03-21,9.5,9.5,9,9.25,3.02184,22800,0,0
1995-03-22,9.375,9.5,9.25,9.5,3.10352,21800,0,0
1995-03-23,9.375,9.625,9.375,9.625,3.14435,14400,0,0
1995-03-24,9.375,9.625,9.375,9.625,3.14435,11500,0,0
1995-03-27,9.625,9.625,9.375,9.5,3.15765,11500,0.165,0
1995-03-28,9.375,9.625,9.375,9.625,3.1992,16900,0,0
1995-03-29,9.5,9.625,9.5,9.5,3.15765,11700,0,0
1995-03-30,9.375,9.625,9.375,9.375,3.1161,13300,0,0
1995-03-31,9.375,9.875,9.375,9.625,3.1992,16700,0,0
1995-04-03,9.625,10,9.625,9.75,3.24074,11500,0,0
1995-04-04,10,10.125,9.75,9.875,3.28229,19000,0,0
1995-04-05,10.125,10.5,10,10.5,3.49003,22700,0,0
1995-04-06,10.25,10.5,10.25,10.5,3.49003,14500,0,0
1995-04-07,10.375,10.625,10.375,10.375,3.44848,7000,0,0
1995-04-10,10.375,10.75,10.375,10.75,3.57313,7200,0,0
1995-04-11,10.625,11,10.625,11,3.65622,10200,0,0
1995-04-12,10.625,11,10.375,10.5,3.49003,32600,0,0
1995-04-13,10.25,10.5,10.125,10.125,3.36539,2900,0,0
1995-04-17,10.5,10.5,10.125,10.125,3.36539,2500,0,0
1995-04-18,10.125,10.5,10.125,10.125,3.36539,6200,0,0
1995-04-19,10.375,10.375,10.125,10.125,3.36539,3200,0,0
1995-04-20,10.375,10.375,10.125,10.125,3.36539,2500,0,0
1995-04-21,10.375,10.625,10.125,10.625,3.53158,34300,0,0
1995-04-24,10.625,10.625,10.625,10.625,3.53158,7600,0,0
1995-04-25,10.625,10.625,10.375,10.625,3.53158,3700,0,0
1995-04-26,10.375,10.625,10.375,10.5,3.49003,9300,0,0
1995-04-27,10.375,10.625,10.375,10.375,3.44848,16100,0,0
1995-04-28,10.75,10.75,10.375,10.5,3.49003,2900,0,0
1995-05-01,10.375,10.75,10.375,10.75,3.57313,2500,0,0
1995-05-02,10.75,10.75,10.375,10.75,3.57313,900,0,0
1995-05-03,10.75,10.75,10.375,10.75,3.57313,9200,0,0
1995-05-04,10.75,10.875,10.5,10.5,3.49003,12200,0,0
1995-05-05,10.75,10.75,10.5,10.75,3.57313,3400,0,0
1995-05-08,10.5,10.5,9.125,9.375,3.1161,171000,0,0
1995-05-09,9.375,9.625,9.25,9.25,3.07455,48300,0,0
1995-05-10,9.25,9.5,8.875,8.875,2.94991,54200,0,0
1995-05-11,9.25,9.25,8.75,9,2.99146,57500,0,0
1995-05-12,9,9,8.75,9,2.99146,26000,0,0
1995-05-15,8.75,9.125,8.75,9,2.99146,17200,0,0
1995-05-16,9,9,8.75,9,2.99146,57900,0,0
1995-05-17,9,9,8.75,8.875,2.94991,34200,0,0
1995-05-18,9,9,8.875,9,2.99146,66200,0,0
1995-05-19,9,9.125,8.875,9,2.99146,50500,0,0
1995-05-22,9,9.125,8.875,8.9375,2.97068,27200,0,0
1995-05-23,9.125,9.125,9,9.125,3.03301,42900,0,0
1995-05-24,9.125,9.375,9,9.375,3.1161,34600,0,0
1995-05-25,9.375,9.375,9.125,9.375,3.1161,29000,0,0
1995-05-26,9.375,9.375,9.125,9.375,3.1161,10100,0,0
1995-05-30,9.375,9.375,9.125,9.125,3.03301,11300,0,0
1995-05-31,9.375,9.375,9.125,9.375,3.1161,30000,0,0
1995-06-01,9.375,9.375,8.875,9.125,3.03301,40400,0,0
1995-06-02,9.25,9.25,8.875,8.875,2.94991,14200,0,0
1995-06-05,8.875,9.25,8.875,9,2.99146,8200,0,0
1995-06-06,9.125,9.125,8.75,9.125,3.03301,21200,0,0
1995-06-07,8.75,9.125,8.75,9.125,3.03301,1600,0,0
1995-06-08,8.75,9.5,8.75,9.5,3.15765,56500,0,0
1995-06-09,9.5,9.5,9.25,9.5,3.15765,61800,0,0
1995-06-12,9.5,9.5,9.25,9.5,3.15765,91200,0,0
1995-06-13,9.5,9.75,9.25,9.75,3.24074,71000,0,0
1995-06-14,9.75,9.875,9.5,9.875,3.28229,79700,0,0
1995-06-15,9.875,10,9.75,10,3.32384,73400,0,0
1995-06-16,10.125,10.125,9.75,10.125,3.36539,38000,0,0
1995-06-19,10.125,10.375,10,10.25,3.40693,102400,0,0
1995-06-20,10.375,10.625,10.25,10.625,3.53158,82100,0,0
1995-06-21,10.5,10.75,10.5,10.75,3.57313,67400,0,0
1995-06-22,10.75,11,10.625,11,3.65622,92500,0,0
1995-06-23,10.75,11,10.75,10.875,3.61468,37000,0,0
1995-06-26,10.75,11,10.625,11,3.65622,32800,0,0
1995-06-27,11,11,10.75,10.75,3.57313,91600,0,0
1995-06-28,10.5,10.75,10.5,10.5,3.54443,43600,0.165,0
1995-06-29,10.5,10.75,10.5,10.5,3.54443,16400,0,0
1995-06-30,10.75,10.75,10.5,10.75,3.62883,11300,0,0
1995-07-03,10.75,10.75,10.5,10.75,3.62883,5700,0,0
1995-07-05,10.75,10.75,10.5,10.5625,3.56553,32100,0,0
1995-07-06,10.75,10.75,10.5,10.75,3.62883,52300,0,0
1995-07-07,10.75,10.75,10.5,10.5,3.54443,57700,0,0
1995-07-10,10.75,10.75,10.5,10.75,3.62883,11600,0,0
1995-07-11,10.75,10.875,10.5,10.875,3.67102,27600,0,0
1995-07-12,11,11,10.875,11,3.71322,16800,0,0
1995-07-13,10.875,11,10.875,10.875,3.67102,13300,0,0
1995-07-14,10.875,11,10.875,11,3.71322,39400,0,0
1995-07-17,11,11,10.875,10.875,3.67102,10000,0,0
1995-07-18,10.75,11,10.625,10.625,3.58663,17700,0,0
1995-07-19,10.875,10.875,10,10.375,3.50224,68000,0,0
1995-07-20,10.5,10.875,10.375,10.875,3.67102,18700,0,0
1995-07-21,10.875,11,10.5,11,3.71322,15100,0,0
1995-07-24,10.875,11,10.75,11,3.71322,14000,0,0
1995-07-25,11,11,10.75,11,3.71322,31000,0,0
1995-07-26,10.875,11,10.625,10.75,3.62883,75500,0,0
1995-07-27,10.5,10.75,10.5,10.75,3.62883,20700,0,0
1995-07-28,10.5,10.75,10.375,10.5,3.54443,11300,0,0
1995-07-31,10.375,10.625,10.375,10.625,3.58663,20600,0,0
1995-08-01,10.625,10.625,10.375,10.5,3.54443,4300,0,0
1995-08-02,10.375,10.625,10.375,10.625,3.58663,5000,0,0
1995-08-03,10.5,10.5,10,10.25,3.46004,12900,0,0
1995-08-04,10.375,10.375,10,10.25,3.46004,18600,0,0
1995-08-07,9.875,10.5,9.875,10.125,3.41785,15800,0,0
1995-08-08,10.625,10.625,10.25,10.5,3.54443,7300,0,0
1995-08-09,10.625,10.875,10.625,10.875,3.67102,9900,0,0
1995-08-10,10.875,10.875,10.625,10.875,3.67102,8100,0,0
1995-08-11,10.625,10.875,10.625,10.875,3.67102,9500,0,0
1995-08-14,10.875,10.875,10.625,10.75,3.62883,3300,0,0
1995-08-15,10.625,10.875,10.625,10.625,3.58663,3200,0,0
1995-08-16,10.8125,10.875,10.625,10.75,3.62883,4700,0,0
1995-08-17,10.625,10.875,10.625,10.875,3.67102,2800,0,0
1995-08-18,10.875,10.875,10.5,10.5,3.54443,18400,0,0
1995-08-21,10.875,10.875,10.5,10.875,3.67102,10600,0,0
1995-08-22,10.875,10.875,10.5,10.875,3.67102,2900,0,0
1995-08-23,10.875,10.875,10.375,10.375,3.50224,21300,0,0
1995-08-24,10.75,10.875,10.75,10.875,3.67102,1200,0,0
1995-08-25,10.375,10.875,10.375,10.375,3.50224,5000,0,0
1995-08-28,10.875,10.875,10.375,10.375,3.50224,35000,0,0
1995-08-29,10.875,10.875,10.375,10.625,3.58663,6100,0,0
1995-08-30,10.625,10.75,10.375,10.375,3.50224,5400,0,0
1995-08-31,10.625,10.625,10.375,10.375,3.50224,12800,0,0
1995-09-01,10.625,10.75,10.375,10.75,3.62883,15200,0,0
1995-09-05,10.5,10.75,10.375,10.75,3.62883,2400,0,0
1995-09-06,10.75,10.75,10.375,10.75,3.62883,1400,0,0
1995-09-07,10.375,10.75,10.375,10.625,3.58663,5800,0,0
1995-09-08,10.5,10.75,10.375,10.5,3.54443,7600,0,0
1995-09-11,10.875,10.875,10.375,10.75,3.62883,12100,0,0
1995-09-12,10.375,10.75,10.375,10.375,3.50224,4700,0,0
1995-09-13,10.75,10.75,10.375,10.375,3.50224,4800,0,0
1995-09-14,10.375,10.75,10.375,10.625,3.58663,7600,0,0
1995-09-15,10.375,10.625,10.375,10.375,3.50224,3300,0,0
1995-09-18,10.5,10.75,10.375,10.625,3.58663,11200,0,0
1995-09-19,10.75,10.75,10.375,10.375,3.50224,4600,0,0
1995-09-20,10.375,10.625,10.375,10.375,3.50224,9100,0,0
1995-09-21,10.75,10.75,10.375,10.75,3.62883,20400,0,0
1995-09-22,10.625,10.625,10.375,10.625,3.58663,13900,0,0
1995-09-25,10.625,10.625,10.375,10.375,3.50224,15600,0,0
1995-09-26,10.5,10.625,10.375,10.625,3.58663,7400,0,0
1995-09-27,10.375,10.5,10.25,10.25,3.46004,13000,0,0
1995-09-28,10.5,10.5,10.125,10.125,3.41785,16300,0,0
1995-09-29,10.5,10.5,10,10,3.37566,16000,0,0
1995-10-02,10,10.375,10,10.0625,3.39675,30700,0,0
1995-10-03,10.125,10.125,10,10.125,3.41785,7100,0,0
1995-10-04,10,10.125,10,10.125,3.47447,3200,0.165,0
1995-10-05,10,10.125,9.875,10,3.43158,39900,0,0
1995-10-06,10,10.125,9.75,9.75,3.34578,35400,0,0
1995-10-09,9.875,9.875,9.625,9.625,3.30289,24400,0,0
1995-10-10,9.5,9.75,9.5,9.625,3.30289,41100,0,0
1995-10-11,9.75,9.875,9.625,9.875,3.38868,40400,0,0
1995-10-12,9.875,10.125,9.75,10.125,3.47447,21200,0,0
1995-10-13,9.875,10.375,9.875,10.125,3.47447,18300,0,0
1995-10-16,10.125,10.5,10.125,10.125,3.47447,1900,0,0
1995-10-17,10.5,10.5,10.125,10.375,3.56026,17600,0,0
1995-10-18,10.25,10.625,10.25,10.25,3.51736,2700,0,0
1995-10-19,10.625,10.625,10.5,10.625,3.64605,2500,0,0
1995-10-20,10.25,10.625,10.25,10.25,3.51736,12400,0,0
1995-10-23,10.25,10.5,10.25,10.5,3.60315,2900,0,0
1995-10-24,10.25,10.5,10.25,10.25,3.51736,2800,0,0
1995-10-25,10.5,10.5,9.875,10,3.43158,33500,0,0
1995-10-26,10.25,10.25,9.75,9.75,3.34578,35600,0,0
1995-10-27,10.125,10.125,9.75,9.75,3.34578,12600,0,0
1995-10-30,10.125,10.125,9.75,10.125,3.47447,2700,0,0
1995-10-31,10.125,10.125,9.75,10.125,3.47447,3400,0,0
1995-11-01,10.125,10.125,9.75,10,3.43158,4600,0,0
1995-11-02,9.875,10.125,9.75,10.125,3.47447,13200,0,0
1995-11-03,10,10.125,9.75,9.75,3.34578,8100,0,0
1995-11-06,9.75,10.125,9.75,10.125,3.47447,8100,0,0
1995-11-07,10.125,10.125,9.75,10,3.43158,17200,0,0
1995-11-08,9.875,10.125,9.875,10.125,3.47447,6600,0,0
1995-11-09,10.125,10.25,10,10.125,3.47447,5600,0,0
1995-11-10,10.25,10.25,9.875,10,3.43158,12700,0,0
1995-11-13,10.125,10.125,9.875,10.125,3.47447,10300,0,0
1995-11-14,10.125,10.125,9.875,9.875,3.38868,4200,0,0
1995-11-15,9.875,10.125,9.875,9.875,3.38868,2700,0,0
1995-11-16,9.875,10.25,9.875,10,3.43158,9700,0,0
1995-11-17,9.875,10.25,9.875,10.125,3.47447,3200,0,0
1995-11-20,9.875,10.25,9.875,10.25,3.51736,6900,0,0
1995-11-21,10.25,10.25,9.875,10,3.43158,7300,0,0
1995-11-22,10.25,10.25,9.875,10.125,3.47447,6100,0,0
1995-11-24,10.25,10.25,9.875,10,3.43158,13300,0,0
1995-11-27,9.875,10.625,9.875,10.375,3.56026,319500,0,0
1995-11-28,10.4375,10.625,10.25,10.625,3.64605,101700,0,0
1995-11-29,10.625,11.125,10.375,10.75,3.68894,207100,0,0
1995-11-30,11,11,10.625,10.75,3.68894,10200,0,0
1995-12-01,11,11,10.625,10.625,3.64605,10400,0,0
1995-12-04,11,11,10.625,10.625,3.64605,6700,0,0
1995-12-05,10.625,11.125,10.625,11,3.77473,62200,0,0
1995-12-06,11.125,11.1875,10.875,11.125,3.81763,18800,0,0
1995-12-07,11.125,11.375,11,11.125,3.81763,56400,0,0
1995-12-08,11,11.75,11,11.5,3.94631,45100,0,0
1995-12-11,11.75,11.875,11.5,11.5,3.94631,32900,0,0
1995-12-12,11.75,11.75,11.5,11.5,3.94631,11500,0,0
1995-12-13,11.75,11.75,11.375,11.625,3.98921,21000,0,0
1995-12-14,11.5,11.75,11.5,11.625,3.98921,20100,0,0
1995-12-15,11.75,11.75,11.5,11.5,3.94631,12000,0,0
1995-12-18,11.5,11.625,11.375,11.625,3.98921,8000,0,0
1995-12-19,11.4375,11.75,11.4375,11.5,3.94631,13300,0,0
1995-12-20,11.75,11.75,11.5,11.75,4.0321,6700,0,0
1995-12-21,11.5625,11.75,11.5,11.75,4.0321,8800,0,0
1995-12-22,11.75,11.75,11.5,11.5,3.94631,1600,0,0
1995-12-26,11.5,11.75,11.5,11.75,4.0321,39900,0,0
1995-12-27,11.75,12,11.5,11.875,4.07499,38800,0,0
1995-12-28,11.75,11.875,11.375,11.625,3.98921,53200,0,0
1995-12-29,11.75,11.75,11,11.125,3.81763,104400,0,0
1996-01-02,11,11.25,10.75,11,3.77473,14900,0,0
1996-01-03,11.25,11.5,11,11.5,4.00641,15200,0.165,0
1996-01-04,11.5,11.75,11.375,11.5,4.00641,39900,0,0
1996-01-05,11.375,11.5,11.375,11.5,4.00641,6100,0,0
1996-01-08,11.375,11.5,11.375,11.4375,3.98463,1800,0,0
1996-01-09,11.5,11.5,11.25,11.25,3.91931,26300,0,0
1996-01-10,11,11.25,11,11,3.83221,12500,0,0
1996-01-11,11,11.125,11,11,3.83221,2400,0,0
1996-01-12,11.25,11.375,11,11,3.83221,11200,0,0
1996-01-15,11,11.375,11,11.25,3.91931,4200,0,0
1996-01-16,11,11.375,11,11,3.83221,9600,0,0
1996-01-17,11.375,11.375,10.875,10.875,3.78867,16800,0,0
1996-01-18,11.125,11.125,10.875,10.875,3.78867,6000,0,0
1996-01-19,10.875,11.125,10.875,11.125,3.87576,5000,0,0
1996-01-22,10.875,11.125,10.875,11,3.83221,4400,0,0
1996-01-23,10.875,11,10.75,10.75,3.74512,18200,0,0
1996-01-24,10.75,11.125,10.75,11.125,3.87576,7500,0,0
1996-01-25,10.75,11.125,10.75,11,3.83221,5200,0,0
1996-01-26,10.75,11.125,10.75,11.125,3.87576,13300,0,0
1996-01-29,11.125,11.25,10.875,11.25,3.91931,6200,0,0
1996-01-30,11.25,11.375,11,11.375,3.96286,11400,0,0
1996-01-31,11.25,11.25,11,11,3.83221,1600,0,0
1996-02-01,11,11.0625,11,11,3.83221,4800,0,0
1996-02-02,11.25,11.25,10.875,10.875,3.78867,14600,0,0
1996-02-05,11.125,11.125,10.75,11.125,3.87576,6000,0,0
1996-02-06,10.75,11.125,10.75,11.125,3.87576,2400,0,0
1996-02-07,11.125,11.125,10.75,10.875,3.78867,5300,0,0
1996-02-08,10.875,11.125,10.875,11.125,3.87576,1900,0,0
1996-02-09,11.125,11.125,10.875,10.875,3.78867,7300,0,0
1996-02-12,11.125,11.75,11.125,11.625,4.04995,73400,0,0
1996-02-13,11.5,11.875,11.375,11.875,4.13705,29600,0,0
1996-02-14,11.875,11.875,11.5,11.75,4.0935,13200,0,0
1996-02-15,11.5,12.25,11.5,12.125,4.22415,59100,0,0
1996-02-16,12,12.25,11.625,12,4.1806,46900,0,0
1996-02-20,12,12.125,11.75,11.875,4.13705,20200,0,0
1996-02-21,12,12,11.75,11.875,4.13705,12200,0,0
1996-02-22,11.75,12.125,11.75,12.125,4.22415,60900,0,0
1996-02-23,12,12.125,12,12,4.1806,64500,0,0
1996-02-26,12,12,11.5,11.5,4.00641,30300,0,0
1996-02-27,11.75,11.875,11.625,11.75,4.0935,14500,0,0
1996-02-28,11.625,11.875,11.625,11.875,4.13705,55100,0,0
1996-02-29,11.625,11.875,11.625,11.625,4.04995,19300,0,0
1996-03-01,11.625,11.875,11.625,11.8125,4.11527,52100,0,0
1996-03-04,11.625,11.875,11.625,11.75,4.0935,12900,0,0
1996-03-05,11.875,11.875,11.625,11.75,4.0935,27200,0,0
1996-03-06,11.625,11.875,11.625,11.75,4.0935,5600,0,0
1996-03-07,11.625,11.625,11.625,11.625,4.04995,2700,0,0
1996-03-08,11.625,11.75,11.375,11.375,3.96286,8100,0,0
1996-03-11,11.375,11.625,11.375,11.625,4.04995,14000,0,0
1996-03-12,11.625,11.625,11.25,11.25,3.91931,5900,0,0
1996-03-13,11.625,11.625,11.25,11.625,4.04995,3600,0,0
1996-03-14,11.625,11.875,11.625,11.8125,4.11527,49700,0,0
1996-03-15,11.625,11.875,11.625,11.625,4.04995,3000,0,0
1996-03-18,11.625,11.875,11.625,11.8125,4.11527,5200,0,0
1996-03-19,11.625,11.75,11.5,11.5,4.00641,20300,0,0
1996-03-20,11.4375,11.75,11.375,11.375,3.96286,2400,0,0
1996-03-21,11.5312,11.5312,11.375,11.5,4.00641,31000,0,0
1996-03-22,11.25,11.5,11.25,11.25,3.91931,5100,0,0
1996-03-25,11.5,11.625,11.25,11.625,4.04995,7700,0,0
1996-03-26,11.625,11.75,11.25,11.625,4.04995,33500,0,0
1996-03-27,11.75,11.75,11.375,11.375,3.96286,18900,0,0
1996-03-28,11.375,11.75,11.375,11.625,4.04995,137600,0,0
1996-03-29,11.625,13.125,11.5,12.75,4.44189,238100,0,0
1996-04-01,12.875,13,12.625,12.875,4.48543,167100,0,0
1996-04-02,12.875,12.875,12,12.25,4.3231,109000,0.165,0
1996-04-03,12.5,12.75,12.25,12.625,4.45544,31500,0,0
1996-04-04,12.75,13,12.625,12.625,4.45544,44700,0,0
1996-04-08,12.5,12.5,12.25,12.5,4.41132,17900,0,0
1996-04-09,12.75,12.75,12.375,12.375,4.36721,19100,0,0
1996-04-10,12.375,12.625,12.25,12.25,4.3231,7400,0,0
1996-04-11,12.125,12.25,12,12.25,4.3231,10600,0,0
1996-04-12,12.125,12.375,12.125,12.375,4.36721,13100,0,0
1996-04-15,12.125,12.375,12.125,12.25,4.3231,9200,0,0
1996-04-16,12.375,12.625,12.125,12.375,4.36721,25000,0,0
1996-04-17,12.375,12.625,12.375,12.375,4.36721,16500,0,0
1996-04-18,12.625,12.625,12.375,12.625,4.45544,34700,0,0
1996-04-19,12.75,13.5,12.5,13.5,4.76423,206300,0,0
1996-04-22,13.5,13.5,13.125,13.25,4.676,39800,0,0
1996-04-23,13.25,13.5,13.125,13.375,4.72011,56300,0,0
1996-04-24,13.125,13.375,13.125,13.125,4.63189,32100,0,0
1996-04-25,13.125,13.375,13,13.25,4.676,18300,0,0
1996-04-26,13.125,13.25,12.875,13.25,4.676,53500,0,0
1996-04-29,12.875,13.125,12.875,12.875,4.54366,8000,0,0
1996-04-30,12.875,13.25,12.875,13,4.58777,28200,0,0
1996-05-01,12.875,13.125,12.875,12.9375,4.56572,20500,0,0
1996-05-02,12.75,13.125,12.625,12.875,4.54366,35500,0,0
1996-05-03,13,13,12.625,12.625,4.45544,18400,0,0
1996-05-06,12.75,12.875,12.625,12.75,4.49955,7300,0,0
1996-05-07,12.875,12.875,12.625,12.75,4.49955,17100,0,0
1996-05-08,12.75,13,12.625,12.625,4.45544,34300,0,0
1996-05-09,12.5,12.6875,12.5,12.6875,4.47749,4000,0,0
1996-05-10,12.75,13.25,12.625,13.125,4.63189,78100,0,0
1996-05-13,13,13.625,13,13.125,4.63189,123800,0,0
1996-05-14,13.625,13.75,13.125,13.25,4.676,68500,0,0
1996-05-15,13.25,13.375,13.125,13.375,4.72011,32600,0,0
1996-05-16,13.125,13.375,13,13,4.58777,19700,0,0
1996-05-17,13,13.375,13,13.25,4.676,16700,0,0
1996-05-20,13.25,13.5,13,13.125,4.63189,64600,0,0
1996-05-21,13.5,13.75,13.125,13.75,4.85246,29200,0,0
1996-05-22,13.5,13.75,13.5,13.625,4.80834,7400,0,0
1996-05-23,13.5,13.75,13.375,13.375,4.72011,19600,0,0
1996-05-24,13.375,13.625,13.375,13.375,4.72011,3400,0,0
1996-05-28,13.625,13.625,13,13.375,4.72011,60300,0,0
1996-05-29,13,13.25,12.875,13.25,4.676,34600,0,0
1996-05-30,13,13.25,13,13.25,4.676,26400,0,0
1996-05-31,13,13.25,12.875,12.875,4.54366,35300,0,0
1996-06-03,13.25,13.25,13,13,4.58777,12500,0,0
1996-06-04,13.25,13.25,12.875,13.125,4.63189,51100,0,0
1996-06-05,12.875,13.125,12.875,13,4.58777,27300,0,0
1996-06-06,12.875,13.125,12.875,12.875,4.54366,45500,0,0
1996-06-07,13,13,12.625,12.625,4.45544,20500,0,0
1996-06-10,12.625,13,12.625,13,4.58777,3700,0,0
1996-06-11,12.875,13,12.75,12.75,4.49955,25500,0,0
1996-06-12,12.625,12.875,12.625,12.875,4.54366,11500,0,0
1996-06-13,12.625,12.875,12.625,12.875,4.54366,6400,0,0
1996-06-14,12.875,12.875,12.625,12.625,4.45544,3200,0,0
1996-06-17,12.625,12.875,12.625,12.75,4.49955,11500,0,0
1996-06-18,12.875,12.875,12.625,12.875,4.54366,18900,0,0
1996-06-19,12.875,12.875,12.5,12.5,4.41132,20200,0,0
1996-06-20,12.5,12.75,12.5,12.625,4.45544,11700,0,0
1996-06-21,12.5,12.75,12.5,12.5156,4.41684,16200,0,0
1996-06-24,12.75,12.75,12.25,12.5,4.41132,90000,0,0
1996-06-25,12.5,12.5,12.375,12.375,4.36721,29200,0,0
1996-06-26,12.5,12.5,12.125,12.375,4.36721,12000,0,0
1996-06-27,12.1875,12.25,11.75,11.75,4.14664,52500,0,0
1996-06-28,11.75,11.75,11.625,11.75,4.14664,44400,0,0
1996-07-01,11.75,12.5,11.625,12.375,4.36721,42700,0,0
1996-07-02,12.125,13,12.125,13,4.64977,27900,0.165,0
1996-07-03,13,13,12.5,12.875,4.60506,7300,0,0
1996-07-05,12.5,12.875,12.5,12.875,4.60506,2300,0,0
1996-07-08,12.5,13,12.5,12.75,4.56035,35100,0,0
1996-07-09,12.9375,13.125,12.75,12.75,4.56035,6500,0,0
1996-07-10,13.125,13.125,12.75,12.75,4.56035,14100,0,0
1996-07-11,12.75,13,12.75,12.75,4.56035,13200,0,0
1996-07-12,12.75,12.875,12.625,12.625,4.51565,10500,0,0
1996-07-15,12.625,12.875,12.625,12.875,4.60506,2400,0,0
1996-07-16,12.625,12.75,12.125,12.5,4.47093,56200,0,0
1996-07-17,12.625,12.625,12.25,12.375,4.42623,24900,0,0
1996-07-18,12.375,12.375,12.25,12.375,4.42623,6800,0,0
1996-07-19,12.25,12.375,12.25,12.375,4.42623,1300,0,0
1996-07-22,12.375,12.375,12.25,12.25,4.38152,5000,0,0
1996-07-23,12.25,12.375,12.125,12.25,4.38152,26800,0,0
1996-07-24,12,12.125,11.75,11.75,4.20268,25500,0,0
1996-07-25,11.875,12.25,11.875,12.0625,4.31445,41500,0,0
1996-07-26,12,12.125,11.875,11.875,4.24739,25400,0,0
1996-07-29,12,12,11.625,11.875,4.24739,28900,0,0
1996-07-30,11.875,11.875,11.25,11.375,4.06855,23100,0,0
1996-07-31,11.5,11.625,11.25,11.625,4.15797,50200,0,0
1996-08-01,11.75,12.125,11.5,12,4.2921,30900,0,0
1996-08-02,12.125,12.125,11.875,12.125,4.33681,7700,0,0
1996-08-05,12.125,12.25,11.875,11.875,4.24739,36800,0,0
1996-08-06,12.125,12.125,11.875,12,4.2921,5100,0,0
1996-08-07,11.875,12.375,11.875,12.375,4.42623,27900,0,0
1996-08-08,12,12.5,12,12.375,4.42623,39700,0,0
1996-08-09,12.5,12.5,12.25,12.5,4.47093,10300,0,0
1996-08-12,12.4375,13,12.25,13,4.64977,111400,0,0
1996-08-13,12.875,13,12.625,13,4.64977,65000,0,0
1996-08-14,12.625,13,12.625,12.875,4.60506,9900,0,0
1996-08-15,12.9062,13,12.75,13,4.64977,10500,0,0
1996-08-16,13,13,12.75,13,4.64977,28400,0,0
1996-08-19,13,13,12.75,13,4.64977,16500,0,0
1996-08-20,13,13,12.75,12.9375,4.62742,10200,0,0
1996-08-21,13,13,12.875,13,4.64977,11200,0,0
1996-08-22,13,13.375,12.875,13.125,4.69448,26900,0,0
1996-08-23,13.25,13.875,13,13.625,4.87332,122000,0,0
1996-08-26,13.875,13.875,13.5,13.875,4.96274,26900,0,0
1996-08-27,13.75,13.875,13.625,13.625,4.87332,22200,0,0
1996-08-28,13.875,13.875,13.625,13.875,4.96274,9500,0,0
1996-08-29,13.625,13.875,13.375,13.625,4.87332,38000,0,0
1996-08-30,13.625,13.625,13.375,13.625,4.87332,13900,0,0
1996-09-03,13.5,13.5,13.125,13.25,4.73919,15600,0,0
1996-09-04,13.125,13.375,13.125,13.25,4.73919,43600,0,0
1996-09-05,13.25,13.375,12.875,13,4.64977,34800,0,0
1996-09-06,13.25,13.375,13.125,13.125,4.69448,34100,0,0
1996-09-09,13.375,13.375,12.875,13.125,4.69448,40600,0,0
1996-09-10,13.125,13.375,13,13.25,4.73919,16300,0,0
1996-09-11,13.375,13.5,13,13.5,4.82861,19400,0,0
1996-09-12,13.5,13.875,13.375,13.625,4.87332,41800,0,0
1996-09-13,13.75,13.875,13.5,13.75,4.91803,24900,0,0
1996-09-16,13.75,13.75,13.5,13.75,4.91803,24900,0,0
1996-09-17,13.5,13.75,13.5,13.625,4.87332,48500,0,0
1996-09-18,14.25,14.625,14.125,14.5,5.18628,557300,0,0
1996-09-19,14.5,14.5,14.125,14.125,5.05215,287800,0,0
1996-09-20,14.25,14.375,14.125,14.25,5.09687,55100,0,0
1996-09-23,14.375,14.375,14.125,14.125,5.05215,86800,0,0
1996-09-24,14.125,15.25,14.125,14.875,5.32041,126200,0,0
1996-09-25,15.125,15.875,14.75,15.875,5.67809,281200,0,0
1996-09-26,15.75,16.25,15.625,16.125,5.76751,185200,0,0
1996-09-27,15.75,16.125,15.75,16.125,5.76751,34800,0,0
1996-09-30,16.125,16.375,15.875,16.125,5.76751,141200,0,0
1996-10-01,16,16.375,15.75,16.375,5.85693,83600,0,0
1996-10-02,16.125,16.625,16.125,16.625,6.00687,81900,0.165,0
1996-10-03,16.375,17.625,16.375,17.25,6.23269,383800,0,0
1996-10-04,17.25,17.875,17.25,17.25,6.23269,320100,0,0
1996-10-07,17.375,17.375,16.5,16.625,6.00687,81600,0,0
1996-10-08,16.5,16.875,16.25,16.5,5.96171,58600,0,0
1996-10-09,16.25,16.625,15.75,16.125,5.82621,62500,0,0
1996-10-10,16,16.125,15.625,16,5.78105,70900,0,0
1996-10-11,16,16.5,16,16.25,5.87138,304300,0,0
1996-10-14,16.5,16.5,16.125,16.375,5.91654,174300,0,0
1996-10-15,16.5,17.125,16,17.125,6.18753,260200,0,0
1996-10-16,17.125,17.25,16.75,17.25,6.23269,187300,0,0
1996-10-17,17.125,17.375,16.75,17.25,6.23269,161300,0,0
1996-10-18,17.25,17.25,16.75,16.75,6.05203,21000,0,0
1996-10-21,16.75,16.875,16.5,16.5,5.96171,64300,0,0
1996-10-22,16.5,16.75,16.375,16.75,6.05203,36600,0,0
1996-10-23,16.375,16.75,16,16.5,5.96171,34200,0,0
1996-10-24,16.5,16.5,16.25,16.375,5.91654,9300,0,0
1996-10-25,16.25,16.375,15.75,15.875,5.73588,34700,0,0
1996-10-28,15.75,15.875,15.5,15.5,5.60039,32300,0,0
1996-10-29,15.5,15.75,15.5,15.625,5.64555,44100,0,0
1996-10-30,15.75,15.75,15.25,15.375,5.55523,27700,0,0
1996-10-31,15.25,15.625,15.25,15.625,5.64555,41200,0,0
1996-11-01,15.5,15.75,15.25,15.625,5.64555,117700,0,0
1996-11-04,15.875,15.875,15.625,15.875,5.73588,118600,0,0
1996-11-05,15.875,16.5,15.875,16.5,5.96171,47900,0,0
1996-11-06,16.5,17.375,16.5,17,6.14237,185000,0,0
1996-11-07,16.875,17.25,16.625,16.875,6.0972,236500,0,0
1996-11-08,16.625,17.25,16.625,17.25,6.23269,97200,0,0
1996-11-11,16.875,17.25,16.875,17,6.14237,48700,0,0
1996-11-12,16.875,17.25,16.625,16.875,6.0972,20300,0,0
1996-11-13,16.625,17,16.5,16.6875,6.02945,11400,0,0
1996-11-14,16.625,17,16.5,17,6.14237,24200,0,0
1996-11-15,16.5,17,16.5,16.75,6.05203,15500,0,0
1996-11-18,16.25,16.625,14.625,15,5.41973,239400,0,0
1996-11-19,14.75,15,14.5,14.75,5.32941,82300,0,0
1996-11-20,14.625,14.75,14.5,14.5,5.23908,51200,0,0
1996-11-21,14.5,14.625,14.25,14.4375,5.21649,85300,0,0
1996-11-22,14.375,14.625,14.375,14.5,5.23908,76500,0,0
1996-11-25,14.375,14.75,14.375,14.5,5.23908,31400,0,0
1996-11-26,14.5625,14.75,14.375,14.5,5.23908,64500,0,0
1996-11-27,14.375,14.75,14.375,14.5,5.23908,128700,0,0
1996-11-29,14.5,14.625,14.375,14.5625,5.26166,27300,0,0
1996-12-02,14.625,14.75,14.125,14.125,5.10358,51700,0,0
1996-12-03,14.125,14.5,14,14.25,5.14874,57500,0,0
1996-12-04,14.125,14.375,13.875,14.25,5.14874,77000,0,0
1996-12-05,14.1875,14.375,13.875,14,5.05842,27600,0,0
1996-12-06,13.75,14,13.5,13.75,4.96809,56700,0,0
1996-12-09,14,14,13.6875,14,5.05842,41700,0,0
1996-12-10,14,14,13.375,13.75,4.96809,251100,0,0
1996-12-11,13.5,13.5,12.875,13,4.6971,82400,0,0
1996-12-12,13.375,13.375,13,13.25,4.78743,23800,0,0
1996-12-13,13,13.25,12.875,12.875,4.65194,159100,0,0
1996-12-16,13.125,13.125,12.75,13,4.6971,29700,0,0
1996-12-17,12.75,13,12.75,12.75,4.60677,98900,0,0
1996-12-18,13,13.125,12.75,13,4.6971,92500,0,0
1996-12-19,13.25,13.25,12.875,13.125,4.74227,100200,0,0
1996-12-20,13.25,13.375,12.875,13,4.6971,179100,0,0
1996-12-23,12.875,13.25,12.75,12.875,4.65194,127600,0,0
1996-12-24,13,13,12.625,12.875,4.65194,50200,0,0
1996-12-26,12.875,13,12.5,12.625,4.56161,104800,0,0
1996-12-27,12.5,12.875,12.375,12.625,4.56161,80300,0,0
1996-12-30,12.625,12.75,12.5,12.625,4.56161,171900,0,0
1996-12-31,12.875,13,12.5,12.5,4.57625,63100,0.165,0
1997-01-02,12.5,13.25,12.4375,13,4.7593,113600,0,0
1997-01-03,13.125,13.5,12.875,13.375,4.89659,132000,0,0
1997-01-06,13.5,13.625,13.125,13.5,4.94235,292100,0,0
1997-01-07,13.5,13.625,13.25,13.4375,4.91947,118500,0,0
1997-01-08,13.5,14,13.375,13.75,5.03388,173100,0,0
1997-01-09,14,14,13.625,13.75,5.03388,81800,0,0
1997-01-10,13.5,13.75,13.25,13.75,5.03388,84100,0,0
1997-01-13,13.75,14,13.625,13.6875,5.011,313400,0,0
1997-01-14,13.875,13.875,13.75,13.875,5.07964,64800,0,0
1997-01-15,13.875,14,13.75,14,5.1254,35300,0,0
1997-01-16,14,14,13.75,13.8125,5.05676,41900,0,0
1997-01-17,13.75,14,13.75,14,5.1254,37200,0,0
1997-01-20,14,14,13.875,13.9375,5.10252,76300,0,0
1997-01-21,14,14.125,14,14.0625,5.14829,130900,0,0
1997-01-22,14,14.25,13.875,14.25,5.21693,146000,0,0
1997-01-23,14.25,14.375,14.125,14.25,5.21693,85800,0,0
1997-01-24,14,14.75,14,14.25,5.21693,85700,0,0
1997-01-27,14.125,14.5,14.125,14.25,5.21693,62400,0,0
1997-01-28,14.5,14.75,14.375,14.625,5.35422,68300,0,0
1997-01-29,14.375,14.625,14.375,14.5625,5.33134,27100,0,0
1997-01-30,14.375,14.625,14.375,14.375,5.26269,13900,0,0
1997-01-31,14.375,14.625,14.375,14.625,5.35422,34500,0,0
1997-02-03,14.375,14.625,14.3125,14.5,5.30846,90200,0,0
1997-02-04,14.5,14.625,14.375,14.5,5.30846,84100,0,0
1997-02-05,14.5,14.625,14.375,14.375,5.26269,43600,0,0
1997-02-06,14.375,14.5,14.375,14.5,5.30846,17500,0,0
1997-02-07,14.625,14.625,14.375,14.375,5.26269,18500,0,0
1997-02-10,14.75,14.75,14,14,5.1254,145100,0,0
1997-02-11,14,14.375,13.875,14.125,5.17117,61800,0,0
1997-02-12,14.125,14.125,13.75,13.75,5.03388,27100,0,0
1997-02-13,14,14.125,13.875,14,5.1254,38200,0,0
1997-02-14,14.125,14.125,13.875,14.125,5.17117,37400,0,0
1997-02-18,14.125,14.125,13.875,14,5.1254,31500,0,0
1997-02-19,14,14.125,13.875,14,5.1254,73700,0,0
1997-02-20,13.875,14.125,13.875,14.125,5.17117,22000,0,0
1997-02-21,14.125,14.25,13.875,14,5.1254,55800,0,0
1997-02-24,14,14.25,14,14.25,5.21693,82300,0,0
1997-02-25,14.25,14.625,14.25,14.5,5.30846,43300,0,0
1997-02-26,14.375,14.625,14.375,14.375,5.26269,32500,0,0
1997-02-27,14.375,14.75,14.375,14.75,5.39998,71500,0,0
1997-02-28,14.375,15.25,14.375,15,5.4915,143300,0,0
1997-03-03,15.0625,15.25,14.5,14.625,5.35422,37300,0,0
1997-03-04,14.5,14.75,14.5,14.5,5.30846,16700,0,0
1997-03-05,14.75,14.875,14.625,14.875,5.44574,89300,0,0
1997-03-06,14.625,14.875,14.625,14.875,5.44574,20300,0,0
1997-03-07,14.875,14.875,14.5,14.625,5.35422,32000,0,0
1997-03-10,14.375,14.75,14.375,14.75,5.39998,31600,0,0
1997-03-11,14.75,14.75,14.375,14.625,5.35422,28600,0,0
1997-03-12,14.375,14.75,14.375,14.625,5.35422,29100,0,0
1997-03-13,14.75,14.75,14.5,14.5,5.30846,14100,0,0
1997-03-14,14.5,14.75,14.5,14.75,5.39998,32500,0,0
1997-03-17,14.5,14.875,14.5,14.875,5.44574,9700,0,0
1997-03-18,14.5,14.875,14.5,14.75,5.39998,19200,0,0
1997-03-19,14.5,14.75,14.5,14.75,5.39998,35000,0,0
1997-03-20,14.5,14.75,14.5,14.5,5.30846,34500,0,0
1997-03-21,14.5,14.75,14.25,14.625,5.35422,18200,0,0
1997-03-24,14.25,14.625,14.125,14.3125,5.23981,84600,0,0
1997-03-25,14.25,14.625,14.25,14.625,5.35422,8300,0,0
1997-03-26,14.375,14.75,14.375,14.625,5.35422,64400,0,0
1997-03-27,14.875,14.875,14.5,14.5,5.30846,28800,0,0
1997-03-31,14.5,14.75,14.375,14.625,5.35422,56300,0,0
1997-04-01,14.375,14.5,14.25,14.5,5.30846,17800,0,0
1997-04-02,14.25,14.5,14.25,14.25,5.27698,6900,0.165,0
1997-04-03,14.25,14.375,13.75,14,5.1844,29700,0,0
1997-04-04,13.75,14.5,13.75,14.375,5.32327,48200,0,0
1997-04-07,14.375,14.75,14.375,14.75,5.46213,26700,0,0
1997-04-08,14.375,14.5,14.125,14.125,5.23069,26300,0,0
1997-04-09,14.125,14.5,13.875,13.875,5.13811,64600,0,0
1997-04-10,14.125,14.375,13.875,14.1875,5.25383,33000,0,0
1997-04-11,14.375,14.375,13.625,14.25,5.27698,371100,0,0
1997-04-14,13.875,14,13.5,13.875,5.13811,32100,0,0
1997-04-15,13.875,13.875,13.625,13.75,5.09182,13600,0,0
1997-04-16,13.875,14.125,13.75,14,5.1844,100700,0,0
1997-04-17,13.875,14.125,13.875,13.875,5.13811,21200,0,0
1997-04-18,14,14.125,13.875,13.875,5.13811,13800,0,0
1997-04-21,13.875,14.125,13.75,13.75,5.09182,24400,0,0
1997-04-22,13.75,14,13.75,14,5.1844,11100,0,0
1997-04-23,14,14,13.75,13.875,5.13811,7100,0,0
1997-04-24,13.625,14,13.625,13.75,5.09182,14300,0,0
1997-04-25,13.875,14,13.75,13.875,5.13811,8700,0,0
1997-04-28,13.875,14.125,13.75,14,5.1844,16900,0,0
1997-04-29,13.75,14,13.625,13.625,5.04553,22700,0,0
1997-04-30,13.75,13.75,13.375,13.75,5.09182,38400,0,0
1997-05-01,13.5,13.75,13.5,13.75,5.09182,4700,0,0
1997-05-02,13.75,13.75,13.5,13.75,5.09182,11900,0,0
1997-05-05,13.75,13.75,13.5,13.75,5.09182,24400,0,0
1997-05-06,13.625,13.875,13.5,13.625,5.04553,50600,0,0
1997-05-07,13.625,13.875,13.5,13.5,4.99924,17500,0,0
1997-05-08,13.5,13.75,13.5,13.5,4.99924,11800,0,0
1997-05-09,13.5,13.75,13.5,13.5,4.99924,12600,0,0
1997-05-12,13.75,14.125,13.75,13.75,5.09182,84500,0,0
1997-05-13,14,14.25,13.75,14,5.1844,74300,0,0
1997-05-14,14.25,14.5,14,14.375,5.32327,44100,0,0
1997-05-15,14.5,14.5,14.125,14.5,5.36956,32200,0,0
1997-05-16,14.5,14.5,14.25,14.25,5.27698,19600,0,0
1997-05-19,14.25,14.5,14.125,14.375,5.32327,14400,0,0
1997-05-20,14.125,14.375,14.125,14.125,5.23069,11100,0,0
1997-05-21,14.5,14.5,14.25,14.5,5.36956,14800,0,0
1997-05-22,14.5,14.5,14.125,14.375,5.32327,31000,0,0
1997-05-23,14.125,14.5,14.125,14.5,5.36956,12100,0,0
1997-05-27,14.375,14.375,14.125,14.375,5.32327,21700,0,0
1997-05-28,14.5,14.5,13.9375,14.125,5.23069,35600,0,0
1997-05-29,14.125,14.375,14,14,5.1844,13400,0,0
1997-05-30,14.25,14.625,14,14.4375,5.34641,53600,0,0
1997-06-02,14.625,14.625,14.25,14.5,5.36956,36000,0,0
1997-06-03,14.625,14.875,14.375,14.625,5.41584,53400,0,0
1997-06-04,14.875,15,14.625,14.625,5.41584,57100,0,0
1997-06-05,14.625,14.875,14.625,14.875,5.50842,8900,0,0
1997-06-06,14.75,15.125,14.75,14.9375,5.53157,48800,0,0
1997-06-09,14.875,15.125,14.875,15.125,5.601,48000,0,0
1997-06-10,15,15.25,15,15.125,5.601,87600,0,0
1997-06-11,14.875,15.125,14.75,15,5.55471,18300,0,0
1997-06-12,14.875,15.125,14.875,14.875,5.50842,60100,0,0
1997-06-13,14.875,15.125,14.875,14.9375,5.53157,59600,0,0
1997-06-16,14.9375,15,14.875,15,5.55471,8600,0,0
1997-06-17,15,15,14.75,14.8125,5.48528,16900,0,0
1997-06-18,14.875,15.1875,14.75,15,5.55471,71600,0,0
1997-06-19,15.25,15.25,14.9375,15.125,5.601,86600,0,0
1997-06-20,15.125,15.1562,14.875,15,5.55471,86400,0,0
1997-06-23,14.875,15.25,14.875,15.25,5.64729,18600,0,0
1997-06-24,14.875,15.25,14.875,15.125,5.601,6900,0,0
1997-06-25,15,15.625,15,15.5,5.73987,104800,0,0
1997-06-26,15.25,15.75,15.25,15.6875,5.8093,79500,0,0
1997-06-27,15.625,16.75,15.625,16.25,6.01761,91000,0,0
1997-06-30,16.375,16.5,16,16.375,6.06389,45800,0,0
1997-07-01,16,16.875,16,16.5,6.17238,41300,0.165,0
1997-07-02,16.375,16.5,16,16.125,6.0321,20300,0,0
1997-07-03,16,16.625,16,16.375,6.12562,36800,0,0
1997-07-07,16.5,16.625,15.875,15.875,5.93858,58700,0,0
1997-07-08,15.875,16.375,15.875,16.25,6.07886,26700,0,0
1997-07-09,16.375,16.375,15.875,15.875,5.93858,44000,0,0
1997-07-10,15.875,16.25,15.875,16.1875,6.05548,35800,0,0
1997-07-11,16.4375,16.4375,16.125,16.125,6.0321,16300,0,0
1997-07-14,16.25,16.5,16.125,16.3125,6.10224,11100,0,0
1997-07-15,16.375,16.5,16.125,16.3125,6.10224,10300,0,0
1997-07-16,16.375,16.5,16.125,16.375,6.12562,31200,0,0
1997-07-17,16.125,16.5,16.125,16.5,6.17238,99500,0,0
1997-07-18,16.5,16.875,16.25,16.625,6.21914,102000,0,0
1997-07-21,16.6875,16.75,16.625,16.75,6.2659,37200,0,0
1997-07-22,16.75,16.75,16.625,16.75,6.2659,22400,0,0
1997-07-23,16.6875,16.75,16.625,16.75,6.2659,160700,0,0
1997-07-24,16.625,16.875,16.625,16.875,6.31266,14400,0,0
1997-07-25,16.75,16.75,16.5,16.625,6.21914,64100,0,0
1997-07-28,12,14.5,11.75,13.5,5.05013,387900,0,0
1997-07-29,13.875,14.125,13.3125,13.75,5.14365,159500,0,0
1997-07-30,13.5,13.875,13.5,13.625,5.09689,246300,0,0
1997-07-31,13.875,13.875,13.375,13.75,5.14365,74800,0,0
1997-08-01,13.5,13.875,13.5,13.625,5.09689,109200,0,0
1997-08-04,13.5,13.75,13.375,13.625,5.09689,111000,0,0
1997-08-05,13.5,13.875,13.5,13.5,5.05013,45100,0,0
1997-08-06,13.5,13.875,13.5,13.5,5.05013,44000,0,0
1997-08-07,13.875,13.875,13.5,13.625,5.09689,65300,0,0
1997-08-08,13.5,13.75,13.25,13.375,5.00337,59700,0,0
1997-08-11,13.25,13.5,12.875,13.25,4.95661,89600,0,0
1997-08-12,13.25,13.5,12.75,13.125,4.90984,93100,0,0
1997-08-13,13.25,13.5,13,13,4.86309,128000,0,0
1997-08-14,13.125,13.25,13.125,13.125,4.90984,22400,0,0
1997-08-15,13.2188,13.25,12.875,13,4.86309,11300,0,0
1997-08-18,12.875,13.125,12.625,13,4.86309,66200,0,0
1997-08-19,13,13,12.625,12.875,4.81632,103700,0,0
1997-08-20,13.125,13.125,12.625,12.625,4.72281,152800,0,0
1997-08-21,12.625,13,12.625,13,4.86309,94100,0,0
1997-08-22,13,13,12.625,13,4.86309,34800,0,0
1997-08-25,13,13.375,12.875,13.25,4.95661,102700,0,0
1997-08-26,13.25,13.375,13,13.1875,4.93323,107900,0,0
1997-08-27,13.25,13.375,13,13,4.86309,42300,0,0
1997-08-28,13.25,13.375,13,13.25,4.95661,51500,0,0
1997-08-29,13,13.375,13,13.375,5.00337,27100,0,0
1997-09-02,13.375,13.375,13,13.25,4.95661,39300,0,0
1997-09-03,13.25,13.25,12.875,12.875,4.81632,25600,0,0
1997-09-04,13.125,13.125,12.875,12.875,4.81632,45000,0,0
1997-09-05,13,13.125,12.75,12.9375,4.83971,33100,0,0
1997-09-08,13,13.125,12.75,13.125,4.90984,126300,0,0
1997-09-09,13.0625,13.25,13,13.0625,4.88647,120500,0,0
1997-09-10,13,13.25,13,13.125,4.90984,78400,0,0
1997-09-11,13.125,13.125,12.875,13.125,4.90984,97300,0,0
1997-09-12,13.25,13.25,12.875,13.125,4.90984,148100,0,0
1997-09-15,13.25,13.25,13,13,4.86309,46600,0,0
1997-09-16,13,13.25,13,13.125,4.90984,98300,0,0
1997-09-17,13.25,13.25,13,13.125,4.90984,84900,0,0
1997-09-18,13.25,13.25,13,13,4.86309,36700,0,0
1997-09-19,13,13.0625,13,13.0625,4.88647,42000,0,0
1997-09-22,13,13.125,12.875,13.0625,4.88647,87500,0,0
1997-09-23,12.875,13.0625,12.875,13.0625,4.88647,132400,0,0
1997-09-24,13.125,13.125,12.875,13.0625,4.88647,33800,0,0
1997-09-25,13.0625,13.0625,12.75,13.0625,4.88647,47100,0,0
1997-09-26,13.0625,13.0625,13,13.0625,4.88647,27600,0,0
1997-09-29,13.125,13.125,13,13.125,4.90984,53900,0,0
1997-09-30,13.0625,13.125,13,13.125,4.90984,102800,0,0
1997-10-01,13.125,14,13,14,5.30385,134300,0.165,0
1997-10-02,14,14.5,13.875,14.375,5.44592,131000,0,0
1997-10-03,14.875,14.875,14.5,14.625,5.54063,50200,0,0
1997-10-06,14.5,14.9062,14.375,14.5625,5.51695,101900,0,0
1997-10-07,14.5625,14.75,14.0625,14.25,5.39856,45800,0,0
1997-10-08,14.375,14.375,14.0625,14.25,5.39856,50000,0,0
1997-10-09,14.0625,14.375,14.0625,14.125,5.3512,41000,0,0
1997-10-10,14.375,14.375,14.0625,14.1875,5.37488,22000,0,0
1997-10-13,14.25,14.5,14.0625,14.5,5.49327,10600,0,0
1997-10-14,14.5,14.5,14.125,14.25,5.39856,7200,0,0
1997-10-15,14.375,14.5,14.25,14.3125,5.42224,30100,0,0
1997-10-16,14.25,14.5,14.25,14.25,5.39856,21100,0,0
1997-10-17,14.25,14.5,14,14.125,5.3512,51800,0,0
1997-10-20,14.25,14.25,14,14,5.30385,15300,0,0
1997-10-21,14,14.1875,13.875,14,5.30385,15900,0,0
1997-10-22,13.875,13.9375,13.75,13.875,5.25649,8800,0,0
1997-10-23,13.5,13.875,13.375,13.5,5.11442,24200,0,0
1997-10-24,13.75,13.75,13.4375,13.5,5.11442,18900,0,0
1997-10-27,13.75,13.75,13,13.125,4.97236,12800,0,0
1997-10-28,12.75,13.5,12.625,13.5,5.11442,50800,0,0
1997-10-29,13.375,13.5,13.125,13.5,5.11442,19900,0,0
1997-10-30,13.125,13.5,13.125,13.1875,4.99603,55400,0,0
1997-10-31,13.25,13.375,13.125,13.125,4.97236,32400,0,0
1997-11-03,13.125,13.5,13.125,13.1875,4.99603,77300,0,0
1997-11-04,13.5,13.5,13.1875,13.5,5.11442,29500,0,0
1997-11-05,13.5,14,13.5,14,5.30385,29900,0,0
1997-11-06,13.875,14.4375,13.75,13.875,5.25649,27900,0,0
1997-11-07,13.875,13.875,13.5,13.75,5.20914,10400,0,0
1997-11-10,13.5,14,13.5,14,5.30385,15200,0,0
1997-11-11,13.5,13.875,13.5,13.625,5.16178,12400,0,0
1997-11-12,13.375,13.875,13.375,13.6875,5.18546,17300,0,0
1997-11-13,13.4375,13.8125,13.375,13.5,5.11442,13700,0,0
1997-11-14,13.375,13.75,13.375,13.5,5.11442,51200,0,0
1997-11-17,13.375,13.5,12.75,13.0625,4.94868,116600,0,0
1997-11-18,13.0625,13.125,12.625,12.75,4.83029,134700,0,0
1997-11-19,13,13.25,12.75,13.25,5.01971,28700,0,0
1997-11-20,13.25,13.5,13,13.125,4.97236,15900,0,0
1997-11-21,13.25,13.5,13.125,13.4375,5.09075,28700,0,0
1997-11-24,13,13.5,13,13.5,5.11442,52000,0,0
1997-11-25,13.5,13.5,13.25,13.375,5.06707,21800,0,0
1997-11-26,13.25,13.5,13.25,13.5,5.11442,7800,0,0
1997-11-28,13.5,13.5,13.4375,13.5,5.11442,15300,0,0
1997-12-01,13.3125,13.75,13.25,13.75,5.20914,42900,0,0
1997-12-02,13.375,13.75,13.375,13.5625,5.1381,33200,0,0
1997-12-03,13.5,13.625,13.5,13.5,5.11442,12200,0,0
1997-12-04,13.75,13.75,13.5,13.75,5.20914,3900,0,0
1997-12-05,13.5625,13.75,13.5,13.6875,5.18546,10600,0,0
1997-12-08,13.625,14,13.5625,13.75,5.20914,6400,0,0
1997-12-09,13.75,14,13.75,13.75,5.20914,44100,0,0
1997-12-10,13.75,13.75,13.5,13.5,5.11442,20900,0,0
1997-12-11,13.625,13.625,13.375,13.375,5.06707,28300,0,0
1997-12-12,13.625,13.625,13.375,13.5625,5.1381,6900,0,0
1997-12-15,13.5625,13.875,13.375,13.875,5.25649,312000,0,0
1997-12-16,13.875,14.125,13.625,14,5.30385,22000,0,0
1997-12-17,13.75,14.0312,13.75,14,5.30385,22900,0,0
1997-12-18,13.875,14.25,13.875,14,5.30385,20800,0,0
1997-12-19,14,14,13.75,14,5.30385,30100,0,0
1997-12-22,14,14.875,13.75,14.75,5.58798,75600,0,0
1997-12-23,14.5,15,14.25,14.75,5.58798,18900,0,0
1997-12-24,14.25,14.375,14.25,14.25,5.39856,6400,0,0
1997-12-26,14.25,14.5,14.25,14.5,5.49327,5700,0,0
1997-12-29,14,14.5,14,14.375,5.44592,41700,0,0
1997-12-30,14.375,14.75,14,14.5,5.49327,76400,0,0
1997-12-31,14.25,14.5,14.25,14.25,5.39856,25200,0,0
1998-01-02,14.25,14.625,13.875,14,5.30385,27200,0,0
1998-01-05,14.125,14.125,13.75,13.75,5.20914,30500,0,0
1998-01-06,13.75,13.75,13.375,13.375,5.06707,38400,0,0
1998-01-07,13.6875,13.6875,13,13.2812,5.0944,28700,0.165,0
1998-01-08,13.1875,13.5,13.125,13.375,5.13036,33200,0,0
1998-01-09,13.125,13.25,12.75,13.0625,5.01049,74600,0,0
1998-01-12,13,13.25,12.625,13,4.98651,65200,0,0
1998-01-13,13.3125,13.5,13.25,13.5,5.17831,7200,0,0
1998-01-14,13.5,14.25,13.375,13.875,5.32215,46100,0,0
1998-01-15,13.625,14.125,13.625,13.6875,5.25023,19700,0,0
1998-01-16,14,14.2812,13.875,14.25,5.46599,38600,0,0
1998-01-20,14.25,14.5,14.1875,14.5,5.56188,36300,0,0
1998-01-21,14.0625,14.5,14,14,5.3701,11700,0,0
1998-01-22,14,14.375,14,14.25,5.46599,21000,0,0
1998-01-23,14.125,14.375,14.125,14.375,5.51394,35900,0,0
1998-01-26,14,14.375,13.75,13.8125,5.29817,28300,0,0
1998-01-27,14,14.125,13.5,13.75,5.2742,18400,0,0
1998-01-28,13.5,14,13.5,13.8125,5.29817,18000,0,0
1998-01-29,13.8125,14.125,13.8125,14,5.3701,37300,0,0
1998-01-30,13.875,14,13.625,13.625,5.22625,3700,0,0
1998-02-02,13.375,13.5,11.375,13,4.98651,99100,0,0
1998-02-03,12.75,13,12.5,13,4.98651,58100,0,0
1998-02-04,13,13,12.75,12.8125,4.9146,43700,0,0
1998-02-05,12.875,12.875,12.375,12.375,4.74678,95100,0,0
1998-02-06,12.625,12.625,12.25,12.625,4.84267,69100,0,0
1998-02-09,12.75,13,12.75,13,4.98651,83700,0,0
1998-02-10,13,13,12.875,12.9375,4.96254,114100,0,0
1998-02-11,13,13,12.875,12.9375,4.96254,110400,0,0
1998-02-12,12.9375,13.125,12.9375,12.9375,4.96254,31600,0,0
1998-02-13,12.875,13.125,12.875,13,4.98651,69900,0,0
1998-02-17,12.9375,12.9375,12.5,12.6875,4.86665,37400,0,0
1998-02-18,12.75,12.75,12.5,12.6875,4.86665,33700,0,0
1998-02-19,12.625,12.75,12.125,12.3125,4.72281,60500,0,0
1998-02-20,12.625,12.625,12.3125,12.5,4.79473,52300,0,0
1998-02-23,12.375,12.875,12.375,12.75,4.89062,150500,0,0
1998-02-24,12.875,12.875,12.5,12.5,4.79473,62400,0,0
1998-02-25,12.5,12.75,12.5,12.625,4.84267,105000,0,0
1998-02-26,12.75,12.75,12.5,12.625,4.84267,47700,0,0
1998-02-27,12.5,12.625,12.5,12.5,4.79473,35700,0,0
1998-03-02,12.5,12.75,12.5,12.625,4.84267,86800,0,0
1998-03-03,12.5,12.875,12.5,12.875,4.93857,134200,0,0
1998-03-04,12.875,12.875,12.75,12.875,4.93857,82500,0,0
1998-03-05,12.625,12.875,12.5625,12.8125,4.9146,96200,0,0
1998-03-06,12.875,13.625,12.625,13.5,5.17831,185500,0,0
1998-03-09,13.5,13.5,13.125,13.25,5.08241,47900,0,0
1998-03-10,13.1875,13.5,13.1875,13.5,5.17831,62500,0,0
1998-03-11,13.25,13.625,13.25,13.5,5.17831,21200,0,0
1998-03-12,13.25,13.625,13.25,13.375,5.13036,8500,0,0
1998-03-13,13.375,13.625,13.375,13.5,5.17831,21600,0,0
1998-03-16,13.4375,13.8125,13.4375,13.75,5.2742,24400,0,0
1998-03-17,13.8125,13.8125,13.3125,13.4375,5.15433,30500,0,0
1998-03-18,13.5,13.5,13.4375,13.5,5.17831,10900,0,0
1998-03-19,13.625,13.625,13.3125,13.5,5.17831,40900,0,0
1998-03-20,13.625,13.625,13.5,13.625,5.22625,18100,0,0
1998-03-23,13.75,13.75,13.3125,13.5,5.17831,16200,0,0
1998-03-24,13.5,13.625,13.3125,13.3125,5.10639,18000,0,0
1998-03-25,13.3125,13.375,13.3125,13.375,5.13036,8100,0,0
1998-03-26,13.375,13.5,13.3125,13.3125,5.10639,9300,0,0
1998-03-27,13.375,13.625,13.3125,13.4375,5.15433,37000,0,0
1998-03-30,13.4375,13.5625,13.125,13.375,5.13036,42500,0,0
1998-03-31,13.625,13.625,13.375,13.5,5.17831,10400,0,0
1998-04-01,13.375,13.5,13.375,13.375,5.19384,15200,0.165,0
1998-04-02,13.375,13.5,13.25,13.375,5.19384,62500,0,0
1998-04-03,13.25,13.4375,12.75,12.875,4.99968,46500,0,0
1998-04-06,12.625,13.125,12.625,13.125,5.09676,37900,0,0
1998-04-07,13.125,13.125,12.875,13,5.04822,5900,0,0
1998-04-08,12.875,13.125,12.875,13,5.04822,19500,0,0
1998-04-09,13,13.125,13,13,5.04822,78600,0,0
1998-04-13,12.75,13.25,12.625,13.125,5.09676,22700,0,0
1998-04-14,12.75,13.125,12.75,12.875,4.99968,21400,0,0
1998-04-15,13.125,13.125,12.625,12.75,4.95114,42400,0,0
1998-04-16,12.75,13.125,12.75,13,5.04822,15100,0,0
1998-04-17,13,13.125,12.875,13.125,5.09676,9700,0,0
1998-04-20,13,13.25,12.8125,13,5.04822,21900,0,0
1998-04-21,13,13.25,13,13,5.04822,10300,0,0
1998-04-22,13,13,12.625,13,5.04822,27700,0,0
1998-04-23,13,13,12.625,12.75,4.95114,10600,0,0
1998-04-24,12.625,13,12.625,12.875,4.99968,29700,0,0
1998-04-27,12.875,13,12.75,12.75,4.95114,12100,0,0
1998-04-28,12.875,13,12.5,12.5,4.85405,20700,0,0
1998-04-29,12.5,13,12.5,12.875,4.99968,18300,0,0
1998-04-30,11.875,12.75,11.75,12.5,4.85405,155400,0,0
1998-05-01,12.4375,12.5,12.25,12.375,4.80551,85700,0,0
1998-05-04,12.5,12.625,12.125,12.1875,4.7327,54300,0,0
1998-05-05,12.1875,12.5,12.125,12.1875,4.7327,107000,0,0
1998-05-06,12.3125,12.75,12.25,12.5,4.85405,614900,0,0
1998-05-07,12.6875,12.6875,12.375,12.375,4.80551,63000,0,0
1998-05-08,12.375,12.75,12.375,12.375,4.80551,54500,0,0
1998-05-11,12.5,12.625,12.375,12.5,4.85405,19400,0,0
1998-05-12,12.4375,12.625,12.375,12.375,4.80551,36900,0,0
1998-05-13,12.375,12.625,12.375,12.5,4.85405,165800,0,0
1998-05-14,12.5,12.6875,12.25,12.3125,4.78124,62000,0,0
1998-05-15,12.3125,12.5,12.25,12.375,4.80551,25100,0,0
1998-05-18,12.375,12.375,11.8125,12.25,4.75697,92500,0,0
1998-05-19,12.375,12.375,11.75,12.3125,4.78124,56800,0,0
1998-05-20,12.25,12.5625,11.5625,12,4.65989,81500,0,0
1998-05-21,12.25,12.875,12,12.75,4.95114,37000,0,0
1998-05-22,12.75,12.75,12.5,12.5,4.85405,28400,0,0
1998-05-26,12.5,12.75,12.5,12.5625,4.87832,21300,0,0
1998-05-27,12.25,12.75,12.125,12.625,4.90259,110700,0,0
1998-05-28,12.625,12.75,12.125,12.75,4.95114,66300,0,0
1998-05-29,12.75,12.8125,12.25,12.5,4.85405,54900,0,0
1998-06-01,12.625,12.6875,11.875,12.375,4.80551,46000,0,0
1998-06-02,12.375,12.625,12.375,12.375,4.80551,28000,0,0
1998-06-03,12.25,12.625,12.25,12.625,4.90259,47200,0,0
1998-06-04,12.375,12.5,12.25,12.25,4.75697,21100,0,0
1998-06-05,12.25,12.25,12.0625,12.25,4.75697,21000,0,0
1998-06-08,12.125,12.375,12,12.0625,4.68416,38900,0,0
1998-06-09,12.25,12.375,12,12.375,4.80551,27900,0,0
1998-06-10,12.125,12.75,12.125,12.125,4.70843,51500,0,0
1998-06-11,12.25,12.25,12,12.0625,4.68416,24000,0,0
1998-06-12,12,12.125,11.875,11.9375,4.63562,18800,0,0
1998-06-15,11.9375,12.25,11.625,11.625,4.51427,36700,0,0
1998-06-16,12,12,11.625,12,4.65989,42800,0,0
1998-06-17,12.25,12.375,11.875,12.375,4.80551,63600,0,0
1998-06-18,12,12.5,12,12.375,4.80551,17100,0,0
1998-06-19,12,12.5,12,12.375,4.80551,10500,0,0
1998-06-22,12.375,13.25,12.125,13,5.04822,67100,0,0
1998-06-23,13,13.6875,12.9688,13.625,5.29092,132300,0,0
1998-06-24,13.375,13.5,13,13.25,5.1453,56600,0,0
1998-06-25,13.3125,13.5312,13.25,13.25,5.1453,20600,0,0
1998-06-26,13.0625,13.125,12.75,13,5.04822,22900,0,0
1998-06-29,13.375,13.625,13,13.375,5.19384,28700,0,0
1998-06-30,13.375,14.5,13.25,14.5,5.70104,166200,0.165,0
1998-07-01,14,14.4375,14,14.3125,5.62731,23500,0,0
1998-07-02,14,14,13.75,13.75,5.40615,8500,0,0
1998-07-06,13.625,13.8125,13.625,13.6562,5.36929,4900,0,0
1998-07-07,13.75,13.75,13.5,13.5,5.30786,22900,0,0
1998-07-08,13.5,13.875,13.5,13.5625,5.33244,9800,0,0
1998-07-09,13.5625,13.75,13.5,13.5,5.30786,20700,0,0
1998-07-10,13.625,13.75,13.5,13.75,5.40615,27900,0,0
1998-07-13,13.5,13.625,13.25,13.25,5.20957,14300,0,0
1998-07-14,13.25,13.625,13,13.25,5.20957,7300,0,0
1998-07-15,13,13.5,13,13.25,5.20957,45000,0,0
1998-07-16,13.25,13.375,13.125,13.375,5.25871,14300,0,0
1998-07-17,13.5,13.5,13.125,13.3125,5.23414,9900,0,0
1998-07-20,13.25,13.375,13.125,13.375,5.25871,12400,0,0
1998-07-21,13.125,13.125,12.6875,12.6875,4.98841,20000,0,0
1998-07-22,13,13,12.5,12.75,5.01298,19000,0,0
1998-07-23,12.5,13,12.5,12.625,4.96383,18300,0,0
1998-07-24,12.5,13,12.375,12.375,4.86554,5200,0,0
1998-07-27,12.875,12.875,12.125,12.1875,4.79182,14800,0,0
1998-07-28,12.125,12.625,12.125,12.3125,4.84096,16900,0,0
1998-07-29,12.125,12.375,12.125,12.25,4.81639,55000,0,0
1998-07-30,12.25,12.5,12.125,12.125,4.76724,118200,0,0
1998-07-31,12.125,12.375,12.125,12.125,4.76724,15400,0,0
1998-08-03,12.125,12.1875,12,12,4.7181,37600,0,0
1998-08-04,12,12,11.375,11.875,4.66895,53400,0,0
1998-08-05,11.75,11.9375,11.625,11.625,4.57066,24200,0,0
1998-08-06,11.625,12.125,11.625,11.8125,4.64438,30200,0,0
1998-08-07,11.875,12,11.75,11.75,4.6198,30100,0,0
1998-08-10,11.875,11.875,11.5,11.75,4.6198,48100,0,0
1998-08-11,11.375,11.875,11.3125,11.5625,4.54608,61100,0,0
1998-08-12,11.875,11.875,11.25,11.625,4.57066,30100,0,0
1998-08-13,11.625,11.875,11.625,11.875,4.66895,20500,0,0
1998-08-14,11.6875,12,11.625,11.8125,4.64438,37900,0,0
1998-08-17,12,12,11.5,12,4.7181,54400,0,0
1998-08-18,11.875,12,11.75,12,4.7181,37700,0,0
1998-08-19,11.75,11.875,11.5,11.75,4.6198,20300,0,0
1998-08-20,11.5,11.75,11.375,11.625,4.57066,20600,0,0
1998-08-21,11.75,11.875,11.25,11.5312,4.5338,23200,0,0
1998-08-24,11.75,12,11.25,11.25,4.42321,22700,0,0
1998-08-25,11.6875,11.75,11.125,11.25,4.42321,29900,0,0
1998-08-26,11.4375,11.625,11.125,11.125,4.37407,20500,0,0
1998-08-27,11.5,11.5,11,11.125,4.37407,16600,0,0
1998-08-28,11.4375,11.5,11,11,4.32492,16800,0,0
1998-08-31,11.0625,11.25,10.875,11,4.32492,42800,0,0
1998-09-01,10.875,11.25,10.875,11.2188,4.41093,12100,0,0
1998-09-02,11.3125,11.3125,10.875,10.875,4.27577,19600,0,0
1998-09-03,11,11.25,10.6875,10.875,4.27577,16700,0,0
1998-09-04,10.625,11.125,10.625,10.75,4.22663,10000,0,0
1998-09-08,11.25,11.25,10.9375,11.125,4.37407,13800,0,0
1998-09-09,10.75,11.25,10.4375,11,4.32492,314500,0,0
1998-09-10,10.75,11,10.25,10.75,4.22663,43400,0,0
1998-09-11,10.75,11.9375,10.75,11.75,4.6198,48300,0,0
1998-09-14,11.25,11.875,11.25,11.375,4.47236,9900,0,0
1998-09-15,11.25,11.875,11.25,11.75,4.6198,5800,0,0
1998-09-16,11.5,11.75,11.375,11.5,4.52151,14700,0,0
1998-09-17,11.25,11.75,11.25,11.75,4.6198,6800,0,0
1998-09-18,11.75,11.75,11.25,11.75,4.6198,35100,0,0
1998-09-21,11.75,11.75,11.25,11.75,4.6198,10600,0,0
1998-09-22,11.75,11.75,11.3125,11.7188,4.60752,7800,0,0
1998-09-23,11.625,12,11.625,11.8125,4.64438,21500,0,0
1998-09-24,11.9375,12,11.6875,11.8438,4.65666,11300,0,0
1998-09-25,11.8125,12,11.5,11.625,4.57066,6600,0,0
1998-09-28,11.5,12,11.5,11.5,4.52151,12500,0,0
1998-09-29,11.875,11.875,11.5,11.625,4.57066,13500,0,0
1998-09-30,11.625,11.75,11.3125,11.75,4.68632,12400,0.165,0
1998-10-01,11.5,11.5,11.1875,11.1875,4.46197,5100,0,0
1998-10-02,11.125,11.4062,11.125,11.4062,4.54922,9300,0,0
1998-10-05,11.125,11.375,11.0625,11.0625,4.41212,28600,0,0
1998-10-06,11.0625,11.25,10.1875,11.25,4.4869,62900,0,0
1998-10-07,11.125,11.125,10.625,11,4.38719,15400,0,0
1998-10-08,10.625,10.8125,10.25,10.75,4.28748,29800,0,0
1998-10-09,11,11,10.375,10.375,4.13792,10600,0,0
1998-10-12,11,11,10.375,10.5,4.18777,4400,0,0
1998-10-13,11,11,10.5,10.5,4.18777,5100,0,0
1998-10-14,10.5,11,10.5,11,4.38719,3300,0,0
1998-10-15,11,11.25,10.5,11.25,4.4869,25000,0,0
1998-10-16,10.625,11.125,10.625,11,4.38719,10300,0,0
1998-10-19,11,11.25,10.875,11.125,4.43704,18400,0,0
1998-10-20,11.25,12.25,11.0625,12,4.78603,116000,0,0
1998-10-21,11.5,12,11.375,11.625,4.63647,21800,0,0
1998-10-22,11.75,13.25,11.75,13,5.18486,78800,0,0
1998-10-23,13.25,13.375,12.75,13,5.18486,41200,0,0
1998-10-26,12.75,13.375,12.625,13.2812,5.29703,23500,0,0
1998-10-27,12.875,13.25,12.75,12.75,5.08516,15100,0,0
1998-10-28,12.75,12.875,12.25,12.25,4.88574,7200,0,0
1998-10-29,12.25,12.625,12.25,12.375,4.93559,8300,0,0
1998-10-30,12.4375,12.5625,12,12.5,4.98544,3000,0,0
1998-11-02,12,12.5,12,12.5,4.98544,10800,0,0
1998-11-03,12.625,12.625,11.75,12.25,4.88574,11900,0,0
1998-11-04,12.3125,12.5,12,12.4688,4.97298,4100,0,0
1998-11-05,12.375,12.5,12.375,12.4688,4.97298,23600,0,0
1998-11-06,12.25,12.375,12.25,12.375,4.93559,12000,0,0
1998-11-09,12.5,12.5,12.25,12.25,4.88574,7400,0,0
1998-11-10,12.3125,12.5,12.3125,12.4375,4.96052,22500,0,0
1998-11-11,12.5,12.5,12.25,12.4375,4.96052,33000,0,0
1998-11-12,12.375,12.5,12.125,12.375,4.93559,19400,0,0
1998-11-13,12.25,12.5,12,12.25,4.88574,43600,0,0
1998-11-16,12.125,12.5,12.125,12.25,4.88574,24000,0,0
1998-11-17,12.125,12.375,12,12,4.78603,33100,0,0
1998-11-18,11.75,12.25,11.75,11.75,4.68632,23800,0,0
1998-11-19,11.875,12.5,11.875,12.375,4.93559,55100,0,0
1998-11-20,12.25,12.5,12.125,12.375,4.93559,23200,0,0
1998-11-23,12.125,12.3125,11.75,12,4.78603,14600,0,0
1998-11-24,12,12.25,12,12,4.78603,4200,0,0
1998-11-25,12.25,12.375,12,12.375,4.93559,18000,0,0
1998-11-27,12.5,12.5,12,12.25,4.88574,11100,0,0
1998-11-30,12,12.25,11.875,12,4.78603,16000,0,0
1998-12-01,12.25,12.25,11.875,12.25,4.88574,10700,0,0
1998-12-02,12,12.4375,12,12.25,4.88574,10900,0,0
1998-12-03,12.5,12.5,12,12,4.78603,12600,0,0
1998-12-04,12,12.25,11.875,12.25,4.88574,7200,0,0
1998-12-07,11.75,12.25,11.75,12.125,4.83588,11400,0,0
1998-12-08,11.75,12,11.375,11.375,4.53676,68000,0,0
1998-12-09,11.75,11.75,11.375,11.375,4.53676,59900,0,0
1998-12-10,11.625,11.625,11.4375,11.625,4.63647,23500,0,0
1998-12-11,11.625,11.625,11.25,11.4375,4.56168,42700,0,0
1998-12-14,11,11.5,11,11,4.38719,42200,0,0
1998-12-15,11.4375,11.4375,10.75,10.75,4.28748,18000,0,0
1998-12-16,10.75,11.25,10.5,11.125,4.43704,32400,0,0
1998-12-17,11.25,11.25,10.75,11,4.38719,27700,0,0
1998-12-18,10.8125,11.125,10.75,11.125,4.43704,32000,0,0
1998-12-21,11,11,10.6875,10.8125,4.31241,62700,0,0
1998-12-22,10.875,11,10.6875,11,4.38719,14100,0,0
1998-12-23,11,11.125,10.75,10.875,4.33734,19300,0,0
1998-12-24,11,11,10.6875,10.8438,4.32487,22400,0,0
1998-12-28,10.6875,11.1875,10.6875,11.1875,4.46197,100500,0,0
1998-12-29,11,11.375,11,11.375,4.53676,61300,0,0
1998-12-30,11.125,11.375,10.875,11.125,4.43704,66100,0,0
1998-12-31,10.75,11.1875,10.75,10.9375,4.36226,46600,0,0
1999-01-04,11.5,11.8125,10.875,11.75,4.68632,17300,0,0
1999-01-05,11.5,12,11.5,12,4.78603,54500,0,0
1999-01-06,11.375,12,11.375,11.6562,4.71374,15400,0.165,0
1999-01-07,11.5,12,11.25,11.25,4.54946,37100,0,0
1999-01-08,11.25,11.75,11.25,11.5,4.65055,47800,0,0
1999-01-11,11.5,12,11.5,11.625,4.7011,56400,0,0
1999-01-12,11.625,11.875,11.25,11.25,4.54946,63400,0,0
1999-01-13,11.5,11.5,11,11.125,4.49891,39700,0,0
1999-01-14,11.125,11.625,11.125,11.5,4.65055,36000,0,0
1999-01-15,11.5,11.75,11.25,11.75,4.75166,58600,0,0
1999-01-19,11.5,11.875,11.375,11.75,4.75166,20500,0,0
1999-01-20,11.375,11.875,11.375,11.5,4.65055,20800,0,0
1999-01-21,11.375,11.875,11.375,11.625,4.7011,14800,0,0
1999-01-22,12,12,11.625,11.75,4.75166,11800,0,0
1999-01-25,11.625,12.375,11.5,12.25,4.95385,29100,0,0
1999-01-26,12.25,12.5,11.875,12,4.85275,42700,0,0
1999-01-27,11.875,12.125,11.875,12,4.85275,48900,0,0
1999-01-28,12,12,11.75,11.75,4.75166,29000,0,0
1999-01-29,11.75,12.1875,11.5,12,4.85275,78000,0,0
1999-02-01,12.125,12.25,11.9375,12.125,4.9033,72100,0,0
1999-02-02,12.25,12.25,11.9375,12.125,4.9033,15400,0,0
1999-02-03,11.9375,12.125,11.9375,12,4.85275,42700,0,0
1999-02-04,11.75,12,11.75,11.9375,4.82748,12200,0,0
1999-02-05,11.875,12,11.875,12,4.85275,13100,0,0
1999-02-08,11.875,12,11.75,11.9688,4.84012,26100,0,0
1999-02-09,11.75,12,11.75,11.875,4.8022,25900,0,0
1999-02-10,11.875,12,11.5,12,4.85275,58300,0,0
1999-02-11,11.75,12,11.625,11.875,4.8022,52200,0,0
1999-02-12,11.625,11.6875,11.5625,11.5625,4.67583,4700,0,0
1999-02-16,11.5625,12,11.5625,11.625,4.7011,4300,0,0
1999-02-17,11.5625,11.625,11.5,11.5625,4.67583,36100,0,0
1999-02-18,11.5625,11.625,11.375,11.375,4.60001,28400,0,0
1999-02-19,11.375,11.875,11.375,11.625,4.7011,27700,0,0
1999-02-22,11.875,12,11.625,11.75,4.75166,24200,0,0
1999-02-23,11.75,12,11.625,12,4.85275,16000,0,0
1999-02-24,11.875,11.9375,11.25,11.875,4.8022,44400,0,0
1999-02-25,11.8125,12,11.75,11.875,4.8022,7900,0,0
1999-02-26,11.75,12.125,11.75,11.9375,4.82748,63200,0,0
1999-03-01,11.75,12,11.75,12,4.85275,37700,0,0
1999-03-02,11.625,12,11.625,11.875,4.8022,14600,0,0
1999-03-03,12,12.25,11.625,12,4.85275,28600,0,0
1999-03-04,12.125,12.25,11.9375,12.0781,4.88435,25600,0,0
1999-03-05,12.25,12.25,11.9375,11.9375,4.82748,5600,0,0
1999-03-08,12,12,11.875,11.9375,4.82748,4900,0,0
1999-03-09,12,12.25,11.75,11.75,4.75166,19700,0,0
1999-03-10,12.125,12.125,11.75,11.75,4.75166,9300,0,0
1999-03-11,11.75,11.9375,11.6875,11.75,4.75166,29800,0,0
1999-03-12,11.6875,11.75,11.5,11.625,4.7011,23900,0,0
1999-03-15,11.5,11.75,11.5,11.5,4.65055,7400,0,0
1999-03-16,11.5,11.75,11.5,11.625,4.7011,21500,0,0
1999-03-17,11.625,11.75,11.3125,11.375,4.60001,31200,0,0
1999-03-18,11.25,11.5625,11.25,11.375,4.60001,6100,0,0
1999-03-19,11.25,11.5,11,11.1875,4.52418,23000,0,0
1999-03-22,11.25,11.25,11,11,4.44836,12400,0,0
1999-03-23,10.875,11.5,10.875,11,4.44836,10600,0,0
1999-03-24,11.375,11.375,10.8125,10.875,4.39781,18800,0,0
1999-03-25,11.25,11.5,11,11.0625,4.47363,14900,0,0
1999-03-26,11.25,11.5,11.125,11.125,4.49891,5100,0,0
1999-03-29,11.0312,11.4375,11,11.25,4.54946,25900,0,0
1999-03-30,11.5,11.5,11.25,11.375,4.66848,41200,0.165,0
1999-03-31,11,11.625,11,11.5,4.71978,44600,0,0
1999-04-01,11.625,11.75,11.25,11.3125,4.64283,37300,0,0
1999-04-05,11.3125,11.625,11.125,11.125,4.56587,13200,0,0
1999-04-06,11.75,11.75,10.9375,10.9375,4.48892,11100,0,0
1999-04-07,11.375,11.375,10.75,10.875,4.46327,15200,0,0
1999-04-08,11.25,11.25,10.75,10.75,4.41197,20500,0,0
1999-04-09,11,11.25,10.625,10.8125,4.43762,34700,0,0
1999-04-12,10.625,11.125,10.5625,10.9375,4.48892,18700,0,0
1999-04-13,10.75,11,10.75,10.875,4.46327,18000,0,0
1999-04-14,10.875,11.125,10.625,10.75,4.41197,26200,0,0
1999-04-15,10.875,11,10.75,10.75,4.41197,11600,0,0
1999-04-16,10.75,10.875,10.625,10.875,4.46327,8900,0,0
1999-04-19,11,11.375,10.8125,11.1562,4.5787,21200,0,0
1999-04-20,11,11.375,10.75,10.875,4.46327,37100,0,0
1999-04-21,10.75,11.125,10.75,10.875,4.46327,26900,0,0
1999-04-22,10.875,11.25,10.75,10.8125,4.43762,16000,0,0
1999-04-23,10.75,11.125,10.625,11.0625,4.54022,62000,0,0
1999-04-26,10.75,11.25,10.75,11.125,4.56587,52300,0,0
1999-04-27,11.5,11.625,11.25,11.5,4.71978,37600,0,0
1999-04-28,11.375,12.25,11.375,12.25,5.02759,47200,0,0
1999-04-29,11.9375,12.3125,11.9375,12.0625,4.95064,14900,0,0
1999-04-30,12.1875,12.1875,11.5,11.5,4.71978,28600,0,0
1999-05-03,11.5,12,11.5,11.5,4.71978,15800,0,0
1999-05-04,12,12,11.375,11.75,4.82238,12500,0,0
1999-05-05,11.75,11.75,11.75,11.75,4.82238,6700,0,0
1999-05-06,12,12,11.5,12,4.92499,10700,0,0
1999-05-07,11.5,11.75,11.375,11.75,4.82238,9500,0,0
1999-05-10,11.75,11.75,11.125,11.5625,4.74543,17300,0,0
1999-05-11,11.5,11.625,11,11.0625,4.54022,25500,0,0
1999-05-12,11.5,11.5,10.875,10.9375,4.48892,43600,0,0
1999-05-13,10.9375,11.5,10.9375,11.4375,4.69413,57500,0,0
1999-05-14,11,11.75,11,11.25,4.61717,16100,0,0
1999-05-17,11.25,11.5,11.25,11.375,4.66848,8200,0,0
1999-05-18,11.1875,11.5,11.1875,11.375,4.66848,73400,0,0
1999-05-19,11.5,11.5625,11.375,11.5625,4.74543,28900,0,0
1999-05-20,11.5625,12.25,11.5,12.125,4.97629,37800,0,0
1999-05-21,11.75,12.5,11.75,11.875,4.87369,17100,0,0
1999-05-24,12.125,12.5,12,12.1875,5.00194,17600,0,0
1999-05-25,12.125,12.375,11.875,12.125,4.97629,6900,0,0
1999-05-26,11.9375,12.3125,11.875,11.875,4.87369,13900,0,0
1999-05-27,12.3125,12.375,12,12.125,4.97629,13100,0,0
1999-05-28,12,12.5,12,12.25,5.02759,18100,0,0
1999-06-01,12,12.125,12,12,4.92499,13300,0,0
1999-06-02,12.125,12.25,11.875,12.125,4.97629,50200,0,0
1999-06-03,12.125,12.375,12.125,12.25,5.02759,5600,0,0
1999-06-04,12.375,12.5,12.25,12.5,5.1302,13600,0,0
1999-06-07,12.375,12.5,12.375,12.375,5.07889,20100,0,0
1999-06-08,12.375,12.5,12.375,12.5,5.1302,10100,0,0
1999-06-09,12.375,12.5,12.125,12.375,5.07889,33600,0,0
1999-06-10,12.4375,12.5,12.1875,12.5,5.1302,62100,0,0
1999-06-11,12.5625,12.5625,12.25,12.5625,5.15585,18100,0,0
1999-06-14,12.625,12.75,12.375,12.625,5.1815,50700,0,0
1999-06-15,12.75,12.875,12.5,12.75,5.2328,5200,0,0
1999-06-16,12.5,12.8125,12.375,12.375,5.07889,23300,0,0
1999-06-17,12.8125,12.8125,12.5,12.75,5.2328,14100,0,0
1999-06-18,12.9375,13,12.5,12.5,5.1302,56900,0,0
1999-06-21,12.75,13.5,12.75,13.25,5.43801,25700,0,0
1999-06-22,12.875,13.375,12.5,13,5.3354,16700,0,0
1999-06-23,13.25,13.25,12.875,13.25,5.43801,4800,0,0
1999-06-24,12.875,13.375,12.5,13,5.3354,22100,0,0
1999-06-25,13,13.25,13,13,5.3354,4800,0,0
1999-06-28,13,13.5,13,13.1875,5.41235,32300,0,0
1999-06-29,13.1875,14.375,13.1875,13.875,5.69451,69700,0,0
1999-06-30,14,17.25,13.625,15.25,6.33462,153200,0.166,0
1999-07-01,15.25,15.25,14.375,14.875,6.17886,36100,0,0
1999-07-02,14.625,14.875,14.25,14.3125,5.9452,12700,0,0
1999-07-06,14.25,14.5625,13.9375,14,5.81539,18000,0,0
1999-07-07,14.5,14.5,14,14.25,5.91924,24200,0,0
1999-07-08,14.25,14.375,14.0625,14.1875,5.89328,7800,0,0
1999-07-09,14.25,14.5,14.125,14.1875,5.89328,27600,0,0
1999-07-12,14.125,14.5,14.125,14.3125,5.9452,16200,0,0
1999-07-13,14.1875,14.375,14,14,5.81539,5100,0,0
1999-07-14,14.4375,14.4375,13.75,14,5.81539,34700,0,0
1999-07-15,14.25,14.375,13.75,14.125,5.86732,20500,0,0
1999-07-16,13.875,14.25,13.875,14.25,5.91924,10800,0,0
1999-07-19,14.375,14.625,14,14,5.81539,27600,0,0
1999-07-20,13.875,13.875,13.75,13.75,5.71155,7900,0,0
1999-07-21,14,14,13.625,13.75,5.71155,2400,0,0
1999-07-22,14.25,14.375,13.625,14,5.81539,5700,0,0
1999-07-23,14.375,14.375,13.625,13.625,5.65963,3600,0,0
1999-07-26,14.375,14.375,13.75,14,5.81539,32800,0,0
1999-07-27,14.125,14.125,13.75,14.0625,5.84136,50900,0,0
1999-07-28,14.125,14.375,14,14.125,5.86732,32600,0,0
1999-07-29,14,14.375,14,14,5.81539,17600,0,0
1999-07-30,14.25,14.25,14,14.125,5.86732,21800,0,0
1999-08-02,14.0625,14.375,14,14.375,5.97116,10800,0,0
1999-08-03,14.125,14.375,13.75,14.125,5.86732,11100,0,0
1999-08-04,13.75,14.375,13.6875,13.6875,5.68558,189300,0,0
1999-08-05,14.1875,14.5,13.5625,14.5,6.02309,197700,0,0
1999-08-06,14,14,13.875,14,5.81539,4200,0,0
1999-08-09,13.875,14.25,13.75,14,5.81539,6100,0,0
1999-08-10,13.75,14,13.625,13.75,5.71155,16700,0,0
1999-08-11,13.625,14,13.625,13.75,5.71155,8600,0,0
1999-08-12,13.75,13.875,13.5,13.875,5.76347,10200,0,0
1999-08-13,14,14.25,14,14.1875,5.89328,49500,0,0
1999-08-16,14.25,14.5,13.75,14.5,6.02309,31200,0,0
1999-08-17,14.25,14.5,14.25,14.5,6.02309,1200,0,0
1999-08-18,14.5,15,14.25,14.875,6.17886,36500,0,0
1999-08-19,14.375,14.875,14.375,14.75,6.12693,4400,0,0
1999-08-20,14.8438,14.875,14.375,14.625,6.07501,20500,0,0
1999-08-23,14.375,14.5625,14.125,14.4375,5.99712,14100,0,0
1999-08-24,14.125,14.75,14.125,14.125,5.86732,5800,0,0
1999-08-25,14.125,14.375,14,14,5.81539,14300,0,0
1999-08-26,14,14.0625,13.375,13.4375,5.58174,46500,0,0
1999-08-27,13.75,13.75,13.3125,13.3125,5.52982,4100,0,0
1999-08-30,13.625,13.625,13.25,13.25,5.50385,9500,0,0
1999-08-31,13.125,13.5,12.625,13.4375,5.58174,30300,0,0
1999-09-01,13.5625,13.5625,13.25,13.25,5.50385,3900,0,0
1999-09-02,13.625,13.625,13.125,13.125,5.45193,2600,0,0
1999-09-03,13.25,13.25,13.25,13.25,5.50385,1600,0,0
1999-09-07,13.5,13.5,13,13,5.40001,6900,0,0
1999-09-08,13,13.5,12.9375,13.4375,5.58174,15300,0,0
1999-09-09,13.375,13.375,13.25,13.25,5.50385,20400,0,0
1999-09-10,13.5,13.5,13.125,13.125,5.45193,4800,0,0
1999-09-13,13.125,13.5,13.125,13.125,5.45193,5600,0,0
1999-09-14,13.125,13.5,13,13.5,5.6077,2800,0,0
1999-09-15,13.75,13.75,13.0625,13.0625,5.42597,10700,0,0
1999-09-16,13.1875,13.4375,13.1875,13.3438,5.54279,1500,0,0
1999-09-17,13.1875,13.4375,13.1875,13.4375,5.58174,5800,0,0
1999-09-20,13.1875,13.3125,13,13.125,5.45193,9200,0,0
1999-09-21,13,13.1875,12.9375,13.125,5.45193,45500,0,0
1999-09-22,13,13.375,12.875,13.25,5.50385,24400,0,0
1999-09-23,13,13.5,12.75,12.875,5.34809,12500,0,0
1999-09-24,12.875,13.25,12.75,12.75,5.29616,2700,0,0
1999-09-27,12.875,13,12.75,12.75,5.29616,35700,0,0
1999-09-28,12.8125,12.875,12,12.875,5.34809,23700,0,0
1999-09-29,12.5,13.5,12.5,13.5,5.6805,17000,0.165,0
1999-09-30,13.25,13.5,13,13.1875,5.54901,81900,0,0
1999-10-01,13.125,13.3125,13,13,5.47011,12200,0,0
1999-10-04,13.25,13.25,12.75,13,5.47011,11400,0,0
1999-10-05,12.875,13.25,12.875,12.875,5.41751,11200,0,0
1999-10-06,13,13.125,12.875,13,5.47011,11200,0,0
1999-10-07,12.875,13,12.875,12.875,5.41751,5000,0,0
1999-10-08,12.9375,12.9375,12.875,12.875,5.41751,8900,0,0
1999-10-11,13.125,13.125,12.75,13,5.47011,3700,0,0
1999-10-12,13,13,12.5,12.5625,5.28602,9900,0,0
1999-10-13,13,13,12.75,12.75,5.36492,6800,0,0
1999-10-14,12.8125,12.8125,12.5625,12.75,5.36492,10300,0,0
1999-10-15,12.9375,13,12.25,12.5,5.25972,14700,0,0
1999-10-18,12.25,12.5,12.0625,12.125,5.10193,6300,0,0
1999-10-19,12.625,12.625,12.125,12.125,5.10193,18200,0,0
1999-10-20,12.5,12.5,12.0625,12.125,5.10193,1300,0,0
1999-10-21,12.3125,12.4375,12,12,5.04933,16000,0,0
1999-10-22,11.875,12,11.75,12,5.04933,10300,0,0
1999-10-25,11.75,11.75,11,11.625,4.89154,25000,0,0
1999-10-26,11.75,12.125,11.75,12.125,5.10193,7500,0,0
1999-10-27,12.125,12.375,12,12,5.04933,11800,0,0
1999-10-28,12,13.0625,12,13.0625,5.49641,8500,0,0
1999-10-29,13.125,13.125,12.625,12.9375,5.44381,9500,0,0
1999-11-01,12.6875,12.875,12.25,12.25,5.15452,6300,0,0
1999-11-02,12.25,12.75,12.25,12.25,5.15452,8000,0,0
1999-11-03,12.625,12.625,12,12.25,5.15452,20500,0,0
1999-11-04,12,12.5,11.9375,12,5.04933,11400,0,0
1999-11-05,12,12.25,11.8125,11.8125,4.97044,17400,0,0
1999-11-08,11.75,12,11.75,11.75,4.94414,6900,0,0
1999-11-09,11.875,12.0625,11.625,11.625,4.89154,16300,0,0
1999-11-10,11.75,11.875,11.5,11.5625,4.86524,9100,0,0
1999-11-11,11.9375,11.9375,11.25,11.875,4.99674,12800,0,0
1999-11-12,11.25,12,11.25,11.9375,5.02303,16800,0,0
1999-11-15,11.875,11.875,11.125,11.75,4.94414,51200,0,0
1999-11-16,11.875,12.125,11.5,11.5625,4.86524,28900,0,0
1999-11-17,11.5,11.8125,11.3125,11.75,4.94414,6400,0,0
1999-11-18,11.625,11.8125,11.5,11.6875,4.91784,20000,0,0
1999-11-19,11.8125,11.8125,11.125,11.375,4.78635,62400,0,0
1999-11-22,11.4375,11.5,10.875,11.125,4.68115,32100,0,0
1999-11-23,10.8125,11.5,10.8125,10.875,4.57596,22900,0,0
1999-11-24,11,11.375,10.875,11,4.62856,98700,0,0
1999-11-26,11.5,11.5,11.125,11.4375,4.81264,4200,0,0
1999-11-29,11,11.5,10.8125,11.375,4.78635,16200,0,0
1999-11-30,11,11.75,10.9375,11.75,4.94414,16800,0,0
1999-12-01,11.6875,11.8125,11.25,11.25,4.73375,10700,0,0
1999-12-02,11.25,11.5,11,11.125,4.68115,40500,0,0
1999-12-03,11.125,11.4688,11,11.1875,4.70745,12800,0,0
1999-12-06,11.5,11.5,11,11,4.62856,11700,0,0
1999-12-07,11.375,11.375,10.875,11,4.62856,22200,0,0
1999-12-08,10.875,11.25,10.875,10.875,4.57596,22700,0,0
1999-12-09,11.125,11.125,10.875,11,4.62856,19000,0,0
1999-12-10,11.25,11.25,10.875,10.9375,4.60226,23300,0,0
1999-12-13,11,11,10.875,10.9375,4.60226,11600,0,0
1999-12-14,10.875,11.25,10.875,11.125,4.68115,12300,0,0
1999-12-15,11,11.1875,10.875,11.1875,4.70745,11700,0,0
1999-12-16,11.125,11.125,10.875,11.125,4.68115,3800,0,0
1999-12-17,11,11.125,10.875,10.9375,4.60226,46600,0,0
1999-12-20,11,11,10.875,10.9375,4.60226,89300,0,0
1999-12-21,10.875,11.25,10.875,11.125,4.68115,24200,0,0
1999-12-22,11,11.25,10.875,10.875,4.57596,22400,0,0
1999-12-23,11.25,11.3125,11.0625,11.0625,4.65485,6700,0,0
1999-12-27,11,11.125,10.9375,11,4.62856,9500,0,0
1999-12-28,11,11.125,10.9375,10.9375,4.60226,16400,0,0
1999-12-29,10.9375,11.375,10.875,11.375,4.78635,28000,0,0
1999-12-30,11.5,11.5,10.875,10.875,4.57596,21000,0,0
1999-12-31,11.5,11.5,10.875,11.125,4.68115,24800,0,0
2000-01-03,11,11.25,10.875,11,4.62856,4900,0,0
2000-01-04,10.875,11.375,10.875,11.0625,4.65485,18400,0,0
2000-01-05,11,11.125,11,11.125,4.75203,5800,0.165,0
2000-01-06,11,11.375,11,11.375,4.85882,11300,0,0
2000-01-07,11.25,11.5,11.0625,11.375,4.85882,13300,0,0
2000-01-10,11.25,11.5,11,11,4.69864,11700,0,0
2000-01-11,11,11.125,10.875,10.875,4.64524,104500,0,0
2000-01-12,10.875,11.125,10.875,11,4.69864,7100,0,0
2000-01-13,11.0625,11.25,10.875,10.875,4.64524,22500,0,0
2000-01-14,11,11.125,10.9375,11,4.69864,25100,0,0
2000-01-18,11.125,11.125,10.875,10.875,4.64524,8300,0,0
2000-01-19,11.125,11.125,10.875,11.0625,4.72533,10600,0,0
2000-01-20,10.9375,11.125,10.9375,11.125,4.75203,10700,0,0
2000-01-21,11.0625,11.625,11,11.125,4.75203,14000,0,0
2000-01-24,11.125,11.5,11.125,11.125,4.75203,13700,0,0
2000-01-25,11.375,11.375,11,11.375,4.85882,15000,0,0
2000-01-26,11.0625,11.4375,11.0625,11.0625,4.72533,6400,0,0
2000-01-27,11.4375,11.4375,11.0625,11.375,4.85882,9000,0,0
2000-01-28,11.125,11.375,11,11,4.69864,9200,0,0
2000-01-31,11,11.5625,11,11.5,4.91221,31500,0,0
2000-02-01,11.5312,11.9375,11.5,11.875,5.07239,39100,0,0
2000-02-02,11.875,11.875,11.5625,11.5625,4.93891,1400,0,0
2000-02-03,11.75,11.75,11.25,11.5625,4.93891,10100,0,0
2000-02-04,11.5625,11.6875,11.1875,11.2812,4.81877,8300,0,0
2000-02-07,11.1875,11.6875,11.125,11.4375,4.88551,13600,0,0
2000-02-08,11.5,11.5,11.125,11.4375,4.88551,21800,0,0
2000-02-09,11.125,11.4375,11,11.0625,4.72533,15600,0,0
2000-02-10,11,11.375,11,11.1875,4.77873,26600,0,0
2000-02-11,11.375,11.375,10.875,11,4.69864,19800,0,0
2000-02-14,11,11.125,10.8125,11,4.69864,13800,0,0
2000-02-15,11,11.1875,10.8125,11,4.69864,37200,0,0
2000-02-16,11.1719,11.1719,10.75,11,4.69864,23700,0,0
2000-02-17,10.75,11.5,10.75,11.125,4.75203,20100,0,0
2000-02-18,11.5,11.5,10.875,10.875,4.64524,8800,0,0
2000-02-22,10.875,11.125,10.875,10.875,4.64524,28400,0,0
2000-02-23,10.9375,10.9375,10.75,10.875,4.64524,9600,0,0
2000-02-24,10.75,11.125,10.625,11,4.69864,45200,0,0
2000-02-25,10.75,11,10.625,10.625,4.53845,16100,0,0
2000-02-28,10.6875,10.9375,10.625,10.875,4.64524,17600,0,0
2000-02-29,10.625,11.375,10.625,10.9375,4.67194,14300,0,0
2000-03-01,10.9375,11.25,10.875,11.25,4.80542,22100,0,0
2000-03-02,11,11.25,10.6875,10.875,4.64524,17200,0,0
2000-03-03,11.125,11.125,10.75,10.9375,4.67194,6200,0,0
2000-03-06,10.75,11,10.75,10.875,4.64524,5900,0,0
2000-03-07,10.625,10.75,10.375,10.5625,4.51176,39700,0,0
2000-03-08,10.4375,10.5,10.3125,10.375,4.43167,16800,0,0
2000-03-09,10.3125,10.5,10.3125,10.375,4.43167,21700,0,0
2000-03-10,10.3125,10.5,9.8125,9.875,4.21809,42100,0,0
2000-03-13,10.125,10.125,9.875,9.9375,4.24479,48800,0,0
2000-03-14,10,10.0625,9.8125,9.9375,4.24479,68300,0,0
2000-03-15,9.875,10,9.375,9.625,4.11131,58100,0,0
2000-03-16,9.76562,10.125,9.65625,10,4.27149,19000,0,0
2000-03-17,10.125,10.375,10.125,10.125,4.32488,29400,0,0
2000-03-20,10.1875,10.25,9.75,10.125,4.32488,26000,0,0
2000-03-21,10.125,10.4375,10.0625,10.375,4.43167,31600,0,0
2000-03-22,10.375,11.125,10.3125,10.625,4.53845,51600,0,0
2000-03-23,10.625,10.625,10.0625,10.5,4.48506,7500,0,0
2000-03-24,10.25,10.875,10,10.125,4.32488,68800,0,0
2000-03-27,10.4375,10.5,10.25,10.375,4.43167,12700,0,0
2000-03-28,10.4375,10.875,10.375,10.5,4.48506,12000,0,0
2000-03-29,10.375,10.5,10.125,10.25,4.37827,31500,0,0
2000-03-30,10.25,10.4375,10.125,10.25,4.37827,11200,0,0
2000-03-31,10.5,10.5,10.375,10.4375,4.5313,27100,0.165,0
2000-04-03,10.4375,10.6875,10.4375,10.5,4.55844,5600,0,0
2000-04-04,10.4375,10.6875,10.3125,10.5,4.55844,15800,0,0
2000-04-05,10.375,11,10.3125,10.75,4.66698,28000,0,0
2000-04-06,10.75,10.9375,10.4375,10.75,4.66698,18200,0,0
2000-04-07,10.9375,10.9375,10.75,10.75,4.66698,14100,0,0
2000-04-10,10.875,10.875,10.375,10.375,4.50417,49500,0,0
2000-04-11,10.6875,10.6875,10.25,10.25,4.44991,12800,0,0
2000-04-12,10,10.5,10,10.0625,4.3685,6800,0,0
2000-04-13,10,10.5,9.9375,10.25,4.44991,7200,0,0
2000-04-14,10.1875,10.5,10,10,4.34137,19500,0,0
2000-04-17,10.375,10.375,10,10.125,4.39564,10300,0,0
2000-04-18,10.375,10.5,9.75,9.8125,4.25997,37500,0,0
2000-04-19,10,10.25,10,10,4.34137,12000,0,0
2000-04-20,10,10.375,10,10,4.34137,14900,0,0
2000-04-24,10.25,10.5,10,10,4.34137,21500,0,0
2000-04-25,10.25,10.375,10.125,10.375,4.50417,9500,0,0
2000-04-26,10.375,10.5,10.25,10.4375,4.5313,13800,0,0
2000-04-27,10.3125,10.5,10.3125,10.4375,4.5313,2300,0,0
2000-04-28,10.1875,10.25,9.875,10,4.34137,23500,0,0
2000-05-01,10.25,10.25,9.875,9.875,4.2871,24800,0,0
2000-05-02,10,10.0625,9.875,10,4.34137,21100,0,0
2000-05-03,9.875,10,9.75,10,4.34137,22300,0,0
2000-05-04,9.875,9.9375,9.75,9.8125,4.25997,21300,0,0
2000-05-05,9.75,9.875,9.6875,9.75,4.23284,31800,0,0
2000-05-08,9.75,9.78125,9.5625,9.625,4.17857,14600,0,0
2000-05-09,9.625,9.625,9,9.25,4.01577,108200,0,0
2000-05-10,9.125,9.25,8.125,8.4375,3.66303,203300,0,0
2000-05-11,9.03125,9.25,8.75,8.875,3.85297,52600,0,0
2000-05-12,8.75,9.0625,8.71875,9,3.90724,65600,0,0
2000-05-15,8.75,9.1875,8.6875,9,3.90724,42700,0,0
2000-05-16,9.21875,9.625,9.21875,9.46875,4.11074,86000,0,0
2000-05-17,9.5,9.75,9.3125,9.70312,4.21249,63600,0,0
2000-05-18,9.6875,9.75,9.5,9.75,4.23284,18400,0,0
2000-05-19,9.75,9.75,9.5,9.5625,4.15144,58400,0,0
2000-05-22,9.5,9.6875,9.5,9.625,4.17857,67600,0,0
2000-05-23,9.5625,9.9375,9.5,9.75,4.23284,34900,0,0
2000-05-24,9.875,9.875,9.625,9.75,4.23284,35500,0,0
2000-05-25,9.5625,9.875,9.5625,9.875,4.2871,4700,0,0
2000-05-26,9.875,10.0625,9.875,10,4.34137,6100,0,0
2000-05-30,10.0938,10.0938,9.75,10.0625,4.3685,7100,0,0
2000-05-31,9.75,9.8125,9.5,9.8125,4.25997,31500,0,0
2000-06-01,10,10,9.75,9.75,4.23284,11700,0,0
2000-06-02,9.75,9.8125,9.4375,9.5,4.1243,21600,0,0
2000-06-05,9.5,9.5,9.15625,9.1875,3.98864,60900,0,0
2000-06-06,9.25,9.4375,9.21875,9.3125,4.04291,23900,0,0
2000-06-07,9.3125,9.5,9.125,9.375,4.07004,62400,0,0
2000-06-08,9.125,9.375,9.125,9.25,4.01577,60500,0,0
2000-06-09,9.375,9.5,9.3125,9.375,4.07004,9500,0,0
2000-06-12,9.34375,9.75,9.34375,9.625,4.17857,7000,0,0
2000-06-13,9.625,9.875,9.625,9.75,4.23284,3800,0,0
2000-06-14,9.5,9.75,9.5,9.625,4.17857,15100,0,0
2000-06-15,9.625,10.125,9.625,10,4.34137,29700,0,0
2000-06-16,10.25,10.4375,10,10.1875,4.42277,24800,0,0
2000-06-19,10.1875,10.1875,9.875,10,4.34137,6200,0,0
2000-06-20,10.125,10.125,9.875,10,4.34137,5900,0,0
2000-06-21,10.25,10.25,9.875,10.125,4.39564,7300,0,0
2000-06-22,10.1875,10.1875,9.875,10.0625,4.3685,15300,0,0
2000-06-23,10.25,10.25,9.75,9.75,4.23284,46000,0,0
2000-06-26,9.75,9.9375,9,9.75,4.23284,45300,0,0
2000-06-27,9.59375,9.75,9.5625,9.6875,4.20571,24900,0,0
2000-06-28,9.75,10.5,9.75,10.5,4.55844,17200,0,0
2000-06-29,10.125,10.5,9.9375,10.25,4.52095,35800,0.165,0
2000-06-30,9.875,10.5,9.875,10.4375,4.60365,15300,0,0
2000-07-03,10.125,10.625,10.125,10.5,4.63122,11900,0,0
2000-07-05,10.5,10.6875,10.375,10.375,4.57608,39400,0,0
2000-07-06,10.375,10.875,10.3125,10.875,4.79662,25500,0,0
2000-07-07,10.875,10.875,10.375,10.5,4.63122,16400,0,0
2000-07-10,10.375,10.75,10.375,10.5,4.63122,17200,0,0
2000-07-11,10.5,10.625,10.375,10.375,4.57608,16400,0,0
2000-07-12,10.625,10.625,10.375,10.625,4.68635,8200,0,0
2000-07-13,10.375,10.625,10.125,10.375,4.57608,8500,0,0
2000-07-14,10.125,10.25,10.125,10.25,4.52095,6800,0,0
2000-07-17,10.375,10.4375,10.25,10.25,4.52095,10700,0,0
2000-07-18,10.25,10.3125,10.25,10.25,4.52095,6900,0,0
2000-07-19,10.3125,10.3125,10.25,10.25,4.52095,5300,0,0
2000-07-20,10.375,10.375,10.1875,10.1875,4.49338,8800,0,0
2000-07-21,10.3125,10.3125,10.1875,10.1875,4.49338,5400,0,0
2000-07-24,10.125,10.25,9.5,9.875,4.35555,14400,0,0
2000-07-25,10,10,9.25,9.625,4.24528,27100,0,0
2000-07-26,9.625,9.75,9.625,9.625,4.24528,6000,0,0
2000-07-27,9.75,10.875,9.5,10.875,4.79662,62200,0,0
2000-07-28,10.6875,10.875,10.1406,10.375,4.57608,29900,0,0
2000-07-31,10.125,10.5,10,10.5,4.63122,9200,0,0
2000-08-01,10.5,10.75,10.25,10.5,4.63122,21600,0,0
2000-08-02,10.625,11,10.5,11,4.85175,25900,0,0
2000-08-03,10.7188,11,10.3125,10.875,4.79662,10000,0,0
2000-08-04,10.9375,11,10.4375,11,4.85175,40600,0,0
2000-08-07,11,11.0625,10.875,10.9375,4.82418,22600,0,0
2000-08-08,11,11,10,10.375,4.57608,13500,0,0
2000-08-09,10.75,10.875,10.375,10.375,4.57608,3700,0,0
2000-08-10,10.5625,11,10.5,10.625,4.68635,19800,0,0
2000-08-11,10.875,10.875,10.375,10.625,4.68635,3600,0,0
2000-08-14,10.875,11,10.3125,10.3125,4.54852,14600,0,0
2000-08-15,10.375,10.375,10.25,10.25,4.52095,4500,0,0
2000-08-16,10.0625,10.5,10.0625,10.25,4.52095,8000,0,0
2000-08-17,10.375,10.625,10,10.125,4.46582,12800,0,0
2000-08-18,10.25,10.375,10.0625,10.3125,4.54852,11100,0,0
2000-08-21,10.3125,10.3125,10,10,4.41069,12100,0,0
2000-08-22,10.25,10.25,9.5625,9.8125,4.32798,31900,0,0
2000-08-23,10,10,9.75,9.75,4.30042,7200,0,0
2000-08-24,9.875,10,9.75,9.875,4.35555,12500,0,0
2000-08-25,10,10.125,9.875,9.875,4.35555,37200,0,0
2000-08-28,9.9375,10,9.8125,9.8125,4.32798,3100,0,0
2000-08-29,9.75,9.75,9.3125,9.75,4.30042,16300,0,0
2000-08-30,9.75,9.75,9.25,9.5,4.19015,8800,0,0
2000-08-31,9.5,10,9.5,9.875,4.35555,6500,0,0
2000-09-01,9.75,10,9.6875,9.6875,4.27285,5700,0,0
2000-09-05,9.9375,10,9.3125,9.375,4.13502,27000,0,0
2000-09-06,9.875,10,9.25,9.5,4.19015,28500,0,0
2000-09-07,9.625,9.625,9.3125,9.3125,4.10745,69200,0,0
2000-09-08,9.25,9.5,9,9.14062,4.03164,30900,0,0
2000-09-11,9.5,9.75,9.4375,9.75,4.30042,26100,0,0
2000-09-12,9.75,9.8125,9.25,9.29688,4.10056,15000,0,0
2000-09-13,9.4375,9.5,8.8125,9,3.96962,54300,0,0
2000-09-14,9.1875,9.625,9.1875,9.375,4.13502,37500,0,0
2000-09-15,9.5,9.625,9.0625,9.09375,4.01096,21700,0,0
2000-09-18,9.3125,9.6875,9.125,9.375,4.13502,18200,0,0
2000-09-19,9.5,9.6875,9.375,9.5,4.19015,19200,0,0
2000-09-20,9.5,9.5,9.125,9.1875,4.05232,35800,0,0
2000-09-21,9.3125,9.375,9,9.375,4.13502,25800,0,0
2000-09-22,9.25,9.4375,9,9.3125,4.10745,47600,0,0
2000-09-25,9.125,9.5,9.125,9.5,4.19015,74000,0,0
2000-09-26,9.625,9.625,9.375,9.375,4.13502,4300,0,0
2000-09-27,9.375,9.625,9.3125,9.3125,4.10745,8200,0,0
2000-09-28,9.3125,9.75,9.3125,9.5,4.26573,41100,0.165,0
2000-09-29,9.625,11.5,9.625,11,4.93927,345200,0,0
2000-10-02,10.875,10.875,9.875,9.875,4.43411,35500,0,0
2000-10-03,10.0625,10.375,9.5625,10,4.49024,19000,0,0
2000-10-04,10,10.5,9.8125,10.25,4.6025,21700,0,0
2000-10-05,10.625,10.75,10.3125,10.75,4.82701,45100,0,0
2000-10-06,10.75,10.75,10,10,4.49024,11700,0,0
2000-10-09,10.25,10.25,9.875,10.125,4.54637,22300,0,0
2000-10-10,10.1094,10.125,9.8125,9.8125,4.40605,1300,0,0
2000-10-11,9.98438,9.98438,9.375,9.375,4.2096,9900,0,0
2000-10-12,10,10,9.25,9.4375,4.23766,6500,0,0
2000-10-13,9.875,10.1875,9.65625,9.6875,4.34992,16400,0,0
2000-10-16,9.625,9.75,9.4375,9.5,4.26573,18300,0,0
2000-10-17,9.75,9.75,9.375,9.53125,4.27976,37500,0,0
2000-10-18,9.625,9.75,9.53125,9.53125,4.27976,3200,0,0
2000-10-19,9.78125,9.78125,9.40625,9.4375,4.23766,15900,0,0
2000-10-20,9.4375,9.46875,9.25,9.25,4.15347,22400,0,0
2000-10-23,9.48438,9.5,9.3125,9.375,4.2096,9400,0,0
2000-10-24,9.5,9.875,9.4375,9.875,4.43411,20700,0,0
2000-10-25,9.6875,9.75,9.25,9.25,4.15347,27300,0,0
2000-10-26,9.5,9.5,8.9375,9.5,4.26573,39400,0,0
2000-10-27,9.375,9.75,9.375,9.5,4.26573,7600,0,0
2000-10-30,9.8125,9.8125,9.5,9.8125,4.40605,11300,0,0
2000-10-31,9.875,10.375,9.5625,9.875,4.43411,31200,0,0
2000-11-01,9.6875,10.125,9.5625,9.875,4.43411,3600,0,0
2000-11-02,9.64062,10.1406,9.64062,10.0625,4.5183,20000,0,0
2000-11-03,9.98438,10.25,9.75,10,4.49024,26000,0,0
2000-11-06,10.125,10.25,9.875,9.875,4.43411,21300,0,0
2000-11-07,9.89062,9.9375,9.5625,9.92188,4.45516,10100,0,0
2000-11-08,9.9375,10,9.875,9.9375,4.46218,7700,0,0
2000-11-09,9.75,10.25,9.75,9.875,4.43411,43200,0,0
2000-11-10,10.25,10.25,9.4375,9.84375,4.42008,13600,0,0
2000-11-13,9.875,9.875,9.46875,9.625,4.32186,6400,0,0
2000-11-14,9.60938,10.125,9.5625,9.8125,4.40605,49700,0,0
2000-11-15,9.89062,10.125,9.875,10.125,4.54637,3700,0,0
2000-11-16,10.25,10.25,9.875,9.875,4.43411,4900,0,0
2000-11-17,10.125,10.125,9.9375,10.125,4.54637,7500,0,0
2000-11-20,9.9375,10.0625,9.75,9.875,4.43411,23200,0,0
2000-11-21,9.75,10,9.625,9.875,4.43411,29300,0,0
2000-11-22,9.75,10.125,9.25,10,4.49024,77200,0,0
2000-11-24,10,10,9.5,9.5,4.26573,5400,0,0
2000-11-27,9.75,10.0625,9.5,10.0625,4.5183,28400,0,0
2000-11-28,9.875,10.0625,9.5625,10,4.49024,135400,0,0
2000-11-29,10,10.1875,9.5,10.0625,4.5183,36200,0,0
2000-11-30,9.875,10.375,9.125,9.625,4.32186,181200,0,0
2000-12-01,9.5,10.25,9.25,10.125,4.54637,40000,0,0
2000-12-04,9.75,10.125,9.40625,10.125,4.54637,27700,0,0
2000-12-05,10.0625,10.5,9.75,10.1875,4.57444,45200,0,0
2000-12-06,10.25,10.25,9.875,9.875,4.43411,24200,0,0
2000-12-07,9.6875,9.875,9.625,9.75,4.37798,11800,0,0
2000-12-08,10.125,10.125,9.5625,9.8125,4.40605,17700,0,0
2000-12-11,9.75,10.4375,9.75,10.4375,4.68669,37300,0,0
2000-12-12,10.4375,10.5,10.3125,10.3125,4.63056,11700,0,0
2000-12-13,10.375,10.625,10.3125,10.3125,4.63056,18900,0,0
2000-12-14,10.625,10.75,10.375,10.5625,4.74282,29100,0,0
2000-12-15,10.2656,10.625,10.25,10.625,4.77088,17500,0,0
2000-12-18,10.625,10.6875,10.125,10.1875,4.57444,14800,0,0
2000-12-19,10.5,10.5625,10.3125,10.5625,4.74282,16800,0,0
2000-12-20,10.3125,10.625,10,10.0625,4.5183,9600,0,0
2000-12-21,10.125,10.25,9.875,10.0625,4.5183,17000,0,0
2000-12-22,10.1875,10.25,9.875,10.0625,4.5183,23600,0,0
2000-12-26,10.125,10.25,9.9375,10.0625,4.5183,27000,0,0
2000-12-27,10.1875,10.1875,9.75,9.9375,4.46218,11500,0,0
2000-12-28,9.9375,10.125,9.75,10.0625,4.5183,26700,0,0
2000-12-29,10.0312,10.125,9.875,10.0625,4.5183,16500,0,0
2001-01-02,10.125,10.25,9.875,10.0156,4.49726,14500,0,0
2001-01-03,10,10.125,9.9375,10.125,4.54637,4300,0,0
2001-01-04,10.125,10.125,9.875,10,4.56463,19700,0.165,0
2001-01-05,10,10.125,9.875,10.0625,4.59316,13200,0,0
2001-01-08,10,10.125,10,10,4.56463,10400,0,0
2001-01-09,10.125,10.1875,10,10.0625,4.59316,19400,0,0
2001-01-10,10.1875,10.375,10,10.375,4.7358,27200,0,0
2001-01-11,10.125,10.75,10.125,10.5,4.79286,15200,0,0
2001-01-12,10.375,10.75,10.375,10.75,4.90698,8800,0,0
2001-01-16,10.7344,10.75,10.5,10.5,4.79286,7300,0,0
2001-01-17,10.75,10.75,10.625,10.75,4.90698,16400,0,0
2001-01-18,10.8125,11,10.6875,10.9375,4.99256,10400,0,0
2001-01-19,10.75,11,10.75,10.75,4.90698,2400,0,0
2001-01-22,10.125,11.125,10.125,11.0625,5.04962,22700,0,0
2001-01-23,11,11.125,10.9375,11.125,5.07815,4900,0,0
2001-01-24,11,11.125,10.875,11,5.02109,6800,0,0
2001-01-25,11.125,11.125,11,11.125,5.07815,11700,0,0
2001-01-26,11.125,11.125,11,11,5.02109,3200,0,0
2001-01-29,11.125,11.25,11,11.25,5.13521,11500,0,0
2001-01-30,11.125,11.5,10.9375,11.5,5.24932,41700,0,0
2001-01-31,10.875,12,10.875,11.5,5.24932,48300,0,0
2001-02-01,11.4688,11.625,11.375,11.4062,5.20653,7400,0,0
2001-02-02,11.625,11.75,10.875,10.875,4.96403,15300,0,0
2001-02-05,11.4062,11.4375,11.1875,11.3125,5.16373,16000,0,0
2001-02-06,11.125,11.25,11.125,11.25,5.13521,1200,0,0
2001-02-07,11.25,11.375,11.125,11.125,5.07815,8200,0,0
2001-02-08,11.0625,11.375,11,11,5.02109,4100,0,0
2001-02-09,11.125,11.75,11.125,11.125,5.07815,23100,0,0
2001-02-12,11.0625,11.75,11.0625,11.75,5.36344,16400,0,0
2001-02-13,11.7188,12.25,10.875,11,5.02109,40300,0,0
2001-02-14,11.625,11.625,11.25,11.5,5.24932,6900,0,0
2001-02-15,11.5,12,11.125,11.5,5.24932,28400,0,0
2001-02-16,11.5,11.625,10.625,10.625,4.84992,25100,0,0
2001-02-20,10.7656,11.3125,10.5,10.5,4.79286,14400,0,0
2001-02-21,10.6875,10.875,10.5,10.6875,4.87845,12600,0,0
2001-02-22,10.6875,10.6875,10.375,10.625,4.84992,10400,0,0
2001-02-23,10.5,10.625,10.375,10.625,4.84992,10600,0,0
2001-02-26,10.625,11.125,10.5156,11.125,5.07815,9600,0,0
2001-02-27,11.125,11.375,10.75,10.75,4.90698,6300,0,0
2001-02-28,11.1094,11.25,10.75,10.8125,4.9355,4700,0,0
2001-03-01,11.1094,11.125,10.875,11.0625,5.04962,5100,0,0
2001-03-02,11.1875,11.1875,10.75,11,5.02109,6700,0,0
2001-03-05,11.25,11.25,10.8125,10.8125,4.9355,9300,0,0
2001-03-06,11.0625,11.5,11,11.2344,5.12808,8200,0,0
2001-03-07,11.1875,11.375,10.75,10.75,4.90698,12900,0,0
2001-03-08,11,11.25,11,11,5.02109,7300,0,0
2001-03-09,11,11.25,10.75,10.75,4.90698,8200,0,0
2001-03-12,10.875,11.4844,10.75,11.125,5.07815,16500,0,0
2001-03-13,11.125,11.4375,10.8125,11.4375,5.22079,18600,0,0
2001-03-14,11.25,11.75,11.25,11.625,5.30638,20800,0,0
2001-03-15,11.5625,11.875,11.5,11.875,5.4205,13400,0,0
2001-03-16,11.9375,12.1875,11.875,11.875,5.4205,33700,0,0
2001-03-19,11.875,12.125,11.8125,12,5.47755,34600,0,0
2001-03-20,12.0625,12.25,12,12,5.47755,21300,0,0
2001-03-21,11.875,12.0625,11.5625,11.75,5.36344,5900,0,0
2001-03-22,11.75,12.125,11.5625,12,5.47755,10800,0,0
2001-03-23,11.9375,12.25,11.5625,12.25,5.59167,17800,0,0
2001-03-26,12.125,12.2344,11.5,11.75,5.36344,21400,0,0
2001-03-27,11.625,12,11.625,12,5.47755,5400,0,0
2001-03-28,11.875,12.4375,11.625,11.625,5.30638,15300,0,0
2001-03-29,11.8125,11.875,11.625,11.8125,5.4696,18100,0.165,0
2001-03-30,11.8125,12.125,11.375,11.875,5.49854,26500,0,0
2001-04-02,11.75,12.0625,11.75,11.9375,5.52748,13400,0,0
2001-04-03,11.875,11.875,11.4375,11.875,5.49854,7900,0,0
2001-04-04,11.75,11.9375,11.75,11.875,5.49854,7000,0,0
2001-04-05,11.9375,12.5625,11.75,12.5,5.78794,31800,0,0
2001-04-06,12.375,12.5,11.75,11.75,5.44066,20800,0,0
2001-04-09,12,12.59,11.8,12.51,5.79257,40200,0,0
2001-04-10,12.57,12.84,12.55,12.8,5.92685,26100,0,0
2001-04-11,12.75,12.85,12.46,12.57,5.82035,23000,0,0
2001-04-12,12.8,12.8,11.71,12.12,5.61198,28700,0,0
2001-04-16,12,12.6,12,12.05,5.57957,4300,0,0
2001-04-17,12.25,12.25,12.01,12.25,5.67218,18600,0,0
2001-04-18,12.26,12.56,12.2,12.28,5.68607,53300,0,0
2001-04-19,12.25,12.6,12.12,12.6,5.83424,16100,0,0
2001-04-20,12.6,12.6,12.15,12.35,5.71848,13100,0,0
2001-04-23,12.02,12.09,12.01,12.01,5.56105,9000,0,0
2001-04-24,12.05,12.5,12.05,12.3,5.69533,18900,0,0
2001-04-25,12.5,12.65,12.36,12.65,5.85739,9100,0,0
2001-04-26,12.65,12.83,12.57,12.57,5.82035,8600,0,0
2001-04-27,12.7,12.75,12.02,12.53,5.80183,21800,0,0
2001-04-30,12.53,12.8,12.53,12.6,5.83424,18900,0,0
2001-05-01,12.6,12.65,12.2,12.3,5.69533,38000,0,0
2001-05-02,12.23,12.34,12.15,12.15,5.62587,25200,0,0
2001-05-03,12.11,12.19,11.83,11.83,5.4777,21300,0,0
2001-05-04,11.85,12.18,11.82,11.96,5.5379,21600,0,0
2001-05-07,12.25,12.25,11.8,11.8,5.46381,10300,0,0
2001-05-08,12.19,12.19,11.65,11.99,5.55179,24000,0,0
2001-05-09,11.98,12.05,11.9,11.9,5.51011,9700,0,0
2001-05-10,11.92,12.03,11.75,11.88,5.50085,26200,0,0
2001-05-11,11.75,11.9,11.71,11.79,5.45918,4400,0,0
2001-05-14,11.7,11.8,11.64,11.65,5.39436,172500,0,0
2001-05-15,11.67,11.71,11.45,11.55,5.34805,21200,0,0
2001-05-16,11.63,11.75,11.3,11.53,5.33879,35200,0,0
2001-05-17,11.6,11.7,11.32,11.39,5.27397,36900,0,0
2001-05-18,11.39,11.5,11.3,11.3,5.23229,19700,0,0
2001-05-21,11.85,11.85,11.3,11.55,5.34805,26400,0,0
2001-05-22,11.35,11.7,11.35,11.51,5.32953,13600,0,0
2001-05-23,11.35,11.48,11.3,11.38,5.26934,13500,0,0
2001-05-24,11.3,11.45,11.2,11.25,5.20915,22700,0,0
2001-05-25,11.35,11.5,11.1,11.1,5.13969,20300,0,0
2001-05-29,11.25,11.35,10.9,11,5.09338,12100,0,0
2001-05-30,11.02,11.02,10.51,10.63,4.92206,22200,0,0
2001-05-31,10.54,10.99,10.13,10.18,4.7137,63700,0,0
2001-06-01,10.5,11.49,10.25,11.49,5.32027,34900,0,0
2001-06-04,11.31,11.75,11.26,11.58,5.36195,25000,0,0
2001-06-05,11.3,11.83,11.3,11.83,5.4777,18000,0,0
2001-06-06,11.9,12.33,11.6,12,5.55642,46400,0,0
2001-06-07,11.96,12.45,11.96,12.3,5.69533,23700,0,0
2001-06-08,12.28,12.39,11.9,12.05,5.57957,48900,0,0
2001-06-11,12.08,12.25,11.81,11.89,5.50548,10000,0,0
2001-06-12,11.9,12.5,11.9,12.08,5.59346,18600,0,0
2001-06-13,12.49,12.6,12.2,12.3,5.69533,46900,0,0
2001-06-14,12.3,12.5,12,12,5.55642,25000,0,0
2001-06-15,12.06,12.1,11.95,11.96,5.5379,29100,0,0
2001-06-18,12.05,12.1,11.93,11.93,5.52401,25700,0,0
2001-06-19,11.93,12.1,11.93,12,5.55642,31300,0,0
2001-06-20,11.95,12.1,11.93,12,5.55642,23600,0,0
2001-06-21,11.92,12.18,11.9,11.99,5.55179,19600,0,0
2001-06-22,12.12,12.12,11.9,11.9,5.51011,5000,0,0
2001-06-25,11.92,12.07,11.8,11.92,5.51938,23800,0,0
2001-06-26,11.8,12.12,11.8,12,5.55642,23500,0,0
2001-06-27,12.35,12.35,12,12.05,5.57957,23000,0,0
2001-06-28,11.9,12.75,11.9,12.54,5.88707,39300,0.165,0
2001-06-29,12.55,12.69,12.05,12.3,5.7744,54200,0,0
2001-07-02,12.3,12.3,12.01,12.01,5.63825,17600,0,0
2001-07-03,12.2,12.28,12.03,12.13,5.69459,7900,0,0
2001-07-05,12.02,12.3,12.02,12.07,5.66642,11500,0,0
2001-07-06,12.4,12.4,12.07,12.15,5.70398,14900,0,0
2001-07-09,12.15,12.65,12.05,12.23,5.74154,20500,0,0
2001-07-10,12.27,12.5,12.13,12.49,5.86359,17000,0,0
2001-07-11,12.47,12.5,12.3,12.45,5.84482,17700,0,0
2001-07-12,12.5,12.68,12.3,12.45,5.84482,15700,0,0
2001-07-13,12.21,12.7,12.15,12.5,5.86829,14000,0,0
2001-07-16,12.18,12.35,11.9,11.9,5.58661,28600,0,0
2001-07-17,11.95,12,11.72,12,5.63356,19300,0,0
2001-07-18,12.08,12.09,11.6,11.6,5.44577,8800,0,0
2001-07-19,11.71,12.34,11.61,11.61,5.45047,9400,0,0
2001-07-20,11.95,12.08,11.75,12,5.63356,2200,0,0
2001-07-23,11.6,12,11.6,11.77,5.52558,8500,0,0
2001-07-24,12,12,11.55,11.99,5.62887,9900,0,0
2001-07-25,11.85,12.05,11.6,11.92,5.596,7600,0,0
2001-07-26,12,12.31,11.76,12.31,5.77909,9800,0,0
2001-07-27,12.35,12.35,12.1,12.1,5.68051,5900,0,0
2001-07-30,12.35,12.75,12.05,12.7,5.96218,22800,0,0
2001-07-31,12.66,12.75,12.45,12.51,5.87299,26000,0,0
2001-08-01,12.7,12.8,12.3,12.7,5.96218,12800,0,0
2001-08-02,12.6,12.79,12.46,12.79,6.00443,9600,0,0
2001-08-03,12.75,13,12.65,12.85,6.0326,18100,0,0
2001-08-06,12.54,12.99,12.54,12.85,6.0326,16500,0,0
2001-08-07,12.6,12.99,12.54,12.58,5.90584,4100,0,0
2001-08-08,12.98,12.98,12.6,12.6,5.91524,3000,0,0
2001-08-09,12.9,12.98,12.55,12.98,6.09363,11500,0,0
2001-08-10,12.95,13,11.83,12.62,5.92463,16100,0,0
2001-08-13,12.62,12.98,12.31,12.31,5.77909,22500,0,0
2001-08-14,12.78,12.88,12.45,12.54,5.88707,8200,0,0
2001-08-15,12.98,12.98,11.86,12.15,5.70398,16300,0,0
2001-08-16,12.16,12.85,12,12.74,5.98096,23300,0,0
2001-08-17,12.6,12.68,12.13,12.3,5.7744,8900,0,0
2001-08-20,12.35,12.65,11.8,12.22,5.73684,17100,0,0
2001-08-21,12.2,12.53,12.2,12.26,5.75562,4100,0,0
2001-08-22,12.47,12.6,12.05,12.6,5.91524,20700,0,0
2001-08-23,12.65,12.66,12.35,12.35,5.79787,14300,0,0
2001-08-24,12.6,12.75,12.45,12.75,5.98566,19400,0,0
2001-08-27,12.75,13.3,12.7,12.95,6.07955,42000,0,0
2001-08-28,12.7,13.25,12.7,12.75,5.98566,20100,0,0
2001-08-29,12.81,13.45,12.81,13.2,6.19691,13400,0,0
2001-08-30,13.3,13.45,13.1,13.4,6.29081,19700,0,0
2001-08-31,13.45,13.58,12.99,12.99,6.09833,19300,0,0
2001-09-04,12.9,13.24,12.9,13,6.10302,6900,0,0
2001-09-05,12.91,13.45,12.91,13.1,6.14997,8300,0,0
2001-09-06,12.95,13.6,12.45,12.45,5.84482,17700,0,0
2001-09-07,12.45,12.85,11.75,12.1,5.68051,19900,0,0
2001-09-10,12,12.25,11.75,11.75,5.51619,28600,0,0
2001-09-17,11.6,12.6,11.6,11.71,5.49742,21300,0,0
2001-09-18,12.02,12.02,11.6,11.68,5.48333,8100,0,0
2001-09-19,11.99,12.05,11.65,11.75,5.51619,9600,0,0
2001-09-20,11.6,11.9,11.6,11.75,5.51619,8800,0,0
2001-09-21,11.7,11.7,11,11.42,5.36127,23100,0,0
2001-09-24,11.75,12.1,11.38,11.9,5.58661,16700,0,0
2001-09-25,12.15,12.15,11.55,11.65,5.46924,11800,0,0
2001-09-26,11.75,12,11.51,11.62,5.45516,28600,0,0
2001-09-27,12.05,12.35,11.59,12.25,5.83376,12000,0.165,0
2001-09-28,12.5,13,12,12,5.71471,19300,0,0
2001-10-01,12.22,12.22,11.62,11.65,5.54803,12400,0,0
2001-10-02,11.84,12,11.6,12,5.71471,23600,0,0
2001-10-03,11.99,12.05,11.6,12.05,5.73852,11300,0,0
2001-10-04,12.55,12.55,11.86,12,5.71471,19000,0,0
2001-10-05,11.98,12.5,11.95,12,5.71471,7200,0,0
2001-10-08,11.95,12.09,11.85,11.85,5.64327,10500,0,0
2001-10-09,11.9,12.09,11.71,12,5.71471,5300,0,0
2001-10-10,12,12,11.66,12,5.71471,9300,0,0
2001-10-11,12,12,11.73,12,5.71471,10800,0,0
2001-10-12,12,12,11.7,12,5.71471,3800,0,0
2001-10-15,11.65,12,11.65,11.65,5.54803,6200,0,0
2001-10-16,11.65,12.12,11.65,12.12,5.77185,12600,0,0
2001-10-17,12,12,11.5,11.5,5.47659,9500,0,0
2001-10-18,11.5,11.98,11.5,11.57,5.50993,3500,0,0
2001-10-19,11.67,11.99,11.67,11.99,5.70995,7100,0,0
2001-10-22,12,12.1,11.68,11.95,5.6909,6400,0,0
2001-10-23,11.6,12.49,11.6,11.92,5.67661,11500,0,0
2001-10-24,11.9,12,11.65,11.66,5.55279,8800,0,0
2001-10-25,11.65,11.93,11.25,11.37,5.41468,49000,0,0
2001-10-26,11.87,11.87,11.27,11.8,5.61946,12900,0,0
2001-10-29,12.88,12.88,11.5,11.5,5.47659,23500,0,0
2001-10-30,11.5,11.75,11.4,11.73,5.58613,6700,0,0
2001-10-31,11.89,12.25,11.46,11.49,5.47183,6400,0,0
2001-11-01,11.53,12.04,11.53,11.62,5.53374,5300,0,0
2001-11-02,11.56,12,11.56,11.71,5.5766,2500,0,0
2001-11-05,11.6,12.15,11.52,12.12,5.77185,30500,0,0
2001-11-06,12.13,12.9,12.09,12.9,6.14331,43400,0,0
2001-11-07,12.77,12.79,12.45,12.45,5.92901,9900,0,0
2001-11-08,12.5,12.65,12.1,12.1,5.76233,6800,0,0
2001-11-09,12.29,12.45,12,12,5.71471,13200,0,0
2001-11-12,12.5,12.5,12,12.3,5.85757,3400,0,0
2001-11-13,12.3,12.35,12.1,12.23,5.82424,12600,0,0
2001-11-14,12.25,12.3,12.17,12.22,5.81948,17200,0,0
2001-11-15,12.2,12.22,11.9,12.14,5.78138,15400,0,0
2001-11-16,12.14,12.35,12.07,12.1,5.76233,8100,0,0
2001-11-19,12.32,12.35,11.9,12.3,5.85757,11600,0,0
2001-11-20,12.3,12.33,11.97,12,5.71471,19500,0,0
2001-11-21,12.32,12.32,12.24,12.24,5.829,5300,0,0
2001-11-23,12,12.2,12,12.2,5.80995,5300,0,0
2001-11-26,12.2,12.33,12,12.3,5.85757,19700,0,0
2001-11-27,12.31,12.33,12.15,12.15,5.78614,14200,0,0
2001-11-28,12.05,12.35,12.05,12.16,5.7909,15400,0,0
2001-11-29,12.1,12.35,12,12.19,5.80519,20800,0,0
2001-11-30,12.19,12.5,12,12,5.71471,39400,0,0
2001-12-03,12.11,12.3,12.05,12.29,5.85281,5500,0,0
2001-12-04,12.18,12.3,12.08,12.27,5.84329,7900,0,0
2001-12-05,12.08,12.4,12.08,12.32,5.8671,11500,0,0
2001-12-06,12.36,12.5,12.15,12.32,5.8671,9500,0,0
2001-12-07,12.39,12.49,12.02,12.22,5.81948,20300,0,0
2001-12-10,12.45,12.45,12.02,12.02,5.72423,10100,0,0
2001-12-11,12.05,12.53,12.05,12.53,5.96711,30100,0,0
2001-12-12,12.45,12.45,12.01,12.32,5.8671,13600,0,0
2001-12-13,12.22,12.34,12.03,12.15,5.78614,4700,0,0
2001-12-14,12.2,12.3,12.01,12.25,5.83376,11900,0,0
2001-12-17,12.25,12.55,12.21,12.48,5.94329,13100,0,0
2001-12-18,12.47,12.5,12.24,12.5,5.95282,25900,0,0
2001-12-19,12.3,12.4,12.25,12.25,5.83376,19900,0,0
2001-12-20,12.3,12.38,12.21,12.21,5.81471,18400,0,0
2001-12-21,12.33,12.55,12.15,12.3,5.85757,66300,0,0
2001-12-24,12.13,12.54,12.08,12.54,5.97187,8300,0,0
2001-12-26,12.3,12.55,12.2,12.3,5.85757,20400,0,0
2001-12-27,12.3,12.53,12.23,12.3,5.85757,27400,0,0
2001-12-28,12.26,12.3,12.16,12.24,5.829,24000,0,0
2001-12-31,12.23,12.4,11.87,11.95,5.6909,24200,0,0
2002-01-02,12.25,12.25,11.95,12.19,5.80519,16600,0,0
2002-01-03,12.1,12.25,12.1,12.25,5.91381,29800,0.165,0
2002-01-04,12.24,12.25,12,12,5.79312,40100,0,0
2002-01-07,12.1,12.15,11.7,11.7,5.64829,38100,0,0
2002-01-08,12.05,12.05,11.8,12,5.79312,30800,0,0
2002-01-09,12.1,12.1,11.5,11.52,5.5614,24700,0,0
2002-01-10,11.99,11.99,11.56,11.79,5.69174,23400,0,0
2002-01-11,12,12,11.5,11.78,5.68691,21600,0,0
2002-01-14,11.5,11.9,11.5,11.55,5.57588,10600,0,0
2002-01-15,11.8,12,11.54,11.8,5.69657,16900,0,0
2002-01-16,11.8,11.93,11.5,11.5,5.55174,23900,0,0
2002-01-17,11.64,11.87,11.5,11.7,5.64829,11800,0,0
2002-01-18,11.75,11.76,11.51,11.51,5.55657,22700,0,0
2002-01-22,11.7,11.75,11.4,11.4,5.50346,18600,0,0
2002-01-23,11.41,11.7,11.41,11.7,5.64829,21000,0,0
2002-01-24,11.7,11.77,11.5,11.55,5.57588,11600,0,0
2002-01-25,11.41,11.65,11.41,11.43,5.51795,17700,0,0
2002-01-28,11.6,11.7,11.23,11.68,5.63864,23100,0,0
2002-01-29,11.37,11.65,11.3,11.6,5.60001,9100,0,0
2002-01-30,11.5,11.5,11.27,11.5,5.55174,25200,0,0
2002-01-31,11.55,11.65,11.47,11.5,5.55174,21800,0,0
2002-02-01,11.6,11.9,10.82,10.82,5.22346,60000,0,0
2002-02-04,11.3,11.44,10.95,10.96,5.29105,19700,0,0
2002-02-05,10.95,11.34,10.95,11.22,5.41657,9600,0,0
2002-02-06,11.3,11.3,11.05,11.05,5.3345,15000,0,0
2002-02-07,11.32,11.5,11.2,11.38,5.49381,28200,0,0
2002-02-08,11.45,11.52,11.36,11.52,5.5614,13900,0,0
2002-02-11,11.5,11.7,11.43,11.6,5.60001,7700,0,0
2002-02-12,11.68,11.7,11.57,11.6,5.60001,33400,0,0
2002-02-13,11.7,11.72,11.61,11.7,5.64829,15700,0,0
2002-02-14,11.7,12,11.35,11.35,5.47933,23200,0,0
2002-02-15,11.72,11.8,11.37,11.5,5.55174,39600,0,0
2002-02-19,11.7,11.7,11.32,11.32,5.46484,9700,0,0
2002-02-20,11.64,11.64,11.37,11.62,5.60967,22800,0,0
2002-02-21,11.64,11.73,11.35,11.37,5.48898,33800,0,0
2002-02-22,11.68,11.69,11.55,11.69,5.64346,35100,0,0
2002-02-25,11.7,11.7,11.55,11.69,5.64346,42000,0,0
2002-02-26,11.7,11.75,11.6,11.74,5.6676,35800,0,0
2002-02-27,11.79,12,11.76,11.85,5.72071,35700,0,0
2002-02-28,11.75,12,11.5,11.5,5.55174,27300,0,0
2002-03-01,11.8,12,11.6,11.95,5.76898,24500,0,0
2002-03-04,11.89,11.89,11.15,11.29,5.45036,27100,0,0
2002-03-05,11.84,12.15,11.8,11.91,5.74967,23000,0,0
2002-03-06,12.06,12.06,11.9,11.99,5.78829,37800,0,0
2002-03-07,12.1,12.1,11.77,11.8,5.69657,23000,0,0
2002-03-08,12.1,12.17,11.9,11.97,5.77864,75500,0,0
2002-03-11,11.9,12.11,11.9,12,5.79312,42700,0,0
2002-03-12,11.95,12.06,11.95,12.05,5.81726,39400,0,0
2002-03-13,11.99,12.06,11.95,11.95,5.76898,26300,0,0
2002-03-14,12,12.08,11.95,12,5.79312,23700,0,0
2002-03-15,11.95,12.07,11.92,12,5.79312,31200,0,0
2002-03-18,11.9,12.2,11.9,11.9,5.74484,16400,0,0
2002-03-19,12,12,11.96,11.98,5.78346,10900,0,0
2002-03-20,11.99,12,11.85,11.87,5.73036,9000,0,0
2002-03-21,11.98,12.22,11.83,12,5.79312,31500,0,0
2002-03-22,11.85,12,11.66,11.92,5.7545,80100,0,0
2002-03-25,11.65,12,11.65,11.76,5.67726,12200,0,0
2002-03-26,11.89,11.92,11.78,11.83,5.71105,34100,0,0
2002-03-27,11.81,12,11.73,11.82,5.78694,27600,0.165,0
2002-03-28,11.81,11.9,11.7,11.7,5.72819,21600,0,0
2002-04-01,11.7,11.85,11.67,11.85,5.80163,20900,0,0
2002-04-02,11.85,11.85,11.38,11.5,5.63027,17500,0,0
2002-04-03,11.75,11.99,11.5,11.5,5.63027,17800,0,0
2002-04-04,11.56,11.92,11.56,11.67,5.7135,8900,0,0
2002-04-05,11.92,11.99,11.5,11.5,5.63027,21000,0,0
2002-04-08,11.83,11.93,11.67,11.83,5.79183,19700,0,0
2002-04-09,11.88,11.99,11.85,11.95,5.85059,15500,0,0
2002-04-10,11.95,12.27,11.79,12.27,6.00725,47400,0,0
2002-04-11,12.27,12.27,11.86,11.86,5.80652,18800,0,0
2002-04-12,12.24,12.29,11.9,12.05,5.89954,46400,0,0
2002-04-15,11.81,12.07,11.81,11.97,5.86038,13800,0,0
2002-04-16,11.97,12.18,11.85,12.12,5.93381,19700,0,0
2002-04-17,11.75,12,11.75,11.75,5.75267,25500,0,0
2002-04-18,11.76,12,11.75,12,5.87506,11400,0,0
2002-04-19,12,12.2,11.75,11.77,5.76246,21700,0,0
2002-04-22,11.9,12,11.85,11.9,5.82611,7900,0,0
2002-04-23,11.95,12,11.85,11.85,5.80163,15300,0,0
2002-04-24,12.1,12.34,11.78,11.79,5.77225,31400,0,0
2002-04-25,12.05,12.1,11.94,12.05,5.89954,12100,0,0
2002-04-26,11.87,12.25,11.8,11.84,5.79673,31500,0,0
2002-04-29,11.9,12.15,11.84,12.15,5.9485,23100,0,0
2002-04-30,12.14,12.4,11.91,12.05,5.89954,43700,0,0
2002-05-01,12.3,12.3,12.2,12.2,5.97298,32900,0,0
2002-05-02,12.2,12.29,12,12.23,5.98767,7900,0,0
2002-05-03,12.12,12.28,12,12,5.87506,12300,0,0
2002-05-06,12.19,12.25,12,12,5.87506,36600,0,0
2002-05-07,12.02,12.26,11.89,12.2,5.97298,99600,0,0
2002-05-08,12.1,12.28,12,12.25,5.99746,18600,0,0
2002-05-09,12.06,12.42,12.06,12.33,6.03663,22900,0,0
2002-05-10,12.1,12.4,12.1,12.16,5.9534,8000,0,0
2002-05-13,12.2,12.5,12.2,12.44,6.09048,18800,0,0
2002-05-14,12.45,12.5,12.2,12.45,6.09538,25500,0,0
2002-05-15,12.5,12.6,12.35,12.6,6.16882,46200,0,0
2002-05-16,12.49,12.89,12.36,12.39,6.066,24800,0,0
2002-05-17,12.52,12.9,12.36,12.76,6.24715,18800,0,0
2002-05-20,12.59,12.99,12.4,12.5,6.11986,23800,0,0
2002-05-21,12.51,12.6,12.33,12.55,6.14434,16100,0,0
2002-05-22,12.4,12.65,12.33,12.45,6.09538,16300,0,0
2002-05-23,12.55,12.76,12.36,12.66,6.19819,22500,0,0
2002-05-24,12.68,12.71,12.45,12.71,6.22267,26600,0,0
2002-05-28,12.71,13,12.36,12.55,6.14434,32900,0,0
2002-05-29,12.63,12.65,12.18,12.18,5.96319,15000,0,0
2002-05-30,12.61,12.98,11.25,12.24,5.99256,117600,0,0
2002-05-31,12.24,12.55,11.9,11.9,5.82611,40200,0,0
2002-06-03,11.8,12.2,11.8,12.05,5.89954,38300,0,0
2002-06-04,12.18,12.2,11.82,12.2,5.97298,12700,0,0
2002-06-05,12.2,12.2,11.96,12.02,5.88486,12500,0,0
2002-06-06,11.83,12.32,11.82,11.91,5.831,28000,0,0
2002-06-07,11.9,12,11.87,11.88,5.81631,13100,0,0
2002-06-10,11.88,12.19,11.81,11.97,5.86038,8500,0,0
2002-06-11,11.97,12.25,11.85,11.85,5.80163,20700,0,0
2002-06-12,11.85,12.25,11.5,11.6,5.67923,37800,0,0
2002-06-13,11.8,11.94,11.5,11.5,5.63027,23500,0,0
2002-06-14,11.4,11.91,11.39,11.5,5.63027,29800,0,0
2002-06-17,11.4,12.05,11.25,11.4,5.58131,30000,0,0
2002-06-18,11.18,11.69,11.18,11.69,5.72329,25100,0,0
2002-06-19,11.56,11.7,11.5,11.65,5.70371,26500,0,0
2002-06-20,11.75,12.14,11.25,11.31,5.53725,44800,0,0
2002-06-21,12,12.18,11.5,11.9,5.82611,37600,0,0
2002-06-24,11.7,12.25,11.37,11.98,5.86527,44000,0,0
2002-06-25,11.95,12,11.2,11.53,5.64496,30000,0,0
2002-06-26,11.36,11.99,11.35,11.93,5.84079,28000,0,0
2002-06-27,11.91,12.09,11.35,12.09,6.00214,32200,0.165,0
2002-06-28,11.7,12.7,11.7,12.68,6.29505,108600,0,0
2002-07-01,12.24,12.69,11.85,11.85,5.88299,30300,0,0
2002-07-02,11.85,12.4,11.85,11.95,5.93264,16500,0,0
2002-07-03,11.71,12.24,11.71,12.15,6.03193,22900,0,0
2002-07-05,12.03,12.33,12.03,12.27,6.0915,9100,0,0
2002-07-08,11.76,12.35,11.5,11.56,5.73902,32900,0,0
2002-07-09,11.55,12.43,11.55,12.02,5.96739,22500,0,0
2002-07-10,12.09,12.33,12.05,12.21,6.06172,31600,0,0
2002-07-11,12.29,12.31,11.9,12.28,6.09647,28100,0,0
2002-07-12,12,12.5,12,12.5,6.20568,35300,0,0
2002-07-15,12.12,12.47,11.99,12.3,6.1064,29700,0,0
2002-07-16,11.87,12.15,11.75,11.92,5.91774,43700,0,0
2002-07-17,12.1,12.32,11.91,12.15,6.03193,26800,0,0
2002-07-18,12.01,12.35,11.96,11.96,5.9376,11600,0,0
2002-07-19,12.18,12.2,11.8,12.1,6.00711,30200,0,0
2002-07-22,11.85,12,11.65,12,5.95746,25600,0,0
2002-07-23,12.05,12.15,11.5,11.65,5.7837,41400,0,0
2002-07-24,11.5,12.1,11.5,12.03,5.97236,35400,0,0
2002-07-25,11.98,12.25,11.85,12.15,6.03193,13300,0,0
2002-07-26,12.05,12.25,12,12.05,5.98228,27100,0,0
2002-07-29,12.04,12.44,11.91,12.44,6.1759,22900,0,0
2002-07-30,12.44,12.44,11.95,12.35,6.13122,18100,0,0
2002-07-31,12.25,12.25,11.8,11.8,5.85817,21000,0,0
2002-08-01,11.81,12.06,11.8,11.88,5.89788,16600,0,0
2002-08-02,11.96,12.17,11.81,11.81,5.86313,22300,0,0
2002-08-05,11.99,12.05,11.5,11.5,5.70923,51700,0,0
2002-08-06,11.7,12.13,11.55,12.01,5.96242,21400,0,0
2002-08-07,11.99,12.1,11.83,12.04,5.97731,15300,0,0
2002-08-08,12.04,12.15,11.85,12.07,5.99221,15500,0,0
2002-08-09,12.1,12.2,11.55,11.56,5.73902,11000,0,0
2002-08-12,11.68,12.04,11.68,11.93,5.92271,24800,0,0
2002-08-13,11.76,11.98,11.5,11.5,5.70923,24000,0,0
2002-08-14,11.86,12,11.25,11.49,5.70427,57400,0,0
2002-08-15,11.84,11.84,11.34,11.39,5.65462,22700,0,0
2002-08-16,11.35,11.73,11.35,11.73,5.82342,13200,0,0
2002-08-19,11.84,11.9,11.5,11.6,5.75887,12100,0,0
2002-08-20,11.75,11.94,10.8,11.35,5.63476,62600,0,0
2002-08-21,11.6,11.65,11.25,11.34,5.6298,12800,0,0
2002-08-22,11.7,11.86,11.05,11.43,5.67448,19800,0,0
2002-08-23,11.75,11.77,11.22,11.22,5.57022,15800,0,0
2002-08-26,11.35,12.03,11.22,11.93,5.92271,26100,0,0
2002-08-27,11.79,11.95,11.3,11.55,5.73405,20800,0,0
2002-08-28,11.86,11.95,11.4,11.45,5.68441,28200,0,0
2002-08-29,11.44,11.63,11.32,11.38,5.64966,61700,0,0
2002-08-30,11.49,11.75,11.25,11.25,5.58512,18300,0,0
2002-09-03,11.25,11.76,11.25,11.51,5.7142,20700,0,0
2002-09-04,11.73,11.89,11.54,11.88,5.89788,11700,0,0
2002-09-05,11.63,11.94,11.33,11.33,5.62483,13000,0,0
2002-09-06,11.67,11.98,11.5,11.88,5.89788,26600,0,0
2002-09-09,11.63,12.04,11.63,12,5.95746,17900,0,0
2002-09-10,11.88,12,11.8,11.84,5.87803,18500,0,0
2002-09-11,11.84,11.9,11.75,11.88,5.89788,4700,0,0
2002-09-12,11.75,11.97,11.45,11.45,5.68441,25600,0,0
2002-09-13,11.42,11.65,11.33,11.64,5.77874,11100,0,0
2002-09-16,11.74,11.95,11.32,11.32,5.61987,24800,0,0
2002-09-17,11.33,11.49,11.3,11.35,5.63476,11700,0,0
2002-09-18,11.35,11.5,11.26,11.31,5.6149,15800,0,0
2002-09-19,11.45,11.45,11.21,11.21,5.56526,16200,0,0
2002-09-20,11.94,11.95,10.99,11.12,5.52058,65600,0,0
2002-09-23,11.1,11.29,11.04,11.06,5.49079,12000,0,0
2002-09-24,11.11,11.34,11.03,11.34,5.6298,20200,0,0
2002-09-25,11.35,11.35,11.12,11.25,5.58512,39500,0,0
2002-09-26,11.3,11.3,11.16,11.24,5.58015,30100,0,0
2002-09-27,11.4,11.4,10.91,10.96,5.52221,24400,0.165,0
2002-09-30,11.17,11.4,10.7,10.7,5.39121,9400,0,0
2002-10-01,10.69,11.02,10.68,10.75,5.4164,19900,0,0
2002-10-02,10.7,11.07,10.7,10.84,5.46175,106100,0,0
2002-10-03,10.99,11.27,10.86,11.02,5.55244,19600,0,0
2002-10-04,11.11,11.35,10.99,11.05,5.56756,11900,0,0
2002-10-07,11,11.34,10.98,11.1,5.59275,10900,0,0
2002-10-08,11.04,11.05,10.6,10.67,5.37609,26800,0,0
2002-10-09,10.71,10.95,9.9,9.9,4.98813,37000,0,0
2002-10-10,10.05,10.27,9.63,9.85,4.96294,25600,0,0
2002-10-11,9.75,10.09,9.75,10.09,5.08386,15400,0,0
2002-10-14,10.09,10.4,10,10.38,5.22998,20300,0,0
2002-10-15,10.47,11.05,10.35,10.79,5.43656,24500,0,0
2002-10-16,10.74,10.75,10.25,10.45,5.26525,16700,0,0
2002-10-17,10.92,11.09,10.6,11.09,5.58771,11100,0,0
2002-10-18,11.2,11.25,10.85,11.08,5.58267,12000,0,0
2002-10-21,11.07,11.08,10.87,10.9,5.49198,11200,0,0
2002-10-22,10.95,10.96,10.64,10.65,5.36601,5900,0,0
2002-10-23,10.85,11.1,10.55,10.95,5.51717,18700,0,0
2002-10-24,10.97,11.24,10.63,10.63,5.35594,10800,0,0
2002-10-25,11.06,11.06,10.68,11,5.54236,6400,0,0
2002-10-28,10.99,11.25,10.7,10.7,5.39121,14200,0,0
2002-10-29,10.7,11.13,10.56,10.88,5.4819,13900,0,0
2002-10-30,10.65,11.13,10.65,11.09,5.58771,13700,0,0
2002-10-31,10.88,11.5,10.88,11.29,5.68848,44800,0,0
2002-11-01,11.3,11.5,10.79,11.49,5.78925,39800,0,0
2002-11-04,11.45,11.76,11.43,11.73,5.91018,26900,0,0
2002-11-05,11.76,11.76,11.3,11.69,5.89002,7700,0,0
2002-11-06,11.67,11.81,11.56,11.8,5.94545,15800,0,0
2002-11-07,11.76,12.01,11.68,11.85,5.97064,13900,0,0
2002-11-08,11.78,12,11.5,11.5,5.79429,6600,0,0
2002-11-11,11.51,11.85,11.21,11.21,5.64817,16300,0,0
2002-11-12,11.3,11.64,11.1,11.38,5.73383,21300,0,0
2002-11-13,11.49,11.69,11.18,11.18,5.63306,35600,0,0
2002-11-14,11.11,11.42,10.95,11.4,5.7439,16800,0,0
2002-11-15,11.08,11.4,11.08,11.21,5.64817,14200,0,0
2002-11-18,11.21,11.43,11.09,11.15,5.61794,9500,0,0
2002-11-19,11.3,11.32,10.93,11.03,5.55748,17300,0,0
2002-11-20,11.24,11.44,11.07,11.44,5.76406,12900,0,0
2002-11-21,11.22,11.4,11.21,11.36,5.72375,8700,0,0
2002-11-22,11.22,11.54,11.13,11.37,5.72879,8500,0,0
2002-11-25,11.37,11.55,11.15,11.23,5.65825,7800,0,0
2002-11-26,11.25,11.55,11.25,11.55,5.81948,10000,0,0
2002-11-27,11.38,11.82,11.38,11.75,5.92025,11400,0,0
2002-11-29,11.29,11.75,11.29,11.69,5.89002,5700,0,0
2002-12-02,11.55,11.82,11.45,11.58,5.8346,9600,0,0
2002-12-03,11.7,11.7,11.4,11.46,5.77414,7800,0,0
2002-12-04,11.46,11.59,11.35,11.36,5.72375,3100,0,0
2002-12-05,11.49,11.6,11.36,11.37,5.72879,6500,0,0
2002-12-06,11.37,11.58,11.3,11.38,5.73383,9200,0,0
2002-12-09,11.54,11.54,11.25,11.35,5.71871,11600,0,0
2002-12-10,11.36,11.5,11.29,11.5,5.79429,8200,0,0
2002-12-11,11.49,11.95,11.39,11.92,6.00591,23600,0,0
2002-12-12,11.57,11.99,11.57,11.86,5.97568,11600,0,0
2002-12-13,11.75,11.9,11.75,11.76,5.92529,25200,0,0
2002-12-16,11.39,11.85,11.39,11.75,5.92025,28400,0,0
2002-12-17,11.85,11.99,11.6,11.73,5.91018,31700,0,0
2002-12-18,11.49,11.79,11.36,11.5,5.79429,16100,0,0
2002-12-19,11.5,11.85,11.4,11.85,5.97064,13000,0,0
2002-12-20,11.83,11.83,11.09,11.74,5.91521,39200,0,0
2002-12-23,11.66,11.83,11.5,11.83,5.96056,20300,0,0
2002-12-24,11.65,11.97,11.65,11.96,6.02606,4600,0,0
2002-12-26,11.81,12,11.81,11.87,5.98072,19000,0,0
2002-12-27,11.5,11.84,11.5,11.5,5.79429,6400,0,0
2002-12-30,11.52,11.79,11.5,11.6,5.84467,12200,0,0
2002-12-31,11.79,11.79,11.5,11.57,5.82956,98700,0,0
2003-01-02,11.53,11.75,11.53,11.67,5.96501,16000,0.165,0
2003-01-03,11.7,11.94,11.61,11.89,6.07746,62100,0,0
2003-01-06,11.67,12.09,11.67,11.8,6.03146,19100,0,0
2003-01-07,11.81,11.95,11.65,11.65,5.95479,15700,0,0
2003-01-08,11.66,11.67,11.5,11.52,5.88834,6500,0,0
2003-01-09,11.65,11.86,11.5,11.65,5.95479,5500,0,0
2003-01-10,11.7,11.8,11.61,11.62,5.93945,8600,0,0
2003-01-13,11.56,11.77,11.5,11.55,5.90368,23500,0,0
2003-01-14,11.77,11.92,11.61,11.66,5.9599,25700,0,0
2003-01-15,11.98,11.98,11.65,11.8,6.03146,13900,0,0
2003-01-16,11.8,11.99,11.63,11.71,5.98546,15500,0,0
2003-01-17,11.78,11.85,11.69,11.75,6.0059,7600,0,0
2003-01-21,11.78,11.83,11.69,11.72,5.99057,10900,0,0
2003-01-22,11.72,11.85,11.72,11.76,6.01102,15400,0,0
2003-01-23,11.95,11.95,11.65,11.79,6.02635,6600,0,0
2003-01-24,11.76,11.8,11.51,11.51,5.88323,13200,0,0
2003-01-27,11.51,11.61,11.44,11.44,5.84745,12500,0,0
2003-01-28,11.44,11.68,11.14,11.4,5.827,16100,0,0
2003-01-29,11.67,11.67,11.19,11.31,5.781,8100,0,0
2003-01-30,11.21,11.64,11.04,11.05,5.64811,9900,0,0
2003-01-31,11.05,11.5,11.05,11.49,5.87301,9900,0,0
2003-02-03,11.5,11.59,11.32,11.51,5.88323,25400,0,0
2003-02-04,11.42,11.54,11.14,11.43,5.84234,33200,0,0
2003-02-05,11.32,11.32,11.14,11.2,5.72478,7800,0,0
2003-02-06,11.25,11.35,11.02,11.02,5.63277,17600,0,0
2003-02-07,11.13,11.16,10.83,10.83,5.53566,11900,0,0
2003-02-10,10.96,11,10.73,10.74,5.48965,12500,0,0
2003-02-11,10.72,10.98,10.67,10.69,5.46409,12500,0,0
2003-02-12,10.69,11.25,10.69,11.08,5.66344,12100,0,0
2003-02-13,11.18,11.24,10.9,11.12,5.68389,9500,0,0
2003-02-14,11.13,11.24,11,11.1,5.67366,12700,0,0
2003-02-18,11.11,11.14,10.91,11.05,5.64811,8000,0,0
2003-02-19,11.15,11.15,10.63,10.98,5.61233,25300,0,0
2003-02-20,10.6,11.29,10.6,10.82,5.53054,18000,0,0
2003-02-21,10.82,11.21,10.75,11.09,5.66855,9200,0,0
2003-02-24,11.21,11.41,10.6,10.71,5.47431,28300,0,0
2003-02-25,10.71,10.97,10.56,10.64,5.43854,12200,0,0
2003-02-26,10.69,10.99,10.55,10.56,5.39764,18100,0,0
2003-02-27,10.5,10.55,9.93,10,5.11141,47000,0,0
2003-02-28,9.9,10.42,9.76,9.9,5.06029,32100,0,0
2003-03-03,10.01,10.25,9.88,10.04,5.13185,17500,0,0
2003-03-04,9.95,10.75,9.95,10.19,5.20852,24800,0,0
2003-03-05,10.45,10.7,10.25,10.37,5.30053,12200,0,0
2003-03-06,10.3,10.5,10.1,10.23,5.22897,22200,0,0
2003-03-07,10.5,10.5,9.86,10.11,5.16763,30900,0,0
2003-03-10,10.47,10.47,10.03,10.05,5.13696,12600,0,0
2003-03-11,10.04,10.09,9.76,9.83,5.02451,25100,0,0
2003-03-12,9.94,10.35,9.79,9.96,5.09096,19600,0,0
2003-03-13,10.01,10.01,9.89,10,5.11141,8300,0,0
2003-03-14,9.94,10.07,9.92,10,5.11141,21000,0,0
2003-03-17,10,10.2,9.9,10,5.11141,23100,0,0
2003-03-18,9.9,10.2,9.8,9.8,5.00918,38800,0,0
2003-03-19,10.01,10.15,9.82,10,5.11141,14200,0,0
2003-03-20,9.95,10.07,9.82,9.99,5.1063,16600,0,0
2003-03-21,10.4,10.4,9.8,9.9,5.06029,30000,0,0
2003-03-24,9.95,10.29,9.79,9.81,5.01429,25800,0,0
2003-03-25,9.81,10.19,9.81,9.99,5.1063,24000,0,0
2003-03-26,9.55,10.1,9.55,9.9,5.06029,27400,0,0
2003-03-27,9.73,10,9.72,9.92,5.15646,12100,0.165,0
2003-03-28,9.92,9.99,9.58,9.75,5.06809,16300,0,0
2003-03-31,9.8,9.98,9.55,9.55,4.96413,17300,0,0
2003-04-01,9.61,9.68,9.5,9.68,5.0317,16600,0,0
2003-04-02,9.9,9.91,9.65,9.69,5.0369,18500,0,0
2003-04-03,9.77,9.86,9.61,9.61,4.99531,31300,0,0
2003-04-04,9.62,9.9,9.57,9.6,4.99012,30000,0,0
2003-04-07,9.6,10,9.55,9.62,5.00052,33500,0,0
2003-04-08,9.62,9.98,9.62,9.95,5.17205,14500,0,0
2003-04-09,9.96,10,9.6,9.6,4.99012,22800,0,0
2003-04-10,9.7,9.7,9.55,9.58,4.97972,26300,0,0
2003-04-11,9.58,9.71,9.53,9.53,4.95373,16000,0,0
2003-04-14,9.6,9.66,9.56,9.63,5.00571,18100,0,0
2003-04-15,9.62,9.65,9.55,9.65,5.01611,11600,0,0
2003-04-16,9.96,10.05,9.6,9.6,4.99012,19800,0,0
2003-04-17,9.6,9.79,9.6,9.74,5.06289,11200,0,0
2003-04-21,9.75,9.95,9.52,9.83,5.10967,15300,0,0
2003-04-22,9.81,9.95,9.74,9.9,5.14606,9200,0,0
2003-04-23,9.96,10,9.9,10,5.19804,12800,0,0
2003-04-24,9.96,10,9.82,9.91,5.15126,15200,0,0
2003-04-25,9.95,10.05,9.75,9.98,5.18764,15000,0,0
2003-04-28,10.04,10.05,9.7,9.9,5.14606,28200,0,0
2003-04-29,9.5,9.9,9.5,9.84,5.11487,16700,0,0
2003-04-30,9.83,9.94,9.76,9.87,5.13046,19700,0,0
2003-05-01,9.79,9.9,9.73,9.73,5.05769,15600,0,0
2003-05-02,9.82,9.89,9.7,9.8,5.09408,16900,0,0
2003-05-05,9.77,9.9,9.74,9.81,5.09928,8800,0,0
2003-05-06,9.75,9.9,9.6,9.76,5.07329,21600,0,0
2003-05-07,9.76,9.85,9.31,9.7,5.0421,38700,0,0
2003-05-08,9.63,9.84,9.63,9.84,5.11487,8700,0,0
2003-05-09,9.85,9.85,9.62,9.82,5.10447,12600,0,0
2003-05-12,9.77,9.88,9.75,9.79,5.08888,13300,0,0
2003-05-13,9.83,9.95,9.51,9.69,5.0369,18100,0,0
2003-05-14,9.72,9.98,9.52,9.76,5.07329,14200,0,0
2003-05-15,9.84,10.05,9.63,9.65,5.01611,25900,0,0
2003-05-16,10.02,10.09,9.63,9.76,5.07329,27100,0,0
2003-05-19,9.94,10.1,9.85,9.93,5.16165,21600,0,0
2003-05-20,9.77,9.9,9.7,9.75,5.06809,21900,0,0
2003-05-21,9.73,9.9,9.73,9.79,5.08888,15400,0,0
2003-05-22,9.79,10,9.72,9.8,5.09408,46900,0,0
2003-05-23,9.92,9.92,9.8,9.85,5.12007,67200,0,0
2003-05-27,9.9,9.9,9.76,9.8,5.09408,50000,0,0
2003-05-28,9.85,9.85,9.76,9.8,5.09408,40900,0,0
2003-05-29,9.84,9.85,9.75,9.75,5.06809,33600,0,0
2003-05-30,9.85,9.85,9.7,9.7,5.0421,54200,0,0
2003-06-02,9.7,9.85,9.69,9.73,5.05769,31400,0,0
2003-06-03,9.84,9.84,9.71,9.8,5.09408,23200,0,0
2003-06-04,9.8,9.86,9.75,9.85,5.12007,39300,0,0
2003-06-05,9.85,9.85,9.65,9.75,5.06809,41100,0,0
2003-06-06,9.92,9.92,9.6,9.78,5.08368,27200,0,0
2003-06-09,9.88,9.92,9.7,9.7,5.0421,20800,0,0
2003-06-10,9.75,9.92,9.75,9.92,5.15646,35400,0,0
2003-06-11,9.92,10.04,9.8,10,5.19804,30300,0,0
2003-06-12,10.1,10.55,9.85,10.04,5.21883,23600,0,0
2003-06-13,9.97,10,9.89,9.92,5.15646,35500,0,0
2003-06-16,9.77,10.23,9.77,10.02,5.20844,56500,0,0
2003-06-17,10.22,10.22,9.9,10.03,5.21363,20900,0,0
2003-06-18,10.22,10.23,9.91,9.96,5.17725,33700,0,0
2003-06-19,9.96,10.14,9.96,9.96,5.17725,12300,0,0
2003-06-20,9.97,10.18,9.97,10.04,5.21883,25500,0,0
2003-06-23,10.25,10.25,9.96,9.96,5.17725,77900,0,0
2003-06-24,10.06,10.06,9.9,10,5.19804,28400,0,0
2003-06-25,10,10,9.94,9.97,5.18245,25200,0,0
2003-06-26,10.06,10.16,9.95,10.16,5.28121,41400,0,0
2003-06-27,9.71,10.23,9.71,9.9,5.23101,40400,0.165,0
2003-06-30,9.85,10.15,9.85,10.1,5.33669,125400,0,0
2003-07-01,10.1,10.1,9.8,10.04,5.30499,38200,0,0
2003-07-02,9.8,10.15,9.8,10,5.28385,36700,0,0
2003-07-03,10.14,10.15,9.95,10.04,5.30499,13700,0,0
2003-07-07,9.95,10.18,9.95,10.07,5.32084,19600,0,0
2003-07-08,10.2,10.2,9.95,10.05,5.31027,16400,0,0
2003-07-09,10.15,10.15,9.95,9.97,5.268,66000,0,0
2003-07-10,10.13,10.13,9.95,10,5.28385,37200,0,0
2003-07-11,10.01,10.05,9.95,10,5.28385,15600,0,0
2003-07-14,10.2,10.2,9.92,10.09,5.33141,29800,0,0
2003-07-15,9.95,10.2,9.95,10.2,5.38953,27000,0,0
2003-07-16,10.16,10.23,10.01,10.1,5.33669,14000,0,0
2003-07-17,10.17,10.21,9.96,10,5.28385,19500,0,0
2003-07-18,10.1,10.2,9.96,10.05,5.31027,25900,0,0
2003-07-21,10,10.15,9.9,9.9,5.23101,14700,0,0
2003-07-22,9.96,10.1,9.96,10,5.28385,10100,0,0
2003-07-23,10.1,10.1,9.97,9.99,5.27857,15100,0,0
2003-07-24,10.1,10.1,9.97,10.04,5.30499,14800,0,0
2003-07-25,10.1,10.1,9.97,10,5.28385,22000,0,0
2003-07-28,9.99,10.1,9.99,10.09,5.33141,18000,0,0
2003-07-29,10.01,10.07,9.95,10.05,5.31027,12000,0,0
2003-07-30,10.05,10.1,9.89,9.91,5.2363,39400,0,0
2003-07-31,9.97,10.1,9.9,10.02,5.29442,17100,0,0
2003-08-01,10.02,10.09,9.9,9.92,5.24158,12800,0,0
2003-08-04,10.05,10.05,9.89,9.95,5.25743,15000,0,0
2003-08-05,9.99,10.05,9.91,9.92,5.24158,28500,0,0
2003-08-06,9.91,10,9.91,9.98,5.27328,11200,0,0
2003-08-07,9.98,9.99,9.95,9.96,5.26272,15000,0,0
2003-08-08,10.15,10.25,9.9,9.9,5.23101,31900,0,0
2003-08-11,9.89,9.99,9.86,9.95,5.25743,37700,0,0
2003-08-12,10,10,9.86,9.95,5.25743,35800,0,0
2003-08-13,9.95,10,9.91,9.98,5.27328,32800,0,0
2003-08-14,10,10,9.92,9.95,5.25743,7500,0,0
2003-08-15,9.97,10,9.91,9.91,5.2363,28600,0,0
2003-08-18,10,10,9.81,9.95,5.25743,14900,0,0
2003-08-19,9.91,10,9.85,9.95,5.25743,15500,0,0
2003-08-20,9.94,9.95,9.92,9.92,5.24158,12700,0,0
2003-08-21,9.95,9.95,9.92,9.95,5.25743,12000,0,0
2003-08-22,9.96,9.96,9.91,9.91,5.2363,17400,0,0
2003-08-25,9.91,9.95,9.9,9.94,5.25215,16000,0,0
2003-08-26,9.95,9.95,9.83,9.95,5.25743,24300,0,0
2003-08-27,9.95,9.95,9.87,9.88,5.22044,13700,0,0
2003-08-28,9.95,9.95,9.86,9.9,5.23101,15500,0,0
2003-08-29,9.9,9.94,9.65,9.67,5.10948,46500,0,0
2003-09-02,9.67,9.94,9.67,9.85,5.2046,35200,0,0
2003-09-03,9.85,9.86,9.7,9.83,5.19402,51700,0,0
2003-09-04,9.7,9.84,9.6,9.79,5.17289,56800,0,0
2003-09-05,9.78,9.78,9.58,9.58,5.06193,52300,0,0
2003-09-08,9.6,9.92,9.6,9.92,5.24158,24000,0,0
2003-09-09,9.9,9.9,9.7,9.72,5.1359,41100,0,0
2003-09-10,9.75,9.86,9.63,9.64,5.09363,35800,0,0
2003-09-11,9.83,9.92,9.65,9.92,5.24158,47300,0,0
2003-09-12,9.79,9.95,9.75,9.92,5.24158,15900,0,0
2003-09-15,9.82,9.95,9.75,9.91,5.2363,22100,0,0
2003-09-16,9.95,9.97,9.85,9.9,5.23101,12800,0,0
2003-09-17,9.95,10,9.85,9.98,5.27328,15000,0,0
2003-09-18,9.86,10.02,9.8,10,5.28385,13500,0,0
2003-09-19,9.95,10.04,9.93,10,5.28385,18000,0,0
2003-09-22,10,10.03,9.93,10.03,5.2997,11900,0,0
2003-09-23,9.9,10.04,9.9,10,5.28385,14200,0,0
2003-09-24,10.02,10.06,9.9,9.93,5.24686,37900,0,0
2003-09-25,9.92,10.1,9.85,9.99,5.27857,36900,0,0
2003-09-26,10.19,10.2,9.8,9.85,5.292,17300,0.165,0
2003-09-29,9.83,9.96,9.6,9.85,5.292,16800,0,0
2003-09-30,9.86,9.95,9.65,9.8,5.26514,21600,0,0
2003-10-01,9.93,10.04,9.79,10,5.37259,18400,0,0
2003-10-02,9.99,10.05,9.83,10.05,5.39945,10300,0,0
2003-10-03,10.05,10.15,9.95,10.1,5.42632,36800,0,0
2003-10-06,10.2,10.2,9.86,10.08,5.41557,21900,0,0
2003-10-07,10.2,10.22,10.08,10.22,5.49078,13200,0,0
2003-10-08,10.2,10.2,9.95,9.96,5.3511,18200,0,0
2003-10-09,10.1,10.25,10,10.23,5.49616,20500,0,0
2003-10-10,10.25,10.25,9.91,10.06,5.40482,9600,0,0
2003-10-13,10.11,10.22,9.96,10.2,5.48004,19600,0,0
2003-10-14,10.14,10.23,10.14,10.22,5.49078,9600,0,0
2003-10-15,10.09,10.21,9.9,10,5.37259,13500,0,0
2003-10-16,9.98,10.05,9.96,10,5.37259,12300,0,0
2003-10-17,10.2,10.2,9.98,9.98,5.36184,13100,0,0
2003-10-20,10.1,10.15,9.93,9.98,5.36184,29800,0,0
2003-10-21,10,10.12,9.96,10.03,5.3887,17600,0,0
2003-10-22,10.02,10.05,9.94,9.94,5.34035,23200,0,0
2003-10-23,10.05,10.29,9.94,10.15,5.45318,63900,0,0
2003-10-24,10.15,10.15,9.93,10.01,5.37796,17300,0,0
2003-10-27,10.1,10.32,10.1,10.32,5.54451,33800,0,0
2003-10-28,10.24,10.32,10.06,10.32,5.54451,10300,0,0
2003-10-29,10.26,10.33,10.2,10.33,5.54988,14500,0,0
2003-10-30,10.33,10.33,10.06,10.23,5.49616,11000,0,0
2003-10-31,10.02,10.21,10.02,10.14,5.4478,8700,0,0
2003-11-03,10.19,10.35,10.11,10.35,5.56063,15800,0,0
2003-11-04,10.34,10.38,10.23,10.38,5.57675,9300,0,0
2003-11-05,10.24,10.38,10.23,10.31,5.53914,17700,0,0
2003-11-06,10.39,10.45,10.33,10.45,5.61435,9900,0,0
2003-11-07,10.39,10.5,10.32,10.44,5.60898,19300,0,0
2003-11-10,10.4,10.48,10.25,10.27,5.51765,24000,0,0
2003-11-11,10.38,10.48,10.25,10.39,5.58212,15100,0,0
2003-11-12,10.49,10.49,10.25,10.38,5.57675,25300,0,0
2003-11-13,10.45,10.45,10.12,10.25,5.5069,23100,0,0
2003-11-14,10.2,10.33,10,10,5.37259,26100,0,0
2003-11-17,10.01,10.12,9.96,10.04,5.39408,19100,0,0
2003-11-18,10.15,10.15,9.99,10.01,5.37796,19500,0,0
2003-11-19,10.09,10.26,10,10.21,5.48541,33400,0,0
2003-11-20,10.13,10.2,9.94,9.94,5.34035,19900,0,0
2003-11-21,10,10.08,10,10.07,5.41019,10800,0,0
2003-11-24,10.16,10.45,10.08,10.33,5.54988,37700,0,0
2003-11-25,10.27,10.42,10.12,10.18,5.4693,20600,0,0
2003-11-26,10.14,10.27,10.08,10.18,5.4693,8900,0,0
2003-11-28,10.15,10.15,10.05,10.1,5.42632,5800,0,0
2003-12-01,10.06,10.31,10,10.15,5.45318,14300,0,0
2003-12-02,10.24,10.36,10.06,10.18,5.4693,19100,0,0
2003-12-03,10.2,10.3,10.1,10.17,5.46392,21900,0,0
2003-12-04,10.12,10.29,10.12,10.29,5.52839,13700,0,0
2003-12-05,10.29,10.32,10.17,10.26,5.51228,16500,0,0
2003-12-08,10.45,10.48,10.19,10.44,5.60898,19300,0,0
2003-12-09,10.34,10.47,10,10,5.37259,82200,0,0
2003-12-10,10,10.07,9.95,9.96,5.3511,56700,0,0
2003-12-11,10.07,10.07,9.96,9.99,5.36722,48300,0,0
2003-12-12,10.08,10.08,9.92,9.98,5.36184,52300,0,0
2003-12-15,10.15,10.18,9.76,9.78,5.25439,68600,0,0
2003-12-16,9.9,10.01,9.83,9.95,5.34572,38800,0,0
2003-12-17,9.8,10.01,9.8,9.92,5.32961,19700,0,0
2003-12-18,9.99,10.14,9.81,9.99,5.36722,29400,0,0
2003-12-19,10,10,9.9,9.93,5.33498,26500,0,0
2003-12-22,9.88,10.03,9.88,9.95,5.34572,25100,0,0
2003-12-23,9.96,10.03,9.9,9.96,5.3511,37800,0,0
2003-12-24,9.95,10.09,9.9,9.98,5.36184,29900,0,0
2003-12-26,10.15,10.15,9.95,9.95,5.34572,26500,0,0
2003-12-29,10.13,10.26,10.08,10.25,5.5069,29800,0,0
2003-12-30,10.32,10.37,10.03,10.26,5.51228,29800,0,0
2003-12-31,10.33,10.33,10,10.27,5.60783,40300,0.165,0
2004-01-02,9.92,10.33,9.92,10.25,5.59691,41800,0,0
2004-01-05,10.25,10.33,10.12,10.21,5.57507,33400,0,0
2004-01-06,10.15,10.33,10.15,10.29,5.61876,39800,0,0
2004-01-07,10.32,10.5,10.2,10.21,5.57507,39900,0,0
2004-01-08,10.21,10.49,10.18,10.28,5.61329,28000,0,0
2004-01-09,10.46,10.63,10.25,10.48,5.7225,38800,0,0
2004-01-12,10.45,10.73,10.22,10.7,5.84263,35600,0,0
2004-01-13,10.7,10.9,10.55,10.9,5.95184,39800,0,0
2004-01-14,11,11.19,10.99,11.17,6.09927,39500,0,0
2004-01-15,11.22,11.7,11.1,11.69,6.38321,60300,0,0
2004-01-16,11.7,12.1,11.6,12.1,6.60708,96700,0,0
2004-01-20,11.5,12.1,11,11.7,6.38867,66300,0,0
2004-01-21,11.6,11.68,11.41,11.63,6.35045,21300,0,0
2004-01-22,11.25,11.83,11.25,11.67,6.37229,34700,0,0
2004-01-23,11.5,11.74,11.27,11.69,6.38321,11200,0,0
2004-01-26,11.75,11.87,11.5,11.75,6.41597,29900,0,0
2004-01-27,11.25,11.26,10.9,10.93,5.96822,143400,0,0
2004-01-28,10.8,10.98,10.5,10.71,5.84809,48300,0,0
2004-01-29,10.75,10.75,10.41,10.46,5.71158,52000,0,0
2004-01-30,10.45,10.75,10.43,10.46,5.71158,28300,0,0
2004-02-02,10.46,10.89,10.4,10.45,5.70612,56800,0,0
2004-02-03,10.65,10.85,10.46,10.61,5.79349,63900,0,0
2004-02-04,10.54,10.59,10.42,10.43,5.6952,21400,0,0
2004-02-05,10.49,10.5,10.35,10.4,5.67882,27800,0,0
2004-02-06,10.48,10.58,10.39,10.39,5.67336,29600,0,0
2004-02-09,10.5,10.61,10.36,10.53,5.74981,56800,0,0
2004-02-10,10.6,10.67,10.47,10.62,5.79894,24200,0,0
2004-02-11,10.5,11.15,10.5,10.76,5.87539,59000,0,0
2004-02-12,11.23,11.23,10.74,10.95,5.97914,27100,0,0
2004-02-13,11.03,11.04,10.58,10.95,5.97914,16600,0,0
2004-02-17,11.24,11.27,10.84,11.02,6.01736,15700,0,0
2004-02-18,11.1,11.1,10.75,10.79,5.89178,25200,0,0
2004-02-19,10.67,10.91,10.67,10.83,5.91362,16600,0,0
2004-02-20,11.15,11.15,10.62,10.82,5.90815,23700,0,0
2004-02-23,10.9,11.01,10.82,10.92,5.96276,22600,0,0
2004-02-24,11.04,11.15,10.86,11.1,6.06105,40500,0,0
2004-02-25,11.09,11.1,11.01,11.1,6.06105,24400,0,0
2004-02-26,11.09,11.19,11.01,11.08,6.05012,17900,0,0
2004-02-27,11.05,11.15,11.05,11.15,6.08835,27300,0,0
2004-03-01,11,11.2,10.78,10.95,5.97914,30900,0,0
2004-03-02,10.95,11.22,10.95,11.16,6.09381,26100,0,0
2004-03-03,11.01,11.21,10.87,10.97,5.99006,13300,0,0
2004-03-04,10.97,11.22,10.97,11,6.00644,18100,0,0
2004-03-05,11,11.1,10.95,11.09,6.05559,21500,0,0
2004-03-08,11.2,11.2,10.94,10.94,5.97368,198000,0,0
2004-03-09,11.14,11.14,10.9,11,6.00644,14800,0,0
2004-03-10,11.25,11.25,10.95,11.01,6.0119,25600,0,0
2004-03-11,10.99,11.12,10.81,10.96,5.9846,25900,0,0
2004-03-12,11,11.05,10.82,11.02,6.01736,31900,0,0
2004-03-15,11.08,11.11,10.91,10.99,6.00098,56900,0,0
2004-03-16,11,11.1,10.75,10.92,5.96276,49200,0,0
2004-03-17,10.92,11.06,10.76,11,6.00644,53200,0,0
2004-03-18,11.05,11.07,10.94,10.98,5.99552,53700,0,0
2004-03-19,11,11,10.81,10.85,5.92454,59600,0,0
2004-03-22,11,11,10.75,10.75,5.86993,72800,0,0
2004-03-23,10.79,11.04,10.77,10.9,5.95184,51700,0,0
2004-03-24,10.8,11,10.77,10.77,5.88085,53500,0,0
2004-03-25,10.9,10.9,10.64,10.64,5.90026,38700,0.165,0
2004-03-26,10.63,10.85,10.58,10.7,5.93353,51200,0,0
2004-03-29,10.65,10.75,10.55,10.64,5.90026,21500,0,0
2004-03-30,10.5,10.79,10.44,10.52,5.83372,43400,0,0
2004-03-31,10.61,10.89,10.51,10.88,6.03335,31000,0,0
2004-04-01,10.7,11.26,10.7,11.19,6.20526,56400,0,0
2004-04-02,11.1,11.5,11.1,11.43,6.33835,26800,0,0
2004-04-05,11.31,11.44,11.27,11.34,6.28844,5600,0,0
2004-04-06,11.49,11.5,11.3,11.45,6.34943,24600,0,0
2004-04-07,11.5,11.75,11.37,11.65,6.46034,14300,0,0
2004-04-08,11.82,11.91,11.61,11.8,6.54352,19100,0,0
2004-04-12,11.6,11.82,11.25,11.74,6.51025,16600,0,0
2004-04-13,11.6,11.66,11.43,11.6,6.43262,19600,0,0
2004-04-14,11.27,11.69,11.25,11.42,6.3328,20900,0,0
2004-04-15,11.54,11.54,11.27,11.27,6.24962,16600,0,0
2004-04-16,11.5,11.56,11.28,11.42,6.3328,8000,0,0
2004-04-19,11.3,11.53,11.26,11.53,6.3938,14700,0,0
2004-04-20,11.4,11.8,11.4,11.44,6.34389,17200,0,0
2004-04-21,11.3,11.6,11.26,11.56,6.41043,9800,0,0
2004-04-22,11.5,11.58,11.37,11.45,6.34943,8600,0,0
2004-04-23,11.39,11.56,11.37,11.56,6.41043,20500,0,0
2004-04-26,11.61,11.67,11.48,11.53,6.3938,23800,0,0
2004-04-27,11.45,11.74,11.31,11.56,6.41043,106300,0,0
2004-04-28,11.5,11.6,11.3,11.52,6.38825,52500,0,0
2004-04-29,11.55,11.59,11.33,11.44,6.34389,34000,0,0
2004-04-30,11.5,11.55,11.16,11.19,6.20526,35700,0,0
2004-05-03,11.3,11.4,11.07,11.15,6.18308,9200,0,0
2004-05-04,11.11,11.19,11.01,11.1,6.15535,20700,0,0
2004-05-05,11.02,11.24,11.02,11.11,6.16089,21800,0,0
2004-05-06,11.02,11.2,11.02,11.09,6.1498,57400,0,0
2004-05-07,11.02,11.14,11.02,11.02,6.11098,54200,0,0
2004-05-10,11.04,11.15,10.98,10.98,6.0888,46100,0,0
2004-05-11,11,11.19,10.98,11.03,6.11653,56300,0,0
2004-05-12,11,11.09,10.97,11.04,6.12207,53400,0,0
2004-05-13,11.09,11.17,10.89,10.96,6.07771,59400,0,0
2004-05-14,10.96,10.99,10.78,10.8,5.98899,25200,0,0
2004-05-17,10.75,10.82,10.59,10.65,5.9058,34900,0,0
2004-05-18,10.79,10.79,10.34,10.59,5.87253,58900,0,0
2004-05-19,10.58,10.85,10.58,10.79,5.98344,38600,0,0
2004-05-20,10.62,10.89,10.62,10.89,6.0389,13900,0,0
2004-05-21,10.74,10.95,10.74,10.76,5.9668,14500,0,0
2004-05-24,10.95,10.97,10.6,10.69,5.92799,24500,0,0
2004-05-25,10.78,10.87,10.61,10.76,5.9668,21300,0,0
2004-05-26,10.77,10.88,10.62,10.67,5.9169,37000,0,0
2004-05-27,10.61,10.92,10.61,10.65,5.9058,29700,0,0
2004-05-28,10.62,10.97,10.59,10.66,5.91135,61700,0,0
2004-06-01,10.6,10.95,10.6,10.92,6.05553,11500,0,0
2004-06-02,10.84,11.16,10.72,11,6.09989,15300,0,0
2004-06-03,10.86,11.15,10.86,10.98,6.0888,9400,0,0
2004-06-04,10.92,11.04,10.86,10.86,6.02226,9100,0,0
2004-06-07,11.15,11.16,10.87,11.05,6.12762,20900,0,0
2004-06-08,11.12,11.21,11.05,11.09,6.1498,17600,0,0
2004-06-09,11.14,11.2,11,11,6.09989,11600,0,0
2004-06-10,11.2,11.2,11.04,11.18,6.19971,26400,0,0
2004-06-14,11.24,11.24,11,11.18,6.19971,24700,0,0
2004-06-15,11.16,11.25,10.97,11.08,6.14426,55800,0,0
2004-06-16,10.91,11.05,10.8,11.02,6.11098,24800,0,0
2004-06-17,11.16,11.16,10.96,10.96,6.07771,77700,0,0
2004-06-18,10.9,11.1,10.85,11,6.09989,34200,0,0
2004-06-21,11.17,11.37,11,11.05,6.12762,44400,0,0
2004-06-22,11.05,11.23,11,11.21,6.21635,27500,0,0
2004-06-23,11,11.46,11,11.16,6.18862,51200,0,0
2004-06-24,11.24,11.39,11,11.25,6.23853,33000,0,0
2004-06-25,11.11,11.26,10.85,10.86,6.1119,66100,0.165,0
2004-06-28,10.99,11.1,10.99,11,6.19069,40200,0,0
2004-06-29,11.12,11.72,11,11.25,6.33139,41100,0,0
2004-06-30,11.33,11.33,11.05,11.17,6.28637,19000,0,0
2004-07-01,11.29,11.29,11.03,11.19,6.29762,80300,0,0
2004-07-02,11.03,11.19,11.02,11.14,6.26949,7600,0,0
2004-07-06,11.26,11.26,11.01,11.1,6.24697,26700,0,0
2004-07-07,11.25,11.25,11.03,11.1,6.24697,14000,0,0
2004-07-08,11.15,11.24,10.98,11.01,6.19632,24300,0,0
2004-07-09,11.02,11.15,11.02,11.1,6.24697,13800,0,0
2004-07-12,11.19,11.19,10.94,11,6.19069,21100,0,0
2004-07-13,11,11.2,11,11.18,6.292,74900,0,0
2004-07-14,11.22,11.22,11.02,11.09,6.24134,26900,0,0
2004-07-15,11.06,11.06,10.85,10.93,6.1513,39000,0,0
2004-07-16,10.88,10.97,10.83,10.9,6.13441,9400,0,0
2004-07-19,10.99,11,10.87,10.91,6.14004,21000,0,0
2004-07-20,10.99,11.05,10.96,10.99,6.18506,29500,0,0
2004-07-21,11.15,11.25,10.9,10.9,6.13441,24800,0,0
2004-07-22,10.91,11.01,10.9,11,6.19069,37800,0,0
2004-07-23,10.87,11,10.87,10.96,6.16818,17100,0,0
2004-07-26,10.9,11.02,10.87,10.94,6.15692,16900,0,0
2004-07-27,10.99,11,10.84,10.85,6.10627,31000,0,0
2004-07-28,10.96,10.96,10.63,10.75,6.04999,37900,0,0
2004-07-29,10.63,11.35,10.63,11.25,6.33139,287300,0,0
2004-07-30,11.29,11.45,11.28,11.44,6.43832,47800,0,0
2004-08-02,11.4,11.4,11.15,11.17,6.28637,31600,0,0
2004-08-03,11.1,11.3,11.06,11.07,6.23009,13900,0,0
2004-08-04,11.08,11.39,11.08,11.3,6.35953,19300,0,0
2004-08-05,11.29,11.33,11.1,11.2,6.30325,24800,0,0
2004-08-06,11.35,11.35,11.14,11.14,6.26949,65300,0,0
2004-08-09,11.34,11.39,11.04,11.09,6.24134,30500,0,0
2004-08-10,11.11,11.35,11.11,11.25,6.33139,27500,0,0
2004-08-11,11.35,11.35,10.98,11.2,6.30325,23800,0,0
2004-08-12,11.09,11.3,11.04,11.1,6.24697,12700,0,0
2004-08-13,11.25,11.25,11.04,11.05,6.21883,13700,0,0
2004-08-16,11.17,11.27,11.16,11.26,6.33702,14200,0,0
2004-08-17,11.32,11.33,11.15,11.16,6.28074,23500,0,0
2004-08-18,11.25,11.25,11.07,11.22,6.3145,21800,0,0
2004-08-19,11.1,11.26,11.06,11.21,6.30888,13200,0,0
2004-08-20,11.2,11.35,11.1,11.34,6.38204,28300,0,0
2004-08-23,11.35,11.42,11.12,11.12,6.25823,42800,0,0
2004-08-24,11.42,11.55,11.28,11.45,6.44395,26300,0,0
2004-08-25,11.2,11.5,11.2,11.45,6.44395,41500,0,0
2004-08-26,11.33,11.56,11.33,11.46,6.44958,26900,0,0
2004-08-27,11.27,11.49,11.27,11.44,6.43832,19800,0,0
2004-08-30,11.51,11.53,11.33,11.33,6.37641,23300,0,0
2004-08-31,11.58,11.69,11.31,11.39,6.41018,31400,0,0
2004-09-01,11.44,12,11.33,11.42,6.42706,67900,0,0
2004-09-02,11.58,11.65,11.39,11.51,6.47771,12800,0,0
2004-09-03,11.4,11.7,11.39,11.45,6.44395,22400,0,0
2004-09-07,11.7,11.77,11.45,11.74,6.60715,27400,0,0
2004-09-08,11.66,11.7,11.47,11.54,6.4946,28200,0,0
2004-09-09,11.65,11.65,11.48,11.48,6.46083,54900,0,0
2004-09-10,11.65,11.73,11.43,11.57,6.51149,40500,0,0
2004-09-13,11.61,11.85,11.51,11.64,6.55088,23600,0,0
2004-09-14,11.65,11.76,11.64,11.64,6.55088,79100,0,0
2004-09-15,11.59,11.95,11.59,11.89,6.69157,26000,0,0
2004-09-16,11.99,12.04,11.82,12.03,6.77036,35800,0,0
2004-09-17,12.62,12.62,11.79,12.15,6.8379,57200,0,0
2004-09-20,11.98,12.2,11.98,12.2,6.86604,18400,0,0
2004-09-21,12.35,12.35,11.94,12.23,6.88293,54700,0,0
2004-09-22,12.2,12.27,12.09,12.09,6.80413,29000,0,0
2004-09-23,12.24,12.39,12.08,12.28,6.91106,36100,0,0
2004-09-24,12.25,12.34,12.2,12.26,6.99378,25300,0.165,0
2004-09-27,12.18,12.28,11.98,11.98,6.83405,27400,0,0
2004-09-28,12.19,12.24,11.83,12.2,6.95955,30700,0,0
2004-09-29,11.98,12.48,11.98,12.44,7.09646,40500,0,0
2004-09-30,12.21,12.46,12.06,12.06,6.87969,24000,0,0
2004-10-01,12.44,12.46,11.89,12.29,7.01089,33400,0,0
2004-10-04,12.55,12.55,12.2,12.21,6.96526,23100,0,0
2004-10-05,12.15,12.31,11.96,12.15,6.93103,26500,0,0
2004-10-06,12.34,12.34,12.06,12.18,6.94815,37800,0,0
2004-10-07,12.2,12.25,12.05,12.08,6.8911,47100,0,0
2004-10-08,12.02,12.31,12.02,12.24,6.98237,25300,0,0
2004-10-11,12.25,12.43,12.25,12.4,7.07364,180900,0,0
2004-10-12,12.48,12.48,12.2,12.27,6.99948,40400,0,0
2004-10-13,12.18,12.4,12.17,12.17,6.94243,32500,0,0
2004-10-14,12.2,12.28,12.17,12.17,6.94243,14300,0,0
2004-10-15,12.25,12.25,12.17,12.25,6.98807,26400,0,0
2004-10-18,12.26,12.26,12.21,12.24,6.98237,18600,0,0
2004-10-19,12.25,12.25,12.15,12.18,6.94815,11000,0,0
2004-10-20,12.19,12.25,12.17,12.25,6.98807,23900,0,0
2004-10-21,12.18,12.25,12.08,12.2,6.95955,39800,0,0
2004-10-22,12.07,12.25,12.07,12.14,6.92532,35900,0,0
2004-10-25,12.07,12.22,12.02,12.22,6.97096,15700,0,0
2004-10-26,12.17,12.25,12.07,12.24,6.98237,20300,0,0
2004-10-27,12.25,12.5,12.1,12.34,7.03942,70500,0,0
2004-10-28,12.69,12.69,12.22,12.28,7.00519,30800,0,0
2004-10-29,12.42,12.44,12.2,12.2,6.95955,26700,0,0
2004-11-01,12.12,12.3,12.12,12.3,7.0166,24200,0,0
2004-11-02,12.22,12.28,12.16,12.21,6.96526,22700,0,0
2004-11-03,12.4,12.4,12.22,12.31,7.0223,38000,0,0
2004-11-04,12.4,12.4,12.24,12.25,6.98807,56400,0,0
2004-11-05,12.32,12.32,12.12,12.25,6.98807,52600,0,0
2004-11-08,12.32,12.32,12.21,12.25,6.98807,26100,0,0
2004-11-09,12.07,12.36,12.07,12.25,6.98807,132800,0,0
2004-11-10,12.26,12.4,12.22,12.25,6.98807,117500,0,0
2004-11-11,12.29,12.38,12.24,12.26,6.99378,55100,0,0
2004-11-12,12.4,12.4,12.24,12.39,7.06794,199500,0,0
2004-11-15,12.4,12.44,12.3,12.38,7.06223,141400,0,0
2004-11-16,12.44,12.44,12.23,12.25,6.98807,99900,0,0
2004-11-17,12.34,12.44,12.26,12.26,6.99378,70500,0,0
2004-11-18,12.27,12.3,12.23,12.25,6.98807,136500,0,0
2004-11-19,12.15,12.34,12.15,12.25,6.98807,42100,0,0
2004-11-22,12.15,12.36,12.15,12.25,6.98807,66700,0,0
2004-11-23,12.41,12.41,12.21,12.33,7.03371,35600,0,0
2004-11-24,12.36,12.37,12.17,12.27,6.99948,50300,0,0
2004-11-26,12.27,12.3,12.22,12.3,7.0166,50000,0,0
2004-11-29,12.45,12.65,12.34,12.61,7.19344,142000,0,0
2004-11-30,12.6,12.8,12.58,12.79,7.29612,64900,0,0
2004-12-01,12.77,13.26,12.66,12.82,7.31323,110500,0,0
2004-12-02,13.03,13.06,12.88,13.01,7.42162,39000,0,0
2004-12-03,13,13.05,12.85,13.01,7.42162,50800,0,0
2004-12-06,12.82,12.82,12.5,12.81,7.30753,123600,0,0
2004-12-07,12.8,12.8,12.43,12.46,7.10787,109100,0,0
2004-12-08,12.35,12.72,12.35,12.58,7.17633,46900,0,0
2004-12-09,12.58,12.73,12.43,12.64,7.21055,23800,0,0
2004-12-10,12.79,12.94,12.5,12.92,7.37028,34300,0,0
2004-12-13,12.91,13.01,12.63,13,7.41592,35500,0,0
2004-12-14,12.83,12.96,12.83,12.88,7.34746,54200,0,0
2004-12-15,12.89,13.08,12.89,13.04,7.43873,35800,0,0
2004-12-16,12.87,13.35,12.86,13.35,7.61558,47500,0,0
2004-12-17,13.15,13.2,12.99,13.05,7.44444,39200,0,0
2004-12-20,13,13.2,13,13.2,7.53001,20600,0,0
2004-12-21,13.2,13.22,13.02,13.22,7.54141,21800,0,0
2004-12-22,13.26,13.26,13,13.02,7.42732,46500,0,0
2004-12-23,13.23,13.23,13.03,13.15,7.50148,15900,0,0
2004-12-27,13.31,13.35,13.1,13.24,7.55282,25700,0,0
2004-12-28,13.25,13.32,13.16,13.16,7.50719,16600,0,0
2004-12-29,13.02,13.17,13.01,13.05,7.44444,24900,0,0
2004-12-30,13.35,13.35,12.6,12.6,7.27978,43300,0.165,0
2004-12-31,12.39,12.7,11.88,12.39,7.15845,38300,0,0
2005-01-03,12.02,12.65,12.02,12.24,7.07178,82700,0,0
2005-01-04,12.11,12.39,12.01,12.33,7.12378,51500,0,0
2005-01-05,12.09,12.34,11.88,11.99,6.92734,70800,0,0
2005-01-06,11.88,12.53,11.81,12.3,7.10645,52700,0,0
2005-01-07,12.67,12.74,12.26,12.5,7.222,45700,0,0
2005-01-10,12.29,12.49,12.29,12.4,7.16423,30500,0,0
2005-01-11,12.5,12.5,12.1,12.4,7.16423,33600,0,0
2005-01-12,12.1,12.56,12.06,12.56,7.25667,31500,0,0
2005-01-13,12.65,12.65,12.25,12.31,7.11223,38500,0,0
2005-01-14,12.43,12.44,12.16,12.27,7.08911,22000,0,0
2005-01-18,12.11,12.48,12.08,12.38,7.15267,29100,0,0
2005-01-19,12.47,12.53,12.29,12.39,7.15845,37200,0,0
2005-01-20,12.27,12.9,12.2,12.6,7.27978,42300,0,0
2005-01-21,12.41,13.15,12.41,12.51,7.22778,31700,0,0
2005-01-24,12.56,12.63,12.25,12.36,7.14111,22000,0,0
2005-01-25,12.5,12.5,12.2,12.2,7.04867,27500,0,0
2005-01-26,12.12,12.58,12.06,12.43,7.18156,30100,0,0
2005-01-27,12.31,12.83,12.31,12.74,7.36066,20100,0,0
2005-01-28,12.72,12.98,12.66,12.98,7.49933,51400,0,0
2005-01-31,12.91,13.14,12.8,13.13,7.58599,22900,0,0
2005-02-01,12.97,13,12.55,12.71,7.34333,25800,0,0
2005-02-02,12.51,13.15,12.51,12.93,7.47044,18400,0,0
2005-02-03,12.96,13.17,12.89,13.08,7.5571,43600,0,0
2005-02-04,13.15,13.15,12.9,13.05,7.53977,21300,0,0
2005-02-07,13.06,13.32,13,13.2,7.62643,19600,0,0
2005-02-08,13.2,13.32,13.15,13.27,7.66688,10900,0,0
2005-02-09,13.35,13.5,13.18,13.34,7.70732,33600,0,0
2005-02-10,13.26,13.5,12.75,13.45,7.77087,33900,0,0
2005-02-11,13.6,13.75,13.26,13.75,7.9442,29900,0,0
2005-02-14,13.46,13.69,13.46,13.56,7.83443,28600,0,0
2005-02-15,13,13.67,12.99,13.62,7.86909,38900,0,0
2005-02-16,13.74,13.74,13.52,13.6,7.85754,24900,0,0
2005-02-17,13.46,13.64,13.29,13.3,7.68421,17400,0,0
2005-02-18,13.48,13.58,13.25,13.48,7.7882,8000,0,0
2005-02-22,12.96,13.5,12.96,13.02,7.52243,26300,0,0
2005-02-23,12.91,13.49,12.91,13.1,7.56866,22800,0,0
2005-02-24,12.91,13.34,12.91,13.2,7.62643,13600,0,0
2005-02-25,13,13.19,12.77,13.13,7.58599,53600,0,0
2005-02-28,13,13.18,12.76,13.01,7.51666,19000,0,0
2005-03-01,13.19,13.69,12.89,13.63,7.87487,18800,0,0
2005-03-02,13.35,13.65,12.97,13.07,7.55132,30700,0,0
2005-03-03,13.29,13.3,13,13.05,7.53977,18300,0,0
2005-03-04,13.13,13.23,13.05,13.2,7.62643,22400,0,0
2005-03-07,13.14,13.28,13.05,13.08,7.5571,20300,0,0
2005-03-08,13.13,13.13,13,13.1,7.56866,17800,0,0
2005-03-09,13,13.13,12.76,12.77,7.378,23700,0,0
2005-03-10,12.78,12.95,12.55,12.58,7.26822,14200,0,0
2005-03-11,12.91,12.95,12.58,12.61,7.28556,18900,0,0
2005-03-14,12.56,12.79,12.53,12.56,7.25667,26600,0,0
2005-03-15,12.77,12.77,12.52,12.52,7.23355,15400,0,0
2005-03-16,12.51,12.64,12.3,12.41,7.17,28200,0,0
2005-03-17,12.66,12.99,12.47,12.93,7.47044,18800,0,0
2005-03-18,13.2,13.23,12.52,12.99,7.5051,70900,0,0
2005-03-21,13.05,13.06,12.6,12.75,7.36644,28700,0,0
2005-03-22,13,13,12.41,12.45,7.19311,34600,0,0
2005-03-23,12.41,12.57,12.36,12.45,7.19311,18600,0,0
2005-03-24,12.37,12.67,12.37,12.44,7.18733,76700,0,0
2005-03-28,12.63,12.71,12.44,12.67,7.32022,21700,0,0
2005-03-29,12.74,12.93,12.42,12.47,7.20467,19400,0,0
2005-03-30,12.4,12.9,12.4,12.86,7.42999,23300,0,0
2005-03-31,12.9,13.32,12.61,13.32,7.69576,26300,0,0
2005-04-01,13.3,13.36,12.9,13.14,7.59177,33900,0,0
2005-04-04,13.74,13.74,13.02,13.4,7.74199,37600,0,0
2005-04-05,13.49,13.49,13.09,13.21,7.63221,12800,0,0
2005-04-06,13.31,13.5,13.28,13.3,7.68421,16700,0,0
2005-04-07,13.43,13.44,13.12,13.15,7.69298,19100,0.165,0
2005-04-08,13.25,13.29,13.18,13.18,7.71054,30900,0,0
2005-04-11,13.44,13.49,12.83,12.83,7.50578,28000,0,0
2005-04-12,12.68,13.26,12.68,13.16,7.69883,13000,0,0
2005-04-13,13.16,13.16,12.73,12.73,7.44728,12900,0,0
2005-04-14,12.86,13.08,12.71,12.98,7.59353,21500,0,0
2005-04-15,13.09,13.33,13.02,13.11,7.66958,19700,0,0
2005-04-18,13.16,13.43,13.16,13.42,7.85094,23700,0,0
2005-04-19,13.34,13.62,13.3,13.62,7.96794,17700,0,0
2005-04-20,13.5,13.59,13.12,13.12,7.67544,23900,0,0
2005-04-21,13.19,13.43,13.16,13.43,7.85679,19300,0,0
2005-04-22,13.28,13.38,13,13.12,7.67544,24000,0,0
2005-04-25,13.13,13.28,13.13,13.28,7.76903,8000,0,0
2005-04-26,13.28,13.42,13.15,13.23,7.73979,14300,0,0
2005-04-27,13.23,13.37,13.16,13.22,7.73394,13500,0,0
2005-04-28,13.05,13.11,12.75,12.75,7.45898,17600,0,0
2005-04-29,12.86,13.16,12.79,12.93,7.56428,34900,0,0
2005-05-02,13.13,13.2,12.98,13.16,7.69883,26400,0,0
2005-05-03,13.18,13.19,12.96,12.96,7.58183,8300,0,0
2005-05-04,13.01,13.36,13.01,13.34,7.80413,16300,0,0
2005-05-05,13.4,13.44,13.11,13.19,7.71638,18200,0,0
2005-05-06,13.37,13.38,12.74,12.84,7.51163,39100,0,0
2005-05-09,12.94,13.01,12.83,13,7.60523,20800,0,0
2005-05-10,12.74,13.06,12.74,13.01,7.61109,22600,0,0
2005-05-11,13.18,13.18,12.78,12.99,7.59938,30000,0,0
2005-05-12,12.78,12.99,12.5,12.5,7.31273,24300,0,0
2005-05-13,12.83,12.91,12.59,12.59,7.36538,48500,0,0
2005-05-16,12.5,12.6,12.36,12.39,7.24837,27100,0,0
2005-05-17,12.25,12.37,12.07,12.2,7.13722,75100,0,0
2005-05-18,12.33,12.46,12.21,12.38,7.24252,33800,0,0
2005-05-19,12.6,12.83,12.54,12.75,7.45898,62800,0,0
2005-05-20,12.93,12.93,12.54,12.61,7.37707,23500,0,0
2005-05-23,12.55,12.76,12.5,12.61,7.37707,31400,0,0
2005-05-24,12.5,12.61,12.36,12.37,7.23667,10600,0,0
2005-05-25,12.27,12.37,12.25,12.27,7.17817,24900,0,0
2005-05-26,12.42,12.45,12.34,12.36,7.23082,15000,0,0
2005-05-27,12.44,12.7,12.42,12.65,7.40047,17700,0,0
2005-05-31,12.8,12.8,12.64,12.64,7.39462,28500,0,0
2005-06-01,12.74,12.8,12.61,12.77,7.47068,15500,0,0
2005-06-02,12.65,12.78,12.61,12.66,7.40632,26900,0,0
2005-06-03,12.6,12.66,12.39,12.47,7.29517,15100,0,0
2005-06-06,12.48,12.8,12.48,12.67,7.41218,14800,0,0
2005-06-07,12.8,12.96,12.54,12.54,7.33612,36400,0,0
2005-06-08,12.76,12.92,12.74,12.87,7.52918,23200,0,0
2005-06-09,12.85,12.92,12.77,12.89,7.54088,35000,0,0
2005-06-10,12.89,13.09,12.74,12.78,7.47652,40100,0,0
2005-06-13,13.09,13.24,12.87,13.21,7.72808,76900,0,0
2005-06-14,13.35,13.42,12.85,13.14,7.68713,79100,0,0
2005-06-15,12.91,13.4,12.91,13.25,7.75149,49700,0,0
2005-06-16,13.12,13.4,13.12,13.38,7.82754,63800,0,0
2005-06-17,13.42,13.42,13.15,13.29,7.77489,70400,0,0
2005-06-20,13.32,13.32,13.04,13.13,7.68128,18500,0,0
2005-06-21,13.12,13.39,13,13.34,7.80413,44800,0,0
2005-06-22,13.4,13.45,13.2,13.44,7.86264,22600,0,0
2005-06-23,13.32,13.45,13.3,13.3,7.78074,28100,0,0
2005-06-24,13.24,13.72,13.24,13.5,7.99695,96500,0.165,0
2005-06-27,13.8,13.8,13.32,13.38,7.92586,19300,0,0
2005-06-28,13.4,13.8,13.4,13.8,8.17466,21900,0,0
2005-06-29,13.61,13.86,13.56,13.8,8.17466,39300,0,0
2005-06-30,13.85,13.85,13.68,13.77,8.15689,41100,0,0
2005-07-01,13.81,13.87,13.7,13.8,8.17466,23300,0,0
2005-07-05,13.76,14.3,13.76,14.25,8.44122,40100,0,0
2005-07-06,14.46,15.21,14.28,14.84,8.79072,44000,0,0
2005-07-07,14.59,14.85,14.53,14.8,8.76702,27700,0,0
2005-07-08,14.6,15.15,14.6,15.15,8.97435,49300,0,0
2005-07-11,15,15,14.8,14.87,8.80849,27000,0,0
2005-07-12,14.81,15.02,14.38,14.92,8.83811,33000,0,0
2005-07-13,14.9,14.92,14.7,14.83,8.7848,26600,0,0
2005-07-14,14.69,14.84,14.65,14.66,8.68409,21900,0,0
2005-07-15,14.5,14.96,14.5,14.91,8.83219,22300,0,0
2005-07-18,14.79,14.96,14.77,14.85,8.79664,22300,0,0
2005-07-19,15,15.01,14.85,15,8.8855,20000,0,0
2005-07-20,14.85,15.29,14.85,15.25,9.03359,28700,0,0
2005-07-21,15.25,15.25,14.98,15,8.8855,30200,0,0
2005-07-22,15.03,15.65,15.01,15.56,9.21722,31500,0,0
2005-07-25,15.55,15.56,15.08,15.25,9.03359,45200,0,0
2005-07-26,15.25,15.8,15.19,15.69,9.29423,23600,0,0
2005-07-27,15.9,15.9,15.05,15.22,9.01582,26600,0,0
2005-07-28,15.18,15.56,15.18,15.56,9.21722,11100,0,0
2005-07-29,15.32,16.12,15.32,15.8,9.3594,28500,0,0
2005-08-01,16,16,15.62,15.78,9.34755,35300,0,0
2005-08-02,15.67,16,15.67,16,9.47786,28000,0,0
2005-08-03,15.95,15.95,15.45,15.85,9.38901,25000,0,0
2005-08-04,15.81,15.98,15.54,15.73,9.31793,26100,0,0
2005-08-05,15.58,15.99,14.86,15.25,9.03359,87900,0,0
2005-08-08,15.09,15.17,14.28,14.56,8.62486,118300,0,0
2005-08-09,14.62,15.07,14.42,15,8.8855,90900,0,0
2005-08-10,15.07,15.16,14.8,15.03,8.90327,30600,0,0
2005-08-11,15,15.5,14.97,15.39,9.11652,43100,0,0
2005-08-12,15.34,15.49,15,15,8.8855,38100,0,0
2005-08-15,15.15,15.99,14.82,15.77,9.34162,38800,0,0
2005-08-16,15.71,15.76,15.12,15.25,9.03359,15400,0,0
2005-08-17,15.16,15.49,15,15.47,9.16391,31600,0,0
2005-08-18,15.38,15.45,15,15.02,8.89734,36300,0,0
2005-08-19,15.16,15.25,14.79,14.95,8.85588,30600,0,0
2005-08-22,15.16,15.2,14.85,14.99,8.87958,29100,0,0
2005-08-23,15.03,15.22,14.5,14.5,8.58932,31500,0,0
2005-08-24,14.5,14.93,14.47,14.7,8.70779,48100,0,0
2005-08-25,14.73,15.28,14.73,15.11,8.95066,52900,0,0
2005-08-26,15.09,15.29,14.59,14.68,8.69595,57000,0,0
2005-08-29,14.68,14.79,14.61,14.79,8.7611,14300,0,0
2005-08-30,14.79,14.86,14.52,14.64,8.67225,13200,0,0
2005-08-31,14.64,14.99,14.6,14.95,8.85588,13700,0,0
2005-09-01,14.8,15.09,14.8,14.92,8.83811,19700,0,0
2005-09-02,14.76,15.08,14.76,14.95,8.85588,12200,0,0
2005-09-06,15.13,15.27,14.82,15.02,8.89734,17900,0,0
2005-09-07,15.07,15.13,14.97,15.13,8.96251,12500,0,0
2005-09-08,15,15.27,14.98,15.2,9.00397,12800,0,0
2005-09-09,15.23,15.29,15.01,15.05,8.91512,29200,0,0
2005-09-12,15.21,15.21,14.98,15,8.8855,31400,0,0
2005-09-13,14.97,15.12,14.97,14.99,8.87958,16500,0,0
2005-09-14,14.82,15.1,14.61,14.64,8.67225,25500,0,0
2005-09-15,14.85,14.85,14.7,14.84,8.79072,13800,0,0
2005-09-16,14.96,15.09,14.82,15,8.8855,68700,0,0
2005-09-19,15,15,14.89,15,8.8855,15300,0,0
2005-09-20,14.95,15.04,14.94,14.94,8.84996,22200,0,0
2005-09-21,14.78,15.03,14.7,14.72,8.71964,21500,0,0
2005-09-22,14.77,15.05,14.63,14.81,8.77295,29700,0,0
2005-09-23,14.79,15.09,14.78,14.98,8.87365,19200,0,0
2005-09-26,15.1,15.25,14.9,15.01,8.89142,29600,0,0
2005-09-27,15.11,15.27,15.04,15.23,9.02174,12600,0,0
2005-09-28,15.34,15.5,15.23,15.4,9.12245,31600,0,0
2005-09-29,15.31,15.7,15.31,15.66,9.27646,14600,0,0
2005-09-30,15.71,15.87,15.64,15.8,9.3594,20100,0,0
2005-10-03,15.75,15.95,15.72,15.77,9.34162,48300,0,0
2005-10-04,15.97,15.97,15.67,15.72,9.41047,44100,0.165,0
2005-10-05,15.75,15.8,15.58,15.6,9.33863,29400,0,0
2005-10-06,15.48,15.91,15.48,15.85,9.48829,57500,0,0
2005-10-07,15.89,15.9,15.65,15.71,9.40448,31500,0,0
2005-10-10,15.55,15.94,15.52,15.81,9.46434,38200,0,0
2005-10-11,15.84,15.88,15.75,15.75,9.42842,42700,0,0
2005-10-12,15.67,16,15.67,15.92,9.53019,74700,0,0
2005-10-13,16,16,15.76,15.95,9.54815,108900,0,0
2005-10-14,16,16.41,15.96,16.29,9.75168,184500,0,0
2005-10-17,16.35,16.57,16.15,16.57,9.9193,87300,0,0
2005-10-18,16.95,16.95,16.41,16.62,9.94923,65700,0,0
2005-10-19,16.49,16.97,15.91,16.96,10.1528,81200,0,0
2005-10-20,16.96,16.99,16.2,16.47,9.85944,39600,0,0
2005-10-21,16.51,17.24,16.43,17.1,10.2366,48500,0,0
2005-10-24,17.33,17.33,16.55,16.82,10.069,46700,0,0
2005-10-25,16.76,16.79,16.11,16.26,9.73372,27700,0,0
2005-10-26,16.2,16.51,16.04,16.42,9.8295,37100,0,0
2005-10-27,16.35,16.42,15.91,15.92,9.53019,29200,0,0
2005-10-28,15.9,16.45,15.9,16.45,9.84746,46600,0,0
2005-10-31,16.5,16.5,15.93,16.12,9.64991,25100,0,0
2005-11-01,15.9,16.73,15.9,16.47,9.85944,57300,0,0
2005-11-02,16.71,17,16.71,17,10.1767,19400,0,0
2005-11-03,17.1,17.25,16.85,17.01,10.1827,28100,0,0
2005-11-04,16.99,17,16.8,16.91,10.1228,13800,0,0
2005-11-07,17,17.23,16.86,17.05,10.2066,24400,0,0
2005-11-08,17.09,17.2,16.91,17.19,10.2904,5700,0,0
2005-11-09,17.25,17.25,16.96,17.07,10.2186,9800,0,0
2005-11-10,17.1,17.31,16.42,17.2,10.2964,42900,0,0
2005-11-11,17.13,17.25,16.91,17,10.1767,18600,0,0
2005-11-14,17.02,17.02,16.65,16.74,10.0211,16900,0,0
2005-11-15,16.68,17.05,16.57,16.67,9.97916,44500,0,0
2005-11-16,16.57,16.81,16.57,16.8,10.057,29200,0,0
2005-11-17,17.05,17.1,16.68,17.04,10.2007,33200,0,0
2005-11-18,17.32,17.44,16.96,17.3,10.3563,39300,0,0
2005-11-21,17.35,17.48,16.94,17.05,10.2066,20000,0,0
2005-11-22,17,17,16.74,16.74,10.0211,14900,0,0
2005-11-23,16.82,16.98,16.25,16.46,9.85345,32900,0,0
2005-11-25,16.59,16.6,16.15,16.33,9.77563,11800,0,0
2005-11-28,14.8,16.4,14.8,16.22,9.70978,40500,0,0
2005-11-29,16.28,16.84,16.06,16.59,9.93127,30800,0,0
2005-11-30,16.66,16.84,16.6,16.84,10.0809,23600,0,0
2005-12-01,16.92,17.29,16.33,17,10.1767,56200,0,0
2005-12-02,16.85,16.89,16.66,16.84,10.0809,23700,0,0
2005-12-05,16.97,16.97,16.31,16.41,9.82352,17100,0,0
2005-12-06,16.5,16.87,16.37,16.63,9.95522,18800,0,0
2005-12-07,16.39,17.03,16.39,16.89,10.1109,25200,0,0
2005-12-08,17.14,17.14,16.59,16.83,10.0749,37800,0,0
2005-12-09,17.15,17.15,16.87,17.05,10.2066,41000,0,0
2005-12-12,16.98,17.09,16.63,16.82,10.069,39100,0,0
2005-12-13,16.91,16.99,16.5,16.62,9.94923,20800,0,0
2005-12-14,16.62,16.75,16.3,16.37,9.79958,39800,0,0
2005-12-15,16.31,16.36,16.16,16.31,9.76365,27400,0,0
2005-12-16,16.43,16.43,16.08,16.15,9.66787,85900,0,0
2005-12-19,15.58,16.14,15.58,15.84,9.4823,32400,0,0
2005-12-20,15.8,15.99,15.76,15.89,9.51223,16600,0,0
2005-12-21,16.05,16.1,15.95,15.98,9.56611,18200,0,0
2005-12-22,16.09,16.24,15.86,16.01,9.58407,35400,0,0
2005-12-23,16.04,16.12,15.7,15.72,9.41047,15400,0,0
2005-12-27,16.05,16.12,15.72,15.72,9.41047,13700,0,0
2005-12-28,15.89,16.03,15.63,15.77,9.44039,11300,0,0
2005-12-29,15.7,15.88,15.55,15.55,9.3087,43400,0,0
2005-12-30,15.58,15.83,15.58,15.65,9.36856,40200,0,0
2006-01-03,15.75,15.76,15.2,15.72,9.41047,29500,0,0
2006-01-04,15.56,15.82,15.52,15.8,9.55868,21300,0.165,0
2006-01-05,15.88,15.88,15.34,15.54,9.40139,36400,0,0
2006-01-06,15.75,15.86,15.29,15.77,9.54053,37100,0,0
2006-01-09,16.01,16.01,15.51,15.72,9.51029,28700,0,0
2006-01-10,15.54,16.23,15.54,16.13,9.75833,29200,0,0
2006-01-11,16.25,16.31,16.04,16.19,9.79463,24200,0,0
2006-01-12,15.95,16.12,15.73,15.88,9.60708,48800,0,0
2006-01-13,16.14,16.21,15.85,16.21,9.80673,28000,0,0
2006-01-17,16.05,16.23,15.93,16.05,9.70993,27600,0,0
2006-01-18,16.18,16.18,15.88,15.97,9.66153,20200,0,0
2006-01-19,16.15,16.15,15.61,15.87,9.60104,13600,0,0
2006-01-20,16.13,16.13,15.7,15.79,9.55263,35700,0,0
2006-01-23,15.51,15.97,15.31,15.83,9.57683,46200,0,0
2006-01-24,15.99,16.08,15.91,16.04,9.70388,31800,0,0
2006-01-25,15.8,15.99,15.6,15.83,9.57683,34300,0,0
2006-01-26,15.7,16,15.26,15.98,9.66758,40500,0,0
2006-01-27,16,16.13,15.69,16.09,9.73413,23300,0,0
2006-01-30,15.86,16.2,15.76,16,9.67968,20900,0,0
2006-01-31,16.18,16.24,15.81,16.09,9.73413,45700,0,0
2006-02-01,15.98,16.19,15.71,15.92,9.63128,51600,0,0
2006-02-02,15.78,16.89,15.6,16.27,9.84303,50500,0,0
2006-02-03,16.21,16.39,15.64,15.64,9.46189,31800,0,0
2006-02-06,15.65,16,15.63,15.75,9.52844,23400,0,0
2006-02-07,15.76,15.95,15.36,15.48,9.36509,27300,0,0
2006-02-08,15.52,15.55,15.26,15.3,9.25619,10000,0,0
2006-02-09,15.75,15.75,15.16,15.23,9.21384,42200,0,0
2006-02-10,15.45,15.5,15.09,15.29,9.25015,55300,0,0
2006-02-13,15.29,15.41,15.21,15.32,9.26829,44200,0,0
2006-02-14,15.46,15.59,15.35,15.51,9.38324,56300,0,0
2006-02-15,15.5,16.16,15.5,16.1,9.74018,94300,0,0
2006-02-16,16,16.77,15.71,16.76,10.1395,34700,0,0
2006-02-17,16.89,17.18,16.7,17.17,10.3875,42200,0,0
2006-02-21,16.99,17.05,16.6,17,10.2847,34500,0,0
2006-02-22,16.92,17.19,16.76,16.91,10.2302,42600,0,0
2006-02-23,16.8,17.01,16.67,16.85,10.1939,20000,0,0
2006-02-24,16.76,16.76,15.95,16.38,9.90957,52000,0,0
2006-02-27,16.38,16.52,16.02,16.45,9.95192,33600,0,0
2006-02-28,16.5,16.79,16.23,16.51,9.98822,44500,0,0
2006-03-01,16.5,17,16.5,16.77,10.1455,29100,0,0
2006-03-02,16.56,16.77,16.14,16.19,9.79463,18600,0,0
2006-03-03,16.2,16.47,16.1,16.15,9.77043,40200,0,0
2006-03-06,16.04,16.85,15.98,16.07,9.72203,55600,0,0
2006-03-07,15.98,16.32,15.98,16.1,9.74018,27800,0,0
2006-03-08,16.22,16.71,16.1,16.42,9.93377,30100,0,0
2006-03-09,16.45,16.64,16.16,16.49,9.97612,38700,0,0
2006-03-10,16.5,16.65,16.25,16.64,10.0669,9500,0,0
2006-03-13,16.66,16.81,16.66,16.79,10.1576,13900,0,0
2006-03-14,16.81,17.15,16.5,17.15,10.3754,40100,0,0
2006-03-15,17.2,17.5,17.06,17.44,10.5509,40600,0,0
2006-03-16,17.45,17.5,17.15,17.34,10.4904,75300,0,0
2006-03-17,17.43,17.48,17.11,17.4,10.5267,152000,0,0
2006-03-20,17.26,17.43,17.03,17.37,10.5085,34200,0,0
2006-03-21,17.19,17.44,17,17.19,10.3996,43900,0,0
2006-03-22,16.99,17.28,16.99,17.2,10.4057,16000,0,0
2006-03-23,17.21,17.46,17,17.13,10.3633,30100,0,0
2006-03-24,17.15,17.36,17.09,17.28,10.4541,25500,0,0
2006-03-27,17.21,17.37,17.17,17.21,10.4117,7500,0,0
2006-03-28,17.28,17.39,17.1,17.33,10.4843,19300,0,0
2006-03-29,17.29,17.68,17.29,17.62,10.6598,56400,0,0
2006-03-30,17.72,17.78,17.34,17.78,10.7565,22900,0,0
2006-03-31,17.87,17.9,17.38,17.82,10.7807,71500,0,0
2006-04-03,17.86,17.86,17.5,17.54,10.6113,28200,0,0
2006-04-04,17.54,17.65,17.45,17.54,10.6113,23000,0,0
2006-04-05,17.64,17.85,17.52,17.74,10.7324,23400,0,0
2006-04-06,17.73,17.78,17.58,17.62,10.7598,36500,0.165,0
2006-04-07,17.69,17.78,17.47,17.65,10.7782,40100,0,0
2006-04-10,17.64,17.64,17.26,17.31,10.5705,26400,0,0
2006-04-11,17.35,17.72,17.21,17.36,10.6011,43400,0,0
2006-04-12,17.33,17.59,17.24,17.44,10.6499,40400,0,0
2006-04-13,17.51,17.6,17.34,17.45,10.656,21500,0,0
2006-04-17,17.61,17.77,17.51,17.77,10.8514,34000,0,0
2006-04-18,17.84,17.9,17.53,17.87,10.9125,30400,0,0
2006-04-19,17.78,18,17.74,18,10.9919,21400,0,0
2006-04-20,17.85,17.88,17.54,17.71,10.8148,11900,0,0
2006-04-21,17.96,17.96,17.62,17.9,10.9308,27700,0,0
2006-04-24,17.78,17.93,17.58,17.81,10.8759,16400,0,0
2006-04-25,17.71,17.78,17.5,17.76,10.8453,24100,0,0
2006-04-26,17.45,17.85,17.45,17.77,10.8514,21200,0,0
2006-04-27,17.56,17.56,17.2,17.5,10.6865,26000,0,0
2006-04-28,17.86,18.99,17.5,18.35,11.2056,115300,0,0
2006-05-01,18.27,18.5,18.07,18.5,11.2972,37000,0,0
2006-05-02,18.53,18.78,18.24,18.38,11.2239,10700,0,0
2006-05-03,18.41,18.49,17.95,18.1,11.0529,21400,0,0
2006-05-04,18.04,18.39,18.01,18.09,11.0468,9800,0,0
2006-05-05,18.19,18.97,18.19,18.55,11.3277,46100,0,0
2006-05-08,18.41,18.94,18.18,18.37,11.2178,19000,0,0
2006-05-09,18.36,18.48,18.13,18.14,11.0774,23600,0,0
2006-05-10,18.07,18.24,17.6,17.7,10.8087,19100,0,0
2006-05-11,17.82,17.82,16.88,16.98,10.369,36300,0,0
2006-05-12,16.94,16.97,16.37,16.66,10.1736,29000,0,0
2006-05-15,16.46,17.08,16.2,16.3,9.95375,32300,0,0
2006-05-16,16.46,17.07,16.14,16.98,10.369,26900,0,0
2006-05-17,16.76,16.79,16.31,16.48,10.0637,16400,0,0
2006-05-18,16.52,16.67,16.43,16.5,10.0759,28900,0,0
2006-05-19,16.29,17.07,16.29,16.86,10.2957,27800,0,0
2006-05-22,16.63,17.2,16.63,17.04,10.4056,19700,0,0
2006-05-23,17.16,17.3,17.02,17.09,10.4362,15500,0,0
2006-05-24,17.04,17.16,16.43,17.02,10.3934,17300,0,0
2006-05-25,17.29,17.54,17.2,17.49,10.6804,20500,0,0
2006-05-26,17.54,17.57,17.04,17.09,10.4362,16500,0,0
2006-05-30,17.1,17.1,16.92,16.97,10.3629,22800,0,0
2006-05-31,17,17.38,17,17.27,10.5461,36400,0,0
2006-06-01,17.31,17.53,17.19,17.53,10.7049,22200,0,0
2006-06-02,17.68,17.84,17.21,17.71,10.8148,37100,0,0
2006-06-05,17.71,17.85,16.98,17,10.3812,47300,0,0
2006-06-06,17.07,17.36,17,17.24,10.5278,18400,0,0
2006-06-07,17.23,17.56,17.09,17.09,10.4362,19700,0,0
2006-06-08,17.2,17.38,16.91,17.31,10.5705,28000,0,0
2006-06-09,17.35,17.48,17.11,17.15,10.4728,7700,0,0
2006-06-12,17.01,17.19,16.91,16.95,10.3507,32900,0,0
2006-06-13,16.9,17.18,16.9,17.04,10.4056,21400,0,0
2006-06-14,16.92,17.03,16.43,16.51,10.082,22300,0,0
2006-06-15,16.7,17.21,16.7,17.01,10.3873,40900,0,0
2006-06-16,16.97,17.22,16.95,17.06,10.4179,166800,0,0
2006-06-19,17.14,17.33,16.98,16.98,10.369,31000,0,0
2006-06-20,16.94,17.16,16.81,16.81,10.2652,45400,0,0
2006-06-21,16.98,17.08,16.76,16.91,10.3263,54200,0,0
2006-06-22,17.04,17.08,16.85,16.95,10.3507,46900,0,0
2006-06-23,16.91,17.05,16.5,16.55,10.1064,53100,0,0
2006-06-26,16.75,16.91,16.55,16.72,10.2102,24500,0,0
2006-06-27,16.84,17.09,16.53,16.59,10.1308,26000,0,0
2006-06-28,16.65,16.76,16.48,16.66,10.1736,20000,0,0
2006-06-29,16.81,17.26,16.61,17.22,10.5156,35500,0,0
2006-06-30,17.31,17.31,17,17,10.3812,75200,0,0
2006-07-03,15.1,17.16,15.1,17.16,10.5816,27300,0.165,0
2006-07-05,17,17.72,17,17.71,10.9208,35000,0,0
2006-07-06,17.91,17.91,17.65,17.88,11.0256,13200,0,0
2006-07-07,17.67,17.95,17.45,17.6,10.8529,30500,0,0
2006-07-10,17.67,17.97,17.56,17.84,11.0009,26100,0,0
2006-07-11,17.77,18.06,17.57,18.03,11.1181,11500,0,0
2006-07-12,17.91,17.98,17.5,17.52,10.8036,11900,0,0
2006-07-13,17.39,17.5,16.92,17,10.483,20100,0,0
2006-07-14,16.9,17.03,16.58,16.72,10.3103,20100,0,0
2006-07-17,16.8,16.95,16.64,16.72,10.3103,35000,0,0
2006-07-18,16.91,17.49,16.75,17.21,10.6125,16600,0,0
2006-07-19,17.29,17.67,17.18,17.59,10.8468,28700,0,0
2006-07-20,17.79,18.5,17.11,17.21,10.6125,15100,0,0
2006-07-21,17.1,17.23,16.86,17,10.483,24200,0,0
2006-07-24,17.19,17.57,16.97,17.57,10.8344,32700,0,0
2006-07-25,17.53,18.27,17.53,18.13,11.1798,42500,0,0
2006-07-26,18.1,18.11,17.47,17.92,11.0503,26600,0,0
2006-07-27,18.09,18.66,17.99,18.38,11.3339,23400,0,0
2006-07-28,18.07,18.39,17.96,18.38,11.3339,23500,0,0
2006-07-31,18.55,20.35,18.55,20.05,12.3637,180600,0,0
2006-08-01,20.47,20.47,19.89,20.39,12.5734,81000,0,0
2006-08-02,20.42,21.39,20.42,21.34,13.1592,99300,0,0
2006-08-03,21,21.25,20.54,20.98,12.9372,50000,0,0
2006-08-04,21.1,21.27,20.35,20.6,12.7029,59300,0,0
2006-08-07,20.75,22.18,20.66,21.39,13.19,64600,0,0
2006-08-08,21.35,22.02,21.29,21.7,13.3812,77800,0,0
2006-08-09,21.61,22.69,21.61,22.12,13.6402,98200,0,0
2006-08-10,22,22.92,21.62,22.36,13.7882,78900,0,0
2006-08-11,22.17,22.95,21.98,22.27,13.7327,41800,0,0
2006-08-14,22.31,23.11,21.5,22.84,14.0842,55400,0,0
2006-08-15,22.92,23.39,22.86,23.23,14.3247,37300,0,0
2006-08-16,23.35,23.48,22.93,23.07,14.226,57700,0,0
2006-08-17,22.98,23.19,22.56,22.97,14.1643,78800,0,0
2006-08-18,23.08,23.15,22.73,23.06,14.2198,72200,0,0
2006-08-21,22.95,23,22.7,22.98,14.1705,41900,0,0
2006-08-22,22.93,23.08,22.72,23,14.1828,52300,0,0
2006-08-23,22.9,23.18,22.87,23.02,14.1952,49900,0,0
2006-08-24,23,23.08,22.81,23,14.1828,36800,0,0
2006-08-25,23,23.2,22.72,23.19,14.3,34300,0,0
2006-08-28,23.19,23.97,23.13,23.9,14.7378,84100,0,0
2006-08-29,23.99,24.94,23.87,24.9,15.3545,77900,0,0
2006-08-30,24.97,25.06,24.01,25.04,15.4408,65000,0,0
2006-08-31,25.04,25.84,25.04,25.6,15.7861,91400,0,0
2006-09-01,25.46,25.64,24.59,24.77,15.2743,281700,0,0
2006-09-05,24.8,25.63,24.77,25.59,15.7799,169600,0,0
2006-09-06,25.5,26.03,24.89,25.29,15.595,103000,0,0
2006-09-07,25.67,25.77,24.99,25.1,15.4778,107300,0,0
2006-09-08,25.32,25.39,25.01,25.23,15.558,95300,0,0
2006-09-11,25.42,25.45,24.86,25.15,15.5086,82000,0,0
2006-09-12,25.22,25.48,24.89,25.37,15.6443,71100,0,0
2006-09-13,25.38,26.39,25.17,26.39,16.2733,71600,0,0
2006-09-14,26.18,26.82,25.99,26.1,16.0944,47300,0,0
2006-09-15,26.3,26.62,25.92,26.47,16.3226,119800,0,0
2006-09-18,26.93,27.64,26.53,27.07,16.6926,111300,0,0
2006-09-19,27.5,27.5,26.01,26.56,16.3781,100200,0,0
2006-09-20,26.86,27.19,26.63,26.91,16.5939,80400,0,0
2006-09-21,26.79,27.19,26.43,26.5,16.3411,99600,0,0
2006-09-22,26.25,26.36,25.45,25.72,15.8601,75900,0,0
2006-09-25,25.82,26.19,24.02,25.91,15.9773,170000,0,0
2006-09-26,26,26.38,24.93,26,16.0328,88900,0,0
2006-09-27,26.01,26.86,25.75,26.66,16.4397,110800,0,0
2006-09-28,26.53,27.15,26.53,26.96,16.6247,61200,0,0
2006-09-29,26.78,27.16,26.38,26.38,16.2671,86900,0,0
2006-10-02,26.09,26.15,25.5,25.64,15.8108,60300,0,0
2006-10-03,25.46,26.55,25.2,26.5,16.3411,82000,0,0
2006-10-04,26.5,26.84,26.29,26.78,16.5138,78000,0,0
2006-10-05,26.78,27.5,26.64,27.32,16.8467,106600,0,0
2006-10-06,27.3,27.36,26.8,26.8,16.5261,32600,0,0
2006-10-09,26.8,27.95,26.75,27.67,17.0626,58500,0,0
2006-10-10,27.82,27.99,27.22,27.94,17.3324,77000,0.165,0
2006-10-11,28,28.92,27.83,28.37,17.5992,136200,0,0
2006-10-12,28.4,29.45,28.37,29.34,18.2009,124400,0,0
2006-10-13,29.24,29.66,29.04,29.3,18.1761,104400,0,0
2006-10-16,29.07,29.74,28.75,29.16,18.0892,84500,0,0
2006-10-17,29.24,29.44,28.57,28.9,17.9279,251100,0,0
2006-10-18,29.21,29.45,28.5,29.37,18.2195,107500,0,0
2006-10-19,29.17,29.62,29.13,29.6,18.3622,46900,0,0
2006-10-20,29.62,29.62,28.81,29.39,18.2319,40200,0,0
2006-10-23,29.14,29.43,28.9,29.43,18.2567,53800,0,0
2006-10-24,29.43,29.47,28.87,29,17.99,35300,0,0
2006-10-25,28.96,29.3,28.96,28.99,17.9838,99000,0,0
2006-10-26,29.37,29.37,28.96,29.28,18.1637,81200,0,0
2006-10-27,29.22,29.38,28.72,29.21,18.1203,66200,0,0
2006-10-30,29,29,26.72,28.35,17.5868,134600,0,0
2006-10-31,28.12,28.55,27.94,28.44,17.6426,48800,0,0
2006-11-01,28.37,28.42,27.43,27.55,17.0905,68600,0,0
2006-11-02,27,28.43,26.75,27.64,17.1463,113700,0,0
2006-11-03,27.75,28.15,27.69,28.12,17.4441,85600,0,0
2006-11-06,28.1,28.27,27.62,28.09,17.4255,89600,0,0
2006-11-07,28.15,28.15,27.48,27.52,17.0719,53300,0,0
2006-11-08,27.46,28.1,27,27.9,17.3076,54300,0,0
2006-11-09,27.77,28.25,27.61,28.12,17.4441,62000,0,0
2006-11-10,28.17,28.33,27.73,28.01,17.3758,40100,0,0
2006-11-13,28.16,28.16,27.5,27.64,17.1463,56000,0,0
2006-11-14,27.63,28.56,27.24,28.4,17.6178,112300,0,0
2006-11-15,28.5,30.17,28.5,29.97,18.5917,154000,0,0
2006-11-16,30.24,30.41,29.62,30.22,18.7468,106400,0,0
2006-11-17,30.16,30.16,29.21,29.41,18.2443,67600,0,0
2006-11-20,29.64,30.04,29,29.16,18.0892,31300,0,0
2006-11-21,29.07,29.95,28.87,29.88,18.5359,49500,0,0
2006-11-22,30,30.19,29.42,29.55,18.3312,52500,0,0
2006-11-24,29.42,29.94,28.82,29.2,18.1141,33500,0,0
2006-11-27,29.05,29.2,28.15,28.3,17.5557,100200,0,0
2006-11-28,28.28,29,28.26,28.88,17.9155,191000,0,0
2006-11-29,29.2,29.73,29.05,29.32,18.1885,80800,0,0
2006-11-30,29.11,30.04,29.01,29.77,18.4676,142600,0,0
2006-12-01,29.94,29.94,27.71,27.99,17.3634,155200,0,0
2006-12-04,28.28,29.38,28.11,28.82,17.8783,163200,0,0
2006-12-05,29.04,29.9,28.45,28.48,17.6674,111600,0,0
2006-12-06,28.6,29.24,28.16,28.49,17.6736,89500,0,0
2006-12-07,28.71,28.83,28.01,28.36,17.593,58300,0,0
2006-12-08,28.47,29.2,28.22,28.88,17.9155,78400,0,0
2006-12-11,29,29.25,28.81,29.22,18.1265,199100,0,0
2006-12-12,29.27,29.3,28.24,28.65,17.7729,71200,0,0
2006-12-13,28.68,29.1,28.51,28.55,17.7108,67000,0,0
2006-12-14,28.73,29.76,28.65,29.65,18.3932,73800,0,0
2006-12-15,29.69,29.75,28.91,29.17,18.0954,102200,0,0
2006-12-18,29.18,29.18,27.73,28.03,17.3882,102300,0,0
2006-12-19,27.81,28.26,26.67,27.54,17.0843,166300,0,0
2006-12-20,27.49,28.1,27.49,27.88,17.2952,73100,0,0
2006-12-21,27.82,28.57,27.82,28.48,17.6674,103900,0,0
2006-12-22,28.67,28.94,28.63,28.89,17.9217,131700,0,0
2006-12-26,28.62,29.09,28.23,28.62,17.7542,72700,0,0
2006-12-27,28.77,29.29,28.77,29.23,18.1327,161200,0,0
2006-12-28,29.26,30,29.19,29.57,18.3436,179500,0,0
2006-12-29,29.44,29.91,29.44,29.79,18.48,136500,0,0
2007-01-03,29.8,30.97,29.8,30.84,19.1314,254900,0,0
2007-01-04,30.8,31.81,30.68,31.45,19.5098,217300,0,0
2007-01-05,31.43,31.45,30.99,31.08,19.2803,127400,0,0
2007-01-08,31.21,32.47,31.21,32.31,20.0433,134400,0,0
2007-01-09,32.31,33.14,31.76,32.88,20.3969,150700,0,0
2007-01-10,32.6,33.26,32.6,33.11,20.5396,162900,0,0
2007-01-11,33.11,34.37,33.11,33.86,21.1101,152900,0.165,0
2007-01-12,34.1,34.36,33.53,34.09,21.2534,95000,0,0
2007-01-16,34.29,34.29,33.27,33.49,20.8794,119100,0,0
2007-01-17,33.22,34,33.17,33.43,20.842,75500,0,0
2007-01-18,33.43,33.66,32.82,33.23,20.7173,57300,0,0
2007-01-19,33.02,33.52,32.59,33.18,20.6861,52200,0,0
2007-01-22,33.39,33.49,32.65,33.25,20.7297,93300,0,0
2007-01-23,33.03,33.87,33.03,33.87,21.1163,54800,0,0
2007-01-24,33.84,34.24,33.78,34,21.1973,71000,0,0
2007-01-25,34.1,34.4,33.84,34.05,21.2285,57700,0,0
2007-01-26,34,34.27,33.57,34.16,21.2971,67400,0,0
2007-01-29,34.14,35.64,34.14,35.32,22.0203,138800,0,0
2007-01-30,35.37,36.91,35.05,36.81,22.9492,154700,0,0
2007-01-31,36.92,36.99,36.53,36.62,22.8308,105100,0,0
2007-02-01,36.54,40.08,36.54,40,24.938,261300,0,0
2007-02-02,39.99,40.77,38.5,40.75,25.4056,183300,0,0
2007-02-05,40.77,40.77,39.38,39.97,24.9193,137500,0,0
2007-02-06,39.86,40.27,39.43,39.97,24.9193,114200,0,0
2007-02-07,39.93,40.24,39.75,40,24.938,81600,0,0
2007-02-08,39.63,42,39.56,41.92,26.1351,236400,0,0
2007-02-09,41.97,42.14,40.4,40.88,25.4867,173000,0,0
2007-02-12,40.86,41.76,40.86,41.5,25.8732,162200,0,0
2007-02-13,41.5,41.98,41.28,41.77,26.0416,148600,0,0
2007-02-14,41.72,42.42,41.5,41.71,26.0041,90500,0,0
2007-02-15,41.83,42,41.53,41.76,26.0353,56300,0,0
2007-02-16,41.76,42.6,41.64,42.59,26.5528,103800,0,0
2007-02-20,42.62,42.72,41.96,42.34,26.3969,136600,0,0
2007-02-21,42.24,42.24,41.64,41.97,26.1662,70600,0,0
2007-02-22,41.93,42.24,41.5,42.21,26.3159,96200,0,0
2007-02-23,42.24,42.49,41.71,41.72,26.0104,88600,0,0
2007-02-26,41.59,41.75,40.17,41.43,25.8296,99600,0,0
2007-02-27,40.61,41.08,34.44,37.99,23.6849,405600,0,0
2007-02-28,37.93,38.88,36.69,38.18,23.8034,237600,0,0
2007-03-01,37.33,38.09,36.09,37.25,23.2236,138300,0,0
2007-03-02,37.05,37.51,36.22,36.27,22.6126,102600,0,0
2007-03-05,35.57,35.94,34.64,35.47,22.1138,150600,0,0
2007-03-06,36.02,37.36,35.29,36.37,22.6749,69300,0,0
2007-03-07,36.02,36.6,35.5,36.34,22.6562,97900,0,0
2007-03-08,36.85,37.95,36.53,37.63,23.4605,108400,0,0
2007-03-09,38.08,38.51,37.71,38.16,23.7909,73300,0,0
2007-03-12,38.01,38.1,37.45,37.83,23.5851,58000,0,0
2007-03-13,37.61,38.31,36.58,36.79,22.9368,96600,0,0
2007-03-14,36.65,37.59,36.65,37.27,23.236,86300,0,0
2007-03-15,37.18,37.22,36.94,37.16,23.1674,69200,0,0
2007-03-16,37.1,38.57,37.1,37.95,23.66,172500,0,0
2007-03-19,38.3,38.56,38.2,38.43,23.9592,73200,0,0
2007-03-20,38.52,39,38.23,38.96,24.2896,74500,0,0
2007-03-21,39.13,40.65,39.13,40.24,25.0877,92800,0,0
2007-03-22,40.46,41.32,39.69,41.32,25.761,121000,0,0
2007-03-23,41.08,41.93,40.66,41.46,25.8483,82100,0,0
2007-03-26,41.59,42.03,41.43,42.03,26.2036,65300,0,0
2007-03-27,42,42,41.4,41.81,26.0665,65400,0,0
2007-03-28,41.36,41.72,40.91,41.05,25.5927,63000,0,0
2007-03-29,41.31,42.28,40.61,41.12,25.6363,64100,0,0
2007-03-30,41.31,41.59,40.24,40.84,25.4617,67100,0,0
2007-04-02,41,41.43,40.05,41.26,25.7236,130200,0,0
2007-04-03,41.35,42.23,41.1,41.4,25.8109,169300,0,0
2007-04-04,41.49,41.97,41.02,41.1,25.6238,82000,0,0
2007-04-05,41.02,41.71,41.02,41.65,25.9667,49700,0,0
2007-04-09,41.62,41.98,40.66,40.66,25.3495,59000,0,0
2007-04-10,40.5,41.22,40.23,40.55,25.3839,73600,0.165,0
2007-04-11,40.64,41.18,39.83,40.54,25.3777,111400,0,0
2007-04-12,40.36,40.86,40.25,40.61,25.4215,53800,0,0
2007-04-13,40.55,40.93,39.67,40.93,25.6218,36200,0,0
2007-04-16,40.11,40.59,39.8,40.26,25.2024,70300,0,0
2007-04-17,40.3,40.52,39.46,40.14,25.1273,79700,0,0
2007-04-18,39.94,40.52,39.08,39.12,24.4888,59700,0,0
2007-04-19,38.71,39.25,38.23,38.84,24.3135,66100,0,0
2007-04-20,38.7,39.58,38.7,39.56,24.7642,117400,0,0
2007-04-23,39.5,40.42,38.89,39.74,24.8769,84300,0,0
2007-04-24,39.31,39.54,35.75,36.16,22.6358,201500,0,0
2007-04-25,36.66,39.4,36.63,38.7,24.2259,136900,0,0
2007-04-26,38.42,38.42,37.09,38.04,23.8127,60700,0,0
2007-04-27,38,38.58,37.58,37.84,23.6875,53800,0,0
2007-04-30,37.54,37.83,35.77,35.96,22.5106,90100,0,0
2007-05-01,36.05,36.74,34.82,35.39,22.1538,151000,0,0
2007-05-02,35.48,36.26,35.26,35.35,22.1288,98700,0,0
2007-05-03,35.65,36.45,35.59,36.13,22.6171,93900,0,0
2007-05-04,36,37.09,36,36.86,23.074,97600,0,0
2007-05-07,34.93,36.71,34,35.91,22.4793,152500,0,0
2007-05-08,35.54,35.85,34.75,35.05,21.941,142200,0,0
2007-05-09,35.27,35.32,34.9,34.99,21.9034,120000,0,0
2007-05-10,34.9,34.99,34.1,34.51,21.603,140000,0,0
2007-05-11,34.86,35.84,34.6,35.27,22.0787,60300,0,0
2007-05-14,35.17,35.82,35.15,35.65,22.3166,99600,0,0
2007-05-15,35.41,36.38,35.24,35.34,22.1225,106200,0,0
2007-05-16,35.25,36.67,34.79,36.64,22.9363,84900,0,0
2007-05-17,36.43,37,35.65,35.73,22.3667,92100,0,0
2007-05-18,35.89,35.99,35.05,35.89,22.4668,56500,0,0
2007-05-21,35.34,35.84,35.34,35.69,22.3416,47200,0,0
2007-05-22,35.89,36.43,35.32,36.3,22.7235,59900,0,0
2007-05-23,36.29,36.29,34.97,35.2,22.0349,63800,0,0
2007-05-24,35.24,35.24,33.76,34.74,21.7469,78400,0,0
2007-05-25,34.75,34.84,34.14,34.56,21.6343,32500,0,0
2007-05-29,34.62,35.47,34.35,35.39,22.1538,44400,0,0
2007-05-30,35.05,36.41,34.5,36.15,22.6296,132500,0,0
2007-05-31,36.33,36.36,35.09,35.69,22.3416,102500,0,0
2007-06-01,35.93,36.36,35.75,36.17,22.6421,40900,0,0
2007-06-04,35.92,36.46,35.75,36.31,22.7297,75800,0,0
2007-06-05,36.13,36.33,35.57,35.99,22.5294,74200,0,0
2007-06-06,35.71,35.92,34.25,34.88,21.8346,44600,0,0
2007-06-07,34.78,35.73,34.34,34.58,21.6468,94100,0,0
2007-06-08,34.26,34.81,34.12,34.76,21.7595,92500,0,0
2007-06-11,34.59,35.83,34.59,35.32,22.11,44900,0,0
2007-06-12,35.05,35.79,34.87,35.02,21.9222,92500,0,0
2007-06-13,35.03,36.39,34.79,35.94,22.4981,63100,0,0
2007-06-14,36.04,36.5,35.43,35.47,22.2039,33000,0,0
2007-06-15,36.29,36.34,35.4,35.74,22.3729,95600,0,0
2007-06-18,35.76,35.76,35.05,35.26,22.0725,24400,0,0
2007-06-19,35.04,35.53,34.77,34.79,21.7782,73400,0,0
2007-06-20,34.98,35.38,33.53,33.65,21.0646,64800,0,0
2007-06-21,33.32,34.07,32.71,33.95,21.2524,55900,0,0
2007-06-22,33.95,34.31,32.95,32.95,20.6264,291200,0,0
2007-06-25,32.46,34.93,32.39,33.96,21.2587,117000,0,0
2007-06-26,34.27,35.28,33.57,33.95,21.2524,140400,0,0
2007-06-27,33.73,34.62,33.27,34.46,21.5717,55300,0,0
2007-06-28,34.53,34.53,33.97,34.32,21.484,108200,0,0
2007-06-29,34.48,35.96,33.98,34.45,21.5654,97500,0,0
2007-07-02,34.68,35.14,33.91,34.27,21.4527,92200,0,0
2007-07-03,34.26,35.82,34.16,35.68,22.3354,62400,0,0
2007-07-05,35.67,35.67,34.3,34.45,21.5654,77300,0,0
2007-07-06,34.37,34.62,34.2,34.21,21.4152,46900,0,0
2007-07-09,34.2,34.37,33.81,33.96,21.2587,82900,0,0
2007-07-10,34.56,34.56,32.97,33.04,20.7837,74600,0.165,0
2007-07-11,32.96,33.74,32.92,33.46,21.0479,67300,0,0
2007-07-12,33.74,34.14,32.99,33.99,21.3813,70600,0,0
2007-07-13,33.76,34,33.26,33.94,21.3499,41400,0,0
2007-07-16,33.74,33.76,32.84,33.32,20.9599,45900,0,0
2007-07-17,33.33,33.96,33.23,33.37,20.9913,57100,0,0
2007-07-18,33.25,33.38,32.18,32.76,20.6076,79300,0,0
2007-07-19,32.92,33.14,32.37,33.06,20.7963,59100,0,0
2007-07-20,32.99,33.03,32.31,32.41,20.3874,69000,0,0
2007-07-23,32.49,32.77,31.95,31.97,20.1107,113400,0,0
2007-07-24,31.6,31.97,30.79,31.08,19.5508,107600,0,0
2007-07-25,31.25,31.48,30.44,31.09,19.5571,87300,0,0
2007-07-26,30.54,30.54,29,29.47,18.538,117600,0,0
2007-07-27,29.44,29.69,28.78,29.25,18.3996,111400,0,0
2007-07-30,29.24,29.37,28.18,29.15,18.3367,127300,0,0
2007-07-31,29.51,30.17,29.27,29.29,18.4248,129800,0,0
2007-08-01,29.21,31.18,28.66,30.48,19.1734,127200,0,0
2007-08-02,30.85,31.15,29.63,30.16,18.9721,87700,0,0
2007-08-03,30.69,34.36,30.69,31.91,20.0729,205100,0,0
2007-08-06,32.31,32.31,29.69,31.69,19.9345,211000,0,0
2007-08-07,31.45,32.16,29.73,30.96,19.4753,234000,0,0
2007-08-08,31.18,31.75,25.01,28.1,17.6762,511600,0,0
2007-08-09,27.35,28.71,25.1,25.24,15.8772,368200,0,0
2007-08-10,25.51,31.41,21.58,31.25,19.6577,308600,0,0
2007-08-13,31.5,32.69,29.9,31.6,19.8779,187100,0,0
2007-08-14,31.65,32.45,30.42,30.89,19.4313,113200,0,0
2007-08-15,30.94,31.68,29.49,31.19,19.62,163900,0,0
2007-08-16,30.92,32.15,29.96,31.54,19.8402,110800,0,0
2007-08-17,33.81,33.81,30.89,31.35,19.7206,128100,0,0
2007-08-20,31.84,31.84,30.05,30.82,19.3872,80500,0,0
2007-08-21,30.93,31.72,30.32,31.11,19.5697,55000,0,0
2007-08-22,31.48,31.6,30.02,30.89,19.4313,63800,0,0
2007-08-23,30.25,31.25,30.23,30.33,19.079,103000,0,0
2007-08-24,30.32,31.1,29.91,30.88,19.425,63100,0,0
2007-08-27,30.66,31.04,29.97,30.3,19.0601,83600,0,0
2007-08-28,30.16,30.52,29.1,29.1,18.3053,72900,0,0
2007-08-29,29.23,30.84,29.23,30.81,19.381,86000,0,0
2007-08-30,30.4,30.8,29.16,29.91,18.8148,65900,0,0
2007-08-31,30.32,30.37,29.65,30.11,18.9406,81800,0,0
2007-09-04,30.04,30.15,29.46,29.71,18.689,111200,0,0
2007-09-05,29.5,29.84,28.61,28.61,17.9971,140200,0,0
2007-09-06,28.76,29.52,28.54,28.67,18.0348,71100,0,0
2007-09-07,28.5,29,28.29,28.51,17.9342,50000,0,0
2007-09-10,28.75,28.82,27.8,28.15,17.7077,67500,0,0
2007-09-11,28.31,29.09,28.25,28.96,18.2172,45300,0,0
2007-09-12,28.79,29.79,28.07,28.42,17.8775,84200,0,0
2007-09-13,28.56,28.63,27.38,27.39,17.2296,120300,0,0
2007-09-14,27.26,27.56,26.08,26.88,16.9088,160000,0,0
2007-09-17,26.77,27.19,26.35,26.81,16.8648,73200,0,0
2007-09-18,27.01,29,26.69,28.89,18.1732,116000,0,0
2007-09-19,28.88,30.25,28.58,30.21,19.0035,148600,0,0
2007-09-20,30.12,30.46,29.45,29.59,18.6135,54000,0,0
2007-09-21,29.85,30.11,29.09,30.09,18.928,175700,0,0
2007-09-24,30.02,30.34,28.84,29.59,18.6135,48900,0,0
2007-09-25,29.34,29.96,28.75,29.86,18.7834,46500,0,0
2007-09-26,30,30.25,29.24,29.76,18.7205,37800,0,0
2007-09-27,29.83,29.83,29.44,29.7,18.6827,43000,0,0
2007-09-28,29.62,29.64,28.2,28.66,18.0285,87200,0,0
2007-10-01,28.59,29.02,28.33,28.76,18.0914,126800,0,0
2007-10-02,28.74,30.08,28.58,30.02,18.884,80200,0,0
2007-10-03,29.79,30.22,28.49,28.49,17.9216,71800,0,0
2007-10-04,28.54,29.25,28.54,28.98,18.2298,34100,0,0
2007-10-05,29.25,29.5,28.82,29.2,18.3682,93000,0,0
2007-10-08,29.08,29.08,28.03,28.26,17.7769,71900,0,0
2007-10-09,28.28,28.6,27.95,28.16,17.714,52800,0,0
2007-10-10,28.16,28.2,27.61,28.08,17.6637,92000,0,0
2007-10-11,28.11,28.58,27.61,28,17.7174,58200,0.165,0
2007-10-12,27.93,28.25,27.7,27.82,17.6035,31000,0,0
2007-10-15,27.71,27.8,26.24,26.82,16.9708,113000,0,0
2007-10-16,26.75,26.97,26.08,26.76,16.9328,85100,0,0
2007-10-17,27.05,27.53,26,27.14,17.1733,41100,0,0
2007-10-18,27.16,27.2,26.71,27.14,17.1733,44000,0,0
2007-10-19,27.11,27.11,25.96,25.97,16.4329,55200,0,0
2007-10-22,25.92,27.2,25.6,26.91,17.0277,68200,0,0
2007-10-23,27.15,27.27,26.62,27.17,17.1922,74500,0,0
2007-10-24,26.94,27.6,25.95,27.5,17.4011,69300,0,0
2007-10-25,27.5,28.48,27.29,28.08,17.7681,87600,0,0
2007-10-26,28.14,28.47,27.68,28.36,17.9452,57000,0,0
2007-10-29,28.49,28.5,27.31,28.12,17.7934,71100,0,0
2007-10-30,28.05,28.24,27.24,27.52,17.4137,27400,0,0
2007-10-31,27.58,28.02,26.93,27.75,17.5593,55500,0,0
2007-11-01,27.42,27.42,25.6,25.68,16.2494,106300,0,0
2007-11-02,25.92,26.92,25.73,26.54,16.7936,83300,0,0
2007-11-05,26.19,26.26,25.44,25.55,16.1672,101700,0,0
2007-11-06,25.54,25.54,23.45,24.12,15.2623,152400,0,0
2007-11-07,23.87,24,23.11,23.51,14.8763,98300,0,0
2007-11-08,23.77,23.86,22.96,23.47,14.851,113100,0,0
2007-11-09,23.1,23.31,22.49,22.64,14.3258,97900,0,0
2007-11-12,22.69,23.34,21.85,21.9,13.8576,138900,0,0
2007-11-13,22.18,23.3,22.16,23.27,14.7245,86300,0,0
2007-11-14,23.5,23.5,22.21,22.67,14.3448,62600,0,0
2007-11-15,22.72,22.82,21.74,22.13,14.0031,82000,0,0
2007-11-16,22.18,22.48,21.7,22.07,13.9651,53800,0,0
2007-11-19,21.87,21.87,20.74,21.14,13.3767,103500,0,0
2007-11-20,21.17,21.43,20.45,20.99,13.2818,83500,0,0
2007-11-21,20.91,21.34,20.42,21.07,13.3324,87100,0,0
2007-11-23,21.21,21.21,20.45,20.97,13.2691,18900,0,0
2007-11-26,20.91,21.08,20.61,20.83,13.1805,61700,0,0
2007-11-27,20.93,21.14,20.61,21,13.2881,62200,0,0
2007-11-28,21.21,21.81,20.93,21.78,13.7816,102200,0,0
2007-11-29,22.22,24,22.22,22.67,14.3448,129600,0,0
2007-11-30,23.04,23.9,23.04,23.79,15.0535,149500,0,0
2007-12-03,24.89,25.1,23.9,24.55,15.5344,127300,0,0
2007-12-04,24.37,25.04,23.94,24.5,15.5028,68700,0,0
2007-12-05,24.79,25.29,24.77,25.23,15.9647,46200,0,0
2007-12-06,25.25,25.53,24.82,25.38,16.0596,93700,0,0
2007-12-07,25.5,25.63,24.76,24.87,15.7369,62100,0,0
2007-12-10,24.88,25.12,24.46,24.6,15.566,67600,0,0
2007-12-11,24.59,25.19,24.45,24.53,15.5217,74200,0,0
2007-12-12,25.27,25.34,23.74,24.21,15.3193,82200,0,0
2007-12-13,23.99,24.53,23.46,24.34,15.4015,40000,0,0
2007-12-14,24.06,24.6,23.07,24.01,15.1927,110800,0,0
2007-12-17,23.82,24.07,23.65,23.98,15.1737,50800,0,0
2007-12-18,24.23,25.07,23.65,25.07,15.8634,237800,0,0
2007-12-19,24.99,25.76,24.66,25.51,16.1419,89400,0,0
2007-12-20,25.79,25.79,24.82,25.32,16.0216,68700,0,0
2007-12-21,25.74,26.49,25.07,25.66,16.2368,157500,0,0
2007-12-24,25.86,26.63,25.81,26.27,16.6228,24000,0,0
2007-12-26,26.18,26.85,25.81,26.63,16.8506,54600,0,0
2007-12-27,26.63,26.63,25.32,25.42,16.0849,55400,0,0
2007-12-28,25.5,27.29,25.5,25.63,16.2178,72200,0,0
2007-12-31,25.47,25.76,24.43,25.39,16.0659,74000,0,0
2008-01-02,25.3,26.46,25.11,25.6,16.1988,88900,0,0
2008-01-03,25.6,25.71,24.34,24.48,15.4901,68200,0,0
2008-01-04,24.17,24.43,23.3,23.68,14.9839,63800,0,0
2008-01-07,23.84,26.2,23.64,25.36,16.0469,71600,0,0
2008-01-08,25.43,26.5,23.74,23.78,15.0472,90000,0,0
2008-01-09,23.74,27.1,23.14,26.77,16.9391,121300,0,0
2008-01-10,26.35,26.52,25.08,25.56,16.2738,97400,0.165,0
2008-01-11,25.65,26.43,25.44,25.73,16.382,101800,0,0
2008-01-14,25.95,26.48,25.5,25.53,16.2547,132100,0,0
2008-01-15,25.13,25.59,24.87,25,15.9173,105700,0,0
2008-01-16,24.88,26.17,24.72,25.4,16.1719,73500,0,0
2008-01-17,25.4,25.76,23.41,24.19,15.4015,205800,0,0
2008-01-18,24.04,25.01,22.79,23.09,14.7012,184400,0,0
2008-01-22,22.74,23.5,21.08,23.29,14.8285,179400,0,0
2008-01-23,22.2,23.94,22.13,23.49,14.9559,83100,0,0
2008-01-24,23.67,23.99,22.73,22.73,14.472,97800,0,0
2008-01-25,23.04,23.29,21.73,22.08,14.0581,48400,0,0
2008-01-28,22.08,22.78,21.63,22.68,14.4401,88400,0,0
2008-01-29,22.46,22.74,21.38,21.56,13.727,168200,0,0
2008-01-30,22.04,23.03,21.81,22.04,14.0327,227700,0,0
2008-01-31,22,23.68,21.74,23.29,14.8285,192600,0,0
2008-02-01,23.5,23.87,22.64,23.59,15.0195,192700,0,0
2008-02-04,23.62,24.28,23.61,23.78,15.1405,137000,0,0
2008-02-05,23.27,23.94,22.83,23.15,14.7394,139900,0,0
2008-02-06,23.29,24.48,22.97,23.68,15.0768,152400,0,0
2008-02-07,23.13,24.32,23.05,23.89,15.2105,132400,0,0
2008-02-08,23.83,23.96,23.38,23.74,15.115,125700,0,0
2008-02-11,23.82,24.44,23.65,24.16,15.3824,99500,0,0
2008-02-12,24.27,24.6,24.17,24.28,15.4588,123300,0,0
2008-02-13,24.47,25.22,24.34,25.21,16.051,136100,0,0
2008-02-14,25.22,25.44,23.8,24.05,15.3124,116100,0,0
2008-02-15,23.87,24.41,23.6,24.26,15.4461,105000,0,0
2008-02-19,24.63,24.67,24.16,24.31,15.4779,66500,0,0
2008-02-20,24.09,24.69,24.09,24.46,15.5734,114500,0,0
2008-02-21,24.63,24.83,24,24.15,15.3761,113700,0,0
2008-02-22,24.17,24.43,23.69,24.15,15.3761,81800,0,0
2008-02-25,24.15,24.15,23.42,23.94,15.2424,138200,0,0
2008-02-26,23.92,24.79,23.31,24.4,15.5352,61200,0,0
2008-02-27,24.21,24.68,23.96,24.19,15.4015,40200,0,0
2008-02-28,24.08,24.62,24.03,24.14,15.3697,80900,0,0
2008-02-29,23.9,24.28,23.6,24.01,15.2869,81300,0,0
2008-03-03,24.17,24.2,23,23.51,14.9686,109800,0,0
2008-03-04,23.31,23.31,22.21,22.91,14.5866,105000,0,0
2008-03-05,23.07,23.17,22.24,22.78,14.5038,71100,0,0
2008-03-06,22.42,22.7,22.26,22.26,14.1727,79600,0,0
2008-03-07,21.99,22.4,21.6,21.61,13.7589,111700,0,0
2008-03-10,21.7,21.95,21.23,21.35,13.5933,74100,0,0
2008-03-11,21.93,22.35,21.49,22.24,14.16,58700,0,0
2008-03-12,22.27,23.3,22.26,22.86,14.5547,97000,0,0
2008-03-13,22.55,24,22.08,23.16,14.7457,75200,0,0
2008-03-14,23.32,23.56,21.79,22.46,14.3001,88300,0,0
2008-03-17,21.78,22.12,21.52,21.85,13.9117,91800,0,0
2008-03-18,22.32,23.94,22.26,23.78,15.1405,82800,0,0
2008-03-19,24,24.5,23.37,23.48,14.9495,93300,0,0
2008-03-20,23.79,24.49,23.68,23.94,15.2424,208300,0,0
2008-03-24,24.08,24.73,23.9,24.58,15.6498,149200,0,0
2008-03-25,24.48,24.94,24.48,24.87,15.8345,84400,0,0
2008-03-26,24.7,25.24,24.65,24.98,15.9045,52000,0,0
2008-03-27,25.08,25.15,24.6,24.93,15.8727,53300,0,0
2008-03-28,24.89,25.12,24.53,24.53,15.618,107100,0,0
2008-03-31,24.63,25.25,23.29,24.59,15.6562,71000,0,0
2008-04-01,25.63,26.43,25.07,26.43,16.8277,114300,0,0
2008-04-02,26.26,26.56,25.46,25.79,16.4202,51300,0,0
2008-04-03,25.61,25.61,24.36,24.73,15.7454,69000,0,0
2008-04-04,24.8,25.13,24.16,24.42,15.548,44100,0,0
2008-04-07,24.5,24.7,24.29,24.61,15.6689,43200,0,0
2008-04-08,24.36,24.36,23.86,24.29,15.5696,28300,0.165,0
2008-04-09,24.31,24.38,24,24.19,15.5055,123400,0,0
2008-04-10,24.25,25.08,24.01,24.64,15.7939,43700,0,0
2008-04-11,24.4,24.45,22.92,23.26,14.9094,79000,0,0
2008-04-14,23.21,23.66,22.87,23.32,14.9478,34100,0,0
2008-04-15,23.53,23.73,22.91,23.46,15.0376,42900,0,0
2008-04-16,23.74,24.33,23.48,24.2,15.5119,47800,0,0
2008-04-17,24.06,24.21,23.48,23.77,15.2363,50200,0,0
2008-04-18,24.26,24.9,24.01,24.85,15.9285,80200,0,0
2008-04-21,24.7,24.8,24.02,24.27,15.5568,36100,0,0
2008-04-22,24.11,24.24,22.99,23.34,14.9607,44200,0,0
2008-04-23,23.34,23.34,22.34,22.46,14.3966,117400,0,0
2008-04-24,22.34,22.8,22.25,22.54,14.4479,110600,0,0
2008-04-25,22.6,23.09,22.14,22.32,14.3069,124300,0,0
2008-04-28,22.3,22.4,22,22.15,14.1979,57000,0,0
2008-04-29,22.2,22.52,21.74,22.46,14.3966,97900,0,0
2008-04-30,22.57,22.9,22.46,22.82,14.6273,49500,0,0
2008-05-01,22.85,22.92,22.5,22.54,14.4479,51700,0,0
2008-05-02,22.63,22.75,22.28,22.55,14.4543,45600,0,0
2008-05-05,22.62,22.83,22.03,22.73,14.5696,173400,0,0
2008-05-06,22.53,22.7,21.62,21.88,14.0248,143500,0,0
2008-05-07,21.86,22.85,21.77,22.62,14.4991,162800,0,0
2008-05-08,22.67,22.87,22.45,22.54,14.4479,27700,0,0
2008-05-09,22.34,22.83,22.11,22.75,14.5825,63600,0,0
2008-05-12,22.87,23.8,22.82,23.58,15.1145,51400,0,0
2008-05-13,23.6,24.27,23.53,24.16,15.4863,118700,0,0
2008-05-14,24.19,24.82,23.84,24.36,15.6145,157100,0,0
2008-05-15,24.36,24.96,24.24,24.96,15.999,100600,0,0
2008-05-16,25.12,25.12,24.24,24.48,15.6914,103200,0,0
2008-05-19,24.42,24.81,24.32,24.42,15.6529,64400,0,0
2008-05-20,24.29,24.73,24.09,24.5,15.7042,107700,0,0
2008-05-21,24.46,24.86,23.58,23.67,15.1722,49000,0,0
2008-05-22,23.69,24.9,23.67,24.81,15.9029,43100,0,0
2008-05-23,24.64,24.64,23.97,24.28,15.5632,38900,0,0
2008-05-27,24.35,25.14,24.35,25.08,16.076,46600,0,0
2008-05-28,25.23,25.23,24.19,24.66,15.8068,33000,0,0
2008-05-29,24.59,25.5,24.59,25.02,16.0375,36100,0,0
2008-05-30,25.09,25.09,23.94,24.36,15.6145,56700,0,0
2008-06-02,24.3,24.3,23.05,23.9,15.3196,28500,0,0
2008-06-03,24.04,24.36,23.08,24.23,15.5311,59200,0,0
2008-06-04,24.19,25.29,23.51,25.02,16.0375,62500,0,0
2008-06-05,25.03,25.77,25.03,25.49,16.3388,54900,0,0
2008-06-06,25.26,25.26,24.23,24.25,15.544,38000,0,0
2008-06-09,24.27,24.71,24.1,24.43,15.6593,41100,0,0
2008-06-10,24.2,24.62,23.81,24.5,15.7042,40500,0,0
2008-06-11,24.37,24.83,24,24.08,15.435,81400,0,0
2008-06-12,24.35,25.2,23.74,25.02,16.0375,96900,0,0
2008-06-13,25.24,25.61,25.21,25.61,16.4157,62900,0,0
2008-06-16,25.57,25.73,25.41,25.66,16.4477,43100,0,0
2008-06-17,25.71,26.1,25.59,25.84,16.5631,77100,0,0
2008-06-18,25.68,26.22,25.68,26.02,16.6785,54700,0,0
2008-06-19,26.01,26.32,25.08,26.32,16.8708,37500,0,0
2008-06-20,26.12,26.66,25.61,26.32,16.8708,201100,0,0
2008-06-23,26.37,26.37,25.43,25.46,16.3196,69200,0,0
2008-06-24,25.22,25.22,24.48,24.94,15.9862,71000,0,0
2008-06-25,24.93,25.29,24.93,25.25,16.1849,91600,0,0
2008-06-26,24.99,25.07,24.1,24.27,15.5568,58200,0,0
2008-06-27,24.17,24.44,23.7,24.29,15.5696,370900,0,0
2008-06-30,24.39,24.39,23.31,23.33,14.9542,68100,0,0
2008-07-01,23,24,22.84,23.85,15.2876,74400,0,0
2008-07-02,23.88,25.05,23.88,24.33,15.5952,104800,0,0
2008-07-03,24.36,24.97,23.65,23.75,15.2235,60200,0,0
2008-07-07,23.84,24.25,22.71,23.33,14.9542,77300,0,0
2008-07-08,23.41,24.77,23.4,24.71,15.9516,271600,0.165,0
2008-07-09,24.35,25.21,24.33,24.75,15.9774,195600,0,0
2008-07-10,24.73,25.46,24.63,24.93,16.0936,66500,0,0
2008-07-11,24.67,25.22,24.3,25.22,16.2809,47600,0,0
2008-07-14,25.52,25.66,25.09,25.43,16.4164,57100,0,0
2008-07-15,25.1,26,24.95,25.09,16.1969,103400,0,0
2008-07-16,25.14,26.18,25.14,25.93,16.7392,71400,0,0
2008-07-17,26,26.15,25.59,25.82,16.6682,62100,0,0
2008-07-18,25.81,25.86,24.46,24.8,16.0097,43700,0,0
2008-07-21,24.94,24.96,24.26,24.77,15.9904,24300,0,0
2008-07-22,24.5,25.6,24.34,25.55,16.4939,99400,0,0
2008-07-23,25.56,25.84,24.65,24.92,16.0872,66600,0,0
2008-07-24,25.09,25.16,24.07,24.24,15.6482,47100,0,0
2008-07-25,24.49,25.1,24.49,25,16.1388,44600,0,0
2008-07-28,24.88,25.12,24.57,24.71,15.9516,30500,0,0
2008-07-29,24.88,25.59,24.59,24.9,16.0743,44600,0,0
2008-07-30,24.62,25.71,24.14,24.68,15.9322,39200,0,0
2008-07-31,24.11,24.59,24.11,24.32,15.6999,44100,0,0
2008-08-01,25.21,25.21,24.24,24.68,15.9322,49800,0,0
2008-08-04,24.5,24.5,23.57,24.05,15.5256,151100,0,0
2008-08-05,24.21,25.3,24.21,25.25,16.3002,49700,0,0
2008-08-06,25.14,25.14,24.65,24.77,15.9904,52300,0,0
2008-08-07,24.51,25.75,23.94,24,15.4933,71200,0,0
2008-08-08,23.97,25.37,23.97,25.12,16.2163,57800,0,0
2008-08-11,25.17,26.1,25.17,25.79,16.6488,45200,0,0
2008-08-12,25.8,26.3,25.51,25.51,16.4681,69400,0,0
2008-08-13,25.46,25.88,24.82,25.35,16.3648,38800,0,0
2008-08-14,25.14,25.87,24.54,25.73,16.6101,28600,0,0
2008-08-15,26.05,26.21,24.78,25.69,16.5843,59100,0,0
2008-08-18,25.66,26.36,25.28,25.56,16.5003,60200,0,0
2008-08-19,25.36,25.44,24.73,24.86,16.0485,46700,0,0
2008-08-20,24.98,24.98,23.94,24.44,15.7773,41500,0,0
2008-08-21,24.13,24.14,23.76,23.94,15.4545,46500,0,0
2008-08-22,24.05,24.3,23.61,24,15.4933,35000,0,0
2008-08-25,23.93,23.93,23.52,23.64,15.2609,39100,0,0
2008-08-26,23.66,23.95,23.54,23.76,15.3383,27900,0,0
2008-08-27,23.81,24.3,23.71,23.89,15.4223,33900,0,0
2008-08-28,23.93,25.12,23.68,25,16.1388,74800,0,0
2008-08-29,24.99,25.39,24.6,24.71,15.9516,36300,0,0
2008-09-02,24.9,25.14,24.48,24.75,15.9774,20700,0,0
2008-09-03,24.74,25.37,23.94,25.16,16.2421,48700,0,0
2008-09-04,25.04,25.26,24.74,24.96,16.113,49000,0,0
2008-09-05,24.95,25.08,24.34,24.98,16.1259,37400,0,0
2008-09-08,25.71,25.71,25.09,25.3,16.3325,62500,0,0
2008-09-09,25.24,25.6,25,25,16.1388,46300,0,0
2008-09-10,25.4,25.96,24.11,25.77,16.6359,85700,0,0
2008-09-11,25.59,26.23,25.24,26.19,16.907,60500,0,0
2008-09-12,26.03,26.03,25.01,25.5,16.4616,39100,0,0
2008-09-15,24.96,26.08,24.96,25,16.1388,31900,0,0
2008-09-16,25.25,26.61,24.5,24.85,16.042,109000,0,0
2008-09-17,24.51,25.03,23.53,23.66,15.2738,80400,0,0
2008-09-18,24.19,24.19,22.82,23.82,15.3771,124500,0,0
2008-09-19,24.95,26.35,24.65,26.13,16.8683,246800,0,0
2008-09-22,26.05,26.4,25.14,25.32,16.3454,69500,0,0
2008-09-23,25.29,26.07,24.01,24.12,15.5707,124600,0,0
2008-09-24,24.2,25.24,23.89,23.98,15.4804,43400,0,0
2008-09-25,24.16,24.66,23.81,24.19,15.6159,69700,0,0
2008-09-26,23.78,24.52,23.49,23.99,15.4868,51300,0,0
2008-09-29,23.65,24,22.1,22.43,14.4798,45400,0,0
2008-09-30,22.62,22.83,21.85,22.83,14.738,93200,0,0
2008-10-01,22.63,23.3,22,22.6,14.5895,37100,0,0
2008-10-02,22.52,22.85,21.58,21.68,13.9956,48400,0,0
2008-10-03,21.99,22.3,20.13,20.41,13.1757,64700,0,0
2008-10-06,20.03,20.32,17.93,18.9,12.201,138500,0,0
2008-10-07,19.16,20.17,19.12,19.26,12.5429,103400,0.165,0
2008-10-08,18.72,19.75,17.47,17.82,11.6051,117700,0,0
2008-10-09,18.17,18.99,16.94,16.94,11.032,148100,0,0
2008-10-10,17.5,17.5,15.71,17.36,11.3055,111800,0,0
2008-10-13,18.07,20.49,17.51,20.44,13.3113,109000,0,0
2008-10-14,20.94,21.44,18.94,19.68,12.8164,60200,0,0
2008-10-15,20.34,20.34,16.01,16.5,10.7454,142900,0,0
2008-10-16,17,18.8,16.67,18.5,12.0479,137000,0,0
2008-10-17,18.03,18.99,17.59,17.99,11.7158,82900,0,0
2008-10-20,18.4,19.28,18,19.26,12.5429,119500,0,0
2008-10-21,18.94,19.19,18.29,18.35,11.9502,120500,0,0
2008-10-22,18.03,18.56,17.51,17.69,11.5204,139400,0,0
2008-10-23,17.8,17.8,16.57,17.06,11.1101,79400,0,0
2008-10-24,16.51,17.46,16.5,17.18,11.1883,50100,0,0
2008-10-27,16.9,17.32,16.5,16.5,10.7454,43700,0,0
2008-10-28,16.78,17.88,16.41,17.87,11.6376,91700,0,0
2008-10-29,17.87,17.89,16.4,17.05,11.1036,88000,0,0
2008-10-30,17.57,18,16.62,17.9,11.6572,32700,0,0
2008-10-31,17.87,18.91,17.42,18.66,12.1521,89000,0,0
2008-11-03,18.6,19.04,18.01,18.71,12.1847,48100,0,0
2008-11-04,18.92,19.08,18.03,18.71,12.1847,97600,0,0
2008-11-05,18.47,18.5,17.63,17.63,11.4813,33100,0,0
2008-11-06,17.53,17.94,17.23,17.23,11.2208,36800,0,0
2008-11-07,17.4,17.4,16.69,16.99,11.0645,38000,0,0
2008-11-10,17.4,17.4,16.32,16.35,10.6478,52200,0,0
2008-11-11,16.29,16.99,15.94,15.95,10.3873,52000,0,0
2008-11-12,15.95,16.44,14.73,14.76,9.61228,52500,0,0
2008-11-13,14.82,16.08,14.27,16,10.4198,84400,0,0
2008-11-14,15.7,15.9,14.73,14.75,9.60577,64800,0,0
2008-11-17,14.66,14.93,14.29,14.54,9.46901,56600,0,0
2008-11-18,14.6,14.87,13.92,14.2,9.24759,121800,0,0
2008-11-19,14.17,14.59,13.03,13.04,8.49215,54100,0,0
2008-11-20,12.98,13.69,12.01,12.06,7.85393,75800,0,0
2008-11-21,12.23,12.67,11.29,12.1,7.87999,129600,0,0
2008-11-24,12.41,13.14,11.51,11.67,7.59996,173200,0,0
2008-11-25,11.83,12.5,11.63,12.35,8.0428,136200,0,0
2008-11-26,12.16,12.92,11.72,12.83,8.35539,96300,0,0
2008-11-28,13,13.55,13,13.49,8.78521,37500,0,0
2008-12-01,13.5,13.76,12.7,13.08,8.5182,104300,0,0
2008-12-02,13.32,14.54,12.86,14.49,9.43645,76800,0,0
2008-12-03,14.26,15.55,14.12,15.42,10.0421,85500,0,0
2008-12-04,15.5,16.4,15.04,15.36,10.003,84000,0,0
2008-12-05,15.07,16.05,14.81,16.01,10.4263,67600,0,0
2008-12-08,16.41,16.85,15.48,16.76,10.9148,158100,0,0
2008-12-09,16.6,16.99,15.9,15.91,10.3612,43600,0,0
2008-12-10,16.01,16.92,15.7,16.06,10.4589,25400,0,0
2008-12-11,15.85,16.83,15.55,15.94,10.3807,48900,0,0
2008-12-12,15.55,16.72,15.29,16.54,10.7715,86800,0,0
2008-12-15,16.6,16.8,14.8,15.08,9.82068,52700,0,0
2008-12-16,15.25,16.81,14.76,16.79,10.9343,65700,0,0
2008-12-17,16.63,17.32,16.6,16.91,11.0124,52600,0,0
2008-12-18,17.15,17.45,16.73,16.95,11.0385,64500,0,0
2008-12-19,17.54,17.99,16.14,16.24,10.5761,147300,0,0
2008-12-22,16.47,16.56,15.74,16.52,10.7585,89200,0,0
2008-12-23,16.59,16.6,15.95,16.17,10.5305,85800,0,0
2008-12-24,16.08,16.43,15.1,16.38,10.6673,10900,0,0
2008-12-26,16.47,16.87,15.8,16.48,10.7324,25300,0,0
2008-12-29,16.56,17.17,16.54,16.61,10.8171,66300,0,0
2008-12-30,16.61,17.41,16.61,17.01,11.0776,37000,0,0
2008-12-31,17.11,17.79,16.52,17.59,11.4553,96300,0,0
2009-01-02,17.64,18.38,16.7,18.07,11.7679,47900,0,0
2009-01-05,18.15,18.26,17.49,17.81,11.5986,42100,0,0
2009-01-06,17.51,17.66,16.93,17.42,11.4507,49800,0.165,0
2009-01-07,17.26,17.32,16.38,16.81,11.0497,38500,0,0
2009-01-08,16.75,17,16.47,16.79,11.0365,80700,0,0
2009-01-09,16.74,17.03,16.16,16.3,10.7145,42200,0,0
2009-01-12,16.27,16.97,15.79,16.03,10.537,26300,0,0
2009-01-13,15.99,15.99,15.53,15.8,10.3858,66900,0,0
2009-01-14,15.56,15.75,15,15.5,10.1886,114600,0,0
2009-01-15,15.49,15.93,15.07,15.91,10.4581,71600,0,0
2009-01-16,16.01,16.11,15.12,15.62,10.2675,55100,0,0
2009-01-20,15.45,15.78,14.02,14.1,9.26833,75600,0,0
2009-01-21,14.26,14.63,13.8,14.02,9.21575,114900,0,0
2009-01-22,13.92,14.41,13.61,13.95,9.16973,62900,0,0
2009-01-23,13.66,14.78,13.66,14.51,9.53784,35000,0,0
2009-01-26,14.58,15.36,14.04,14.66,9.63644,18100,0,0
2009-01-27,14.67,14.84,14.08,14.65,9.62986,34400,0,0
2009-01-28,14.86,15.32,14.58,15.32,10.0703,32700,0,0
2009-01-29,15.17,15.42,14.85,14.85,9.76133,25700,0,0
2009-01-30,14.96,15.02,14.14,14.26,9.3735,30100,0,0
2009-02-02,14.26,15.44,14.05,15.44,10.1492,38700,0,0
2009-02-03,15.52,15.64,14.95,15.4,10.1229,28400,0,0
2009-02-04,15.4,15.89,15.07,15.07,9.90594,12000,0,0
2009-02-05,15.35,15.49,15.06,15.28,10.044,44900,0,0
2009-02-06,15.22,17,15.22,16.61,10.9182,38200,0,0
2009-02-09,16.48,17,15.96,16.21,10.6553,21600,0,0
2009-02-10,16.16,16.74,15.52,15.73,10.3398,32400,0,0
2009-02-11,16.27,16.28,15.85,16,10.5173,26300,0,0
2009-02-12,15.79,16.1,15.6,15.92,10.4647,28100,0,0
2009-02-13,15.89,16.45,15.89,16,10.5173,57000,0,0
2009-02-17,15.45,16.24,15.35,15.92,10.4647,84500,0,0
2009-02-18,16,16.23,15.55,15.94,10.4778,52700,0,0
2009-02-19,16.14,16.14,15.55,15.76,10.3595,37200,0,0
2009-02-20,15.55,16.01,14.89,14.99,9.85335,86200,0,0
2009-02-23,15.07,15.07,14.33,14.38,9.45238,55400,0,0
2009-02-24,14.29,15.25,14.29,14.9,9.79419,61000,0,0
2009-02-25,14.61,14.61,13.23,13.76,9.04484,81000,0,0
2009-02-26,13.93,14.05,13.31,13.35,8.77533,58900,0,0
2009-02-27,13.11,13.74,13,13.58,8.92652,55100,0,0
2009-03-02,13.39,13.67,12.56,12.58,8.26919,89000,0,0
2009-03-03,12.76,12.76,12.06,12.07,7.93396,56300,0,0
2009-03-04,12.32,12.44,11.73,12.25,8.05227,66900,0,0
2009-03-05,11.93,12.03,11.43,11.44,7.51984,59300,0,0
2009-03-06,11.61,11.79,11.06,11.62,7.63816,57900,0,0
2009-03-09,11.5,11.55,10.99,11.09,7.28977,36400,0,0
2009-03-10,11.4,12.09,11.05,12.05,7.92081,55500,0,0
2009-03-11,12.09,12.7,11.85,11.85,7.78934,23900,0,0
2009-03-12,11.76,13.1,11.76,13.02,8.55842,51200,0,0
2009-03-13,13.6,13.8,13.02,13.7,9.0054,27000,0,0
2009-03-16,13.87,13.89,13.12,13.66,8.97911,48800,0,0
2009-03-17,13.51,14.49,13.29,14.46,9.50497,78600,0,0
2009-03-18,14.44,15.25,14.42,14.98,9.84678,42800,0,0
2009-03-19,15.14,15.48,15,15.28,10.044,33600,0,0
2009-03-20,15.44,15.5,15,15,9.85993,65000,0,0
2009-03-23,15.35,16.14,15.08,16.14,10.6093,50900,0,0
2009-03-24,15.95,16.12,15.43,15.59,10.2477,33400,0,0
2009-03-25,15.74,16.24,15.32,16,10.5173,61000,0,0
2009-03-26,16.19,16.19,15.64,16,10.5173,45900,0,0
2009-03-27,15.66,16.07,15.07,15.55,10.2215,41000,0,0
2009-03-30,15.11,15.82,14.9,15.07,9.90594,25000,0,0
2009-03-31,15.3,15.49,14.72,14.93,9.81392,30300,0,0
2009-04-01,14.73,15.35,14.29,15.06,9.89937,25400,0,0
2009-04-02,15.36,16.11,15.34,16.01,10.5238,68700,0,0
2009-04-03,16.13,16.87,16.01,16.52,10.8591,22700,0,0
2009-04-06,16.25,16.49,15.39,15.64,10.2806,35600,0,0
2009-04-07,15.37,15.37,14.55,14.63,9.71925,26200,0.165,0
2009-04-08,14.7,15.03,14.7,14.8,9.83219,25100,0,0
2009-04-09,14.99,16.51,13.91,16.45,10.9283,68700,0,0
2009-04-13,16.25,16.94,15.82,16.71,11.1011,28300,0,0
2009-04-14,16.4,16.54,15.87,15.88,10.5497,27800,0,0
2009-04-15,15.82,16.18,15.38,16.15,10.729,14000,0,0
2009-04-16,16.3,16.93,15.68,16.74,11.121,35300,0,0
2009-04-17,16.83,17.35,16.18,17.23,11.4465,33800,0,0
2009-04-20,16.9,17.09,15.96,16.02,10.6427,32900,0,0
2009-04-21,15.91,17,15.51,16.61,11.0346,44900,0,0
2009-04-22,16.3,17.43,15.95,17.18,11.4133,64300,0,0
2009-04-23,17.25,17.25,16.03,16.47,10.9416,34300,0,0
2009-04-24,16.58,16.67,16.01,16.42,10.9084,57800,0,0
2009-04-27,16.01,16.46,15.66,16.27,10.8088,63200,0,0
2009-04-28,15.67,16.16,15.32,15.65,10.3969,69900,0,0
2009-04-29,15.74,16.6,15.74,16.43,10.9151,29600,0,0
2009-04-30,16.52,16.77,15.61,15.61,10.3703,30000,0,0
2009-05-01,15.52,15.57,15.15,15.34,10.1909,35700,0,0
2009-05-04,15.44,15.91,15.02,15.9,10.563,58300,0,0
2009-05-05,15.75,16.03,14.97,15.25,10.1311,32700,0,0
2009-05-06,15.37,15.44,14.72,14.99,9.95841,41000,0,0
2009-05-07,15.15,15.54,15.06,15.26,10.1378,47500,0,0
2009-05-08,15.45,15.87,15.4,15.84,10.5231,32500,0,0
2009-05-11,15.56,16.19,15.54,15.8,10.4965,70700,0,0
2009-05-12,15.85,16,15.5,15.77,10.4766,53000,0,0
2009-05-13,15.53,15.73,15.02,15.05,9.99827,48000,0,0
2009-05-14,15.17,15.84,15.03,15.64,10.3902,38200,0,0
2009-05-15,15.65,16.32,14.67,14.69,9.75911,42100,0,0
2009-05-18,14.84,15.34,14.25,15.34,10.1909,32400,0,0
2009-05-19,15.18,15.45,14.96,15.07,10.0116,22100,0,0
2009-05-20,15.17,15.31,14.89,14.93,9.91855,37100,0,0
2009-05-21,14.79,14.99,14.54,14.74,9.79233,33300,0,0
2009-05-22,14.79,14.79,14.18,14.19,9.42695,24800,0,0
2009-05-26,14.09,15.13,14.09,14.99,9.95841,38500,0,0
2009-05-27,14.84,15.21,14.49,14.56,9.67275,24700,0,0
2009-05-28,14.64,15.03,14.01,14.38,9.55317,31600,0,0
2009-05-29,14.28,14.94,14.14,14.94,9.9252,74200,0,0
2009-06-01,15.09,16.04,15.09,15.93,10.5829,73900,0,0
2009-06-02,15.93,16.5,15.87,15.9,10.563,37000,0,0
2009-06-03,15.84,15.87,15.19,15.4,10.2308,43500,0,0
2009-06-04,15.53,15.97,15.36,15.94,10.5895,60700,0,0
2009-06-05,16.04,16.12,15.67,16.01,10.636,33500,0,0
2009-06-08,15.45,16.4,15.45,16.06,10.6693,36500,0,0
2009-06-09,16.11,16.19,15.9,16.02,10.6427,35100,0,0
2009-06-10,16.21,16.21,15.84,16.04,10.656,91300,0,0
2009-06-11,16.07,16.09,15.68,16,10.6294,78700,0,0
2009-06-12,15.82,15.97,15.64,15.8,10.4965,38900,0,0
2009-06-15,15.7,15.7,14.92,15.07,10.0116,67400,0,0
2009-06-16,15.36,15.52,14.79,14.88,9.88534,60900,0,0
2009-06-17,14.84,15.39,14.75,14.75,9.79897,64100,0,0
2009-06-18,14.77,15.12,14.7,14.82,9.84548,32300,0,0
2009-06-19,15,15,14.58,14.59,9.69268,73700,0,0
2009-06-22,14.55,14.92,14.22,14.27,9.48009,56700,0,0
2009-06-23,14.27,14.41,14.02,14.04,9.32729,47300,0,0
2009-06-24,14.21,14.56,14.05,14.1,9.36715,30700,0,0
2009-06-25,14.03,14.41,14.03,14.33,9.51995,37300,0,0
2009-06-26,14.41,14.86,14.41,14.82,9.84548,167900,0,0
2009-06-29,14.84,15.29,14.46,15.26,10.1378,66700,0,0
2009-06-30,15.28,15.34,15.14,15.24,10.1245,49600,0,0
2009-07-01,15.3,15.75,15.29,15.45,10.264,34400,0,0
2009-07-02,15.23,15.53,15.08,15.24,10.1245,52200,0,0
2009-07-06,15.22,15.36,15.21,15.27,10.1444,45700,0,0
2009-07-07,15.23,15.42,15.12,15.23,10.2284,38400,0.165,0
2009-07-08,15.34,15.57,14.99,15.45,10.3761,49600,0,0
2009-07-09,15.51,15.58,14.8,14.85,9.97317,32100,0,0
2009-07-10,14.72,15.03,14.5,15,10.0739,29600,0,0
2009-07-13,15.13,15.67,15.04,15.53,10.4299,33000,0,0
2009-07-14,15.54,15.73,15.53,15.54,10.4366,12600,0,0
2009-07-15,15.55,16.3,15.55,16.14,10.8395,40000,0,0
2009-07-16,16.25,16.36,15.72,16.06,10.7858,38000,0,0
2009-07-17,16.16,16.19,15.58,15.9,10.6783,44500,0,0
2009-07-20,16.03,16.35,15.8,16.21,10.8865,40600,0,0
2009-07-21,16.25,16.33,15.82,15.93,10.6985,31000,0,0
2009-07-22,15.9,16.36,15.85,16.34,10.9738,28600,0,0
2009-07-23,16.4,16.86,16.14,16.64,11.1753,73000,0,0
2009-07-24,16.46,16.64,16,16.55,11.1149,45500,0,0
2009-07-27,16.57,16.74,16.45,16.63,11.1686,34800,0,0
2009-07-28,16.19,16.69,16.19,16.64,11.1753,51000,0,0
2009-07-29,16.45,16.7,16.2,16.52,11.0947,55600,0,0
2009-07-30,16.65,17.59,16.54,17.28,11.6051,53000,0,0
2009-07-31,17.16,17.36,16.71,16.71,11.2223,46100,0,0
2009-08-03,15.59,15.92,14.5,15.92,10.6918,104200,0,0
2009-08-04,15.8,16.25,15.8,16.11,10.8194,42100,0,0
2009-08-05,16.07,16.41,16,16.1,10.8127,60600,0,0
2009-08-06,16.12,16.68,15.97,15.97,10.7254,53600,0,0
2009-08-07,16.11,16.45,16,16.25,10.9134,44900,0,0
2009-08-10,16.1,16.79,15.96,16.54,11.1082,28200,0,0
2009-08-11,16.4,16.58,16.18,16.49,11.0746,43200,0,0
2009-08-12,16.56,16.98,16.47,16.52,11.0947,45900,0,0
2009-08-13,16.56,16.7,16.46,16.59,11.1417,26800,0,0
2009-08-14,16.55,16.67,16.37,16.61,11.1552,36700,0,0
2009-08-17,16.38,16.72,16.01,16.33,10.9671,36500,0,0
2009-08-18,16.37,16.62,16.05,16.45,11.0477,20800,0,0
2009-08-19,16.2,16.78,16.2,16.77,11.2626,24900,0,0
2009-08-20,16.69,16.77,16.1,16.5,11.0813,25200,0,0
2009-08-21,16.74,17.13,16.5,17.05,11.4507,54900,0,0
2009-08-24,17.04,17.13,16.67,17.08,11.4708,32100,0,0
2009-08-25,17.12,17.12,16.58,16.82,11.2962,19700,0,0
2009-08-26,16.75,16.99,16.42,16.99,11.4104,23800,0,0
2009-08-27,16.62,16.99,16.56,16.94,11.3768,10000,0,0
2009-08-28,17,17,16.36,16.51,11.088,26600,0,0
2009-08-31,16.25,16.55,16.25,16.49,11.0746,45500,0,0
2009-09-01,16.5,16.68,15.99,15.99,10.7388,38300,0,0
2009-09-02,15.95,15.99,15.5,15.56,10.45,65600,0,0
2009-09-03,15.57,15.77,15.25,15.61,10.4836,19200,0,0
2009-09-04,15.33,15.87,15.32,15.83,10.6313,40200,0,0
2009-09-08,15.96,16.28,15.8,15.94,10.7052,34000,0,0
2009-09-09,15.82,16.42,15.65,15.96,10.7186,32100,0,0
2009-09-10,15.8,15.95,15.53,15.93,10.6985,65400,0,0
2009-09-11,15.9,15.98,15.51,15.52,10.4231,32800,0,0
2009-09-14,15.45,15.74,15.33,15.38,10.3291,43500,0,0
2009-09-15,15.3,15.65,15.3,15.5,10.4097,30300,0,0
2009-09-16,15.5,15.85,15.37,15.83,10.6313,59400,0,0
2009-09-17,15.9,16.29,15.6,16.25,10.9134,27200,0,0
2009-09-18,16.25,16.29,15.56,15.56,10.45,116300,0,0
2009-09-21,15.46,15.71,15.33,15.42,10.356,29100,0,0
2009-09-22,15.52,15.67,15.4,15.52,10.4231,32700,0,0
2009-09-23,15.49,15.97,15.46,15.79,10.6045,25800,0,0
2009-09-24,15.81,15.82,15.51,15.62,10.4903,24900,0,0
2009-09-25,15.61,16.04,15.59,15.99,10.7388,30900,0,0
2009-09-28,16,16.23,15.65,16.19,10.8731,20800,0,0
2009-09-29,16.25,16.25,15.87,16.04,10.7724,14500,0,0
2009-09-30,16.04,16.04,15.52,15.83,10.6313,48700,0,0
2009-10-01,15.83,15.85,15.51,15.51,10.4164,45700,0,0
2009-10-02,15.54,15.76,15.5,15.53,10.4299,28900,0,0
2009-10-05,15.76,15.81,15.53,15.7,10.544,31100,0,0
2009-10-06,15.72,16,15.51,15.84,10.751,35400,0.165,0
2009-10-07,15.82,15.91,15.6,15.88,10.7782,27900,0,0
2009-10-08,16,16.26,15.78,16.06,10.9004,29600,0,0
2009-10-09,16.13,16.3,15.94,16.15,10.9614,35500,0,0
2009-10-12,16.15,16.29,16.08,16.22,11.009,30000,0,0
2009-10-13,16.25,16.29,15.91,16.23,11.0157,13800,0,0
2009-10-14,16.35,16.53,16.11,16.15,10.9614,28700,0,0
2009-10-15,16.15,16.45,16.15,16.23,11.0157,21200,0,0
2009-10-16,16.16,16.69,16.16,16.56,11.2397,29600,0,0
2009-10-19,16.67,16.77,16.43,16.62,11.2804,21200,0,0
2009-10-20,16.59,16.59,16.3,16.41,11.1379,23800,0,0
2009-10-21,16.64,16.75,15.77,15.87,10.7714,39200,0,0
2009-10-22,15.89,16.73,15.89,16.37,11.1108,23100,0,0
2009-10-23,16.46,16.5,15.74,15.76,10.6967,35600,0,0
2009-10-26,15.82,15.85,15.47,15.47,10.4999,57700,0,0
2009-10-27,15.48,15.79,15.42,15.42,10.466,23500,0,0
2009-10-28,15.44,15.63,15.36,15.36,10.4252,23000,0,0
2009-10-29,15.47,15.67,15.41,15.51,10.5271,35700,0,0
2009-10-30,15.37,15.64,15.18,15.38,10.4388,40600,0,0
2009-11-02,15.43,15.49,15.1,15.48,10.5067,27700,0,0
2009-11-03,15.41,15.62,15.25,15.49,10.5135,21500,0,0
2009-11-04,15.52,15.64,15.17,15.2,10.3167,46900,0,0
2009-11-05,15.32,15.55,15.3,15.5,10.5203,36900,0,0
2009-11-06,15.37,15.58,15.33,15.48,10.5067,18400,0,0
2009-11-09,15.67,15.69,15.5,15.64,10.6153,34000,0,0
2009-11-10,15.52,15.82,15.52,15.73,10.6764,31000,0,0
2009-11-11,15.9,15.94,15.44,15.62,10.6017,17700,0,0
2009-11-12,15.54,15.91,15.21,15.21,10.3234,21700,0,0
2009-11-13,15.25,15.42,15.25,15.37,10.432,12200,0,0
2009-11-16,15.45,16.28,15.45,16.28,11.0497,24100,0,0
2009-11-17,16.23,16.39,15.89,16.3,11.0633,9900,0,0
2009-11-18,16.35,16.43,16.11,16.27,11.0429,9400,0,0
2009-11-19,16.17,16.43,15.6,15.72,10.6696,17100,0,0
2009-11-20,15.66,16.01,15.57,15.72,10.6696,18300,0,0
2009-11-23,15.93,16.37,15.86,16.11,10.9343,16400,0,0
2009-11-24,16.23,16.34,16,16.3,11.0633,9100,0,0
2009-11-25,16.33,16.47,16.07,16.09,10.9207,16000,0,0
2009-11-27,15.53,15.65,15.41,15.45,10.4863,14100,0,0
2009-11-30,15.39,15.73,15.2,15.61,10.5949,45300,0,0
2009-12-01,15.79,15.96,15.48,15.88,10.7782,28700,0,0
2009-12-02,15.89,16.18,15.76,15.91,10.7985,8200,0,0
2009-12-03,15.99,16.11,15.25,15.31,10.3913,30600,0,0
2009-12-04,15.62,16.1,15.62,16.1,10.9275,19000,0,0
2009-12-07,16.07,16.07,15.15,15.36,10.4252,64900,0,0
2009-12-08,15.22,15.53,15.17,15.3,10.3845,44000,0,0
2009-12-09,15.26,15.67,15.11,15.27,10.3642,28800,0,0
2009-12-10,15.37,15.49,15.1,15.19,10.3099,24900,0,0
2009-12-11,15.34,15.34,15.11,15.17,10.2963,54300,0,0
2009-12-14,15.21,15.53,15.1,15.39,10.4456,50800,0,0
2009-12-15,15.45,15.45,15.13,15.22,10.3302,35100,0,0
2009-12-16,15.37,15.58,15.14,15.43,10.4728,24300,0,0
2009-12-17,15.29,15.53,15.1,15.14,10.2759,19000,0,0
2009-12-18,15.3,15.48,15.2,15.47,10.4999,89600,0,0
2009-12-21,15.52,15.62,15.26,15.43,10.4728,37800,0,0
2009-12-22,15.26,15.32,15,15,10.1809,28800,0,0
2009-12-23,15.22,15.43,15.12,15.23,10.337,21300,0,0
2009-12-24,15.33,15.33,15.15,15.15,10.2827,2400,0,0
2009-12-28,15.16,15.59,15.16,15.4,10.4524,18500,0,0
2009-12-29,15.47,15.58,15.22,15.5,10.5203,8800,0,0
2009-12-30,15.4,15.42,15.15,15.23,10.337,55400,0,0
2009-12-31,15.25,15.39,15.1,15.13,10.2691,43500,0,0
2010-01-04,15.39,15.41,15.1,15.17,10.2963,43500,0,0
2010-01-05,15.1,15.24,14.91,14.92,10.238,36800,0.165,0
2010-01-06,14.92,15.07,14.75,14.84,10.1831,62200,0,0
2010-01-07,14.85,14.93,14.62,14.81,10.1625,139100,0,0
2010-01-08,14.8,15,14.77,14.84,10.1831,29600,0,0
2010-01-11,14.94,15.04,14.82,14.96,10.2654,32400,0,0
2010-01-12,14.88,15.03,14.74,14.74,10.1144,50100,0,0
2010-01-13,14.84,14.88,14.66,14.75,10.1213,47100,0,0
2010-01-14,14.83,14.91,14.74,14.77,10.135,25000,0,0
2010-01-15,14.88,14.93,14.74,14.75,10.1213,73100,0,0
2010-01-19,14.82,14.91,14.74,14.79,10.1488,79100,0,0
2010-01-20,14.77,14.97,14.74,14.76,10.1282,94900,0,0
2010-01-21,14.83,14.86,14.52,14.52,9.96349,46700,0,0
2010-01-22,14.5,14.69,14.25,14.42,9.89487,45400,0,0
2010-01-25,14.47,14.55,14,14,9.60667,62100,0,0
2010-01-26,14.04,14.59,14,14.27,9.79194,53100,0,0
2010-01-27,14.15,14.3,14.12,14.18,9.73018,35300,0,0
2010-01-28,14.25,14.41,14.03,14.04,9.63411,60400,0,0
2010-01-29,14.1,14.48,14.1,14.16,9.71646,44800,0,0
2010-02-01,14.27,14.27,13.87,13.94,9.5655,46600,0,0
2010-02-02,13.99,14.11,13.78,13.81,9.4763,58300,0,0
2010-02-03,13.8,13.86,13.4,13.48,9.24985,50000,0,0
2010-02-04,13.45,13.52,13.29,13.29,9.11947,73200,0,0
2010-02-05,13.36,13.42,13.11,13.37,9.17437,32300,0,0
2010-02-08,13.43,13.48,13.13,13.18,9.044,40300,0,0
2010-02-09,13.36,13.4,13.2,13.35,9.16064,41900,0,0
2010-02-10,13.3,13.39,13.18,13.18,9.044,26900,0,0
2010-02-11,13.18,13.54,13.01,13.43,9.21554,49400,0,0
2010-02-12,13.33,13.62,13.1,13.5,9.26357,57000,0,0
2010-02-16,13.51,13.53,13.35,13.43,9.21554,40100,0,0
2010-02-17,13.44,13.84,13.44,13.83,9.49002,40900,0,0
2010-02-18,13.87,14.03,13.75,14,9.60667,59000,0,0
2010-02-19,13.97,14.17,13.9,14.05,9.64098,48800,0,0
2010-02-22,14.12,14.35,14.02,14.28,9.7988,47200,0,0
2010-02-23,14.3,14.45,14.07,14.12,9.68901,29600,0,0
2010-02-24,14.12,14.33,14.06,14.17,9.72332,20700,0,0
2010-02-25,14,14.38,13.96,14.35,9.84684,36100,0,0
2010-02-26,14.4,14.47,14.09,14.09,9.66843,37800,0,0
2010-03-01,14.21,14.75,14.03,14.65,10.0527,97900,0,0
2010-03-02,14.4,14.77,14.34,14.7,10.087,54400,0,0
2010-03-03,14.77,14.94,14.51,14.6,10.0184,48000,0,0
2010-03-04,14.83,14.83,14.26,14.35,9.84684,24300,0,0
2010-03-05,14.38,14.73,14.28,14.73,10.1076,34900,0,0
2010-03-08,14.66,14.9,14.19,14.66,10.0596,25000,0,0
2010-03-09,14.63,14.82,14.6,14.6,10.0184,15200,0,0
2010-03-10,14.73,14.94,14.67,14.83,10.1762,103100,0,0
2010-03-11,14.71,14.95,14.7,14.84,10.1831,12500,0,0
2010-03-12,14.85,14.95,14.71,14.87,10.2037,48600,0,0
2010-03-15,14.89,14.94,14.72,14.78,10.1419,29700,0,0
2010-03-16,14.85,14.95,14.75,14.91,10.2311,15200,0,0
2010-03-17,14.99,15.12,14.97,15.06,10.334,37800,0,0
2010-03-18,15.01,15.21,14.83,15.13,10.3821,16300,0,0
2010-03-19,15.11,15.23,14.75,14.94,10.2517,70700,0,0
2010-03-22,14.83,15.21,14.83,15.04,10.3203,27200,0,0
2010-03-23,15.03,15.1,14.83,15,10.2929,25700,0,0
2010-03-24,14.91,15.16,14.7,14.87,10.2037,24400,0,0
2010-03-25,14.88,15.12,14.84,14.91,10.2311,51900,0,0
2010-03-26,15,15.2,14.84,15.14,10.3889,54100,0,0
2010-03-29,15.26,15.32,14.88,14.97,10.2723,45600,0,0
2010-03-30,15.05,15.32,15.05,15.08,10.3478,34900,0,0
2010-03-31,14.98,15.34,14.98,15.03,10.3134,43000,0,0
2010-04-01,15.04,15.26,14.89,15.11,10.3683,32100,0,0
2010-04-05,15.13,15.71,15.11,15.71,10.7801,91200,0,0
2010-04-06,15.33,15.61,15.33,15.55,10.7835,40200,0.165,0
2010-04-07,15.58,15.63,15.33,15.55,10.7835,28500,0,0
2010-04-08,15.5,15.51,15.22,15.51,10.7558,59300,0,0
2010-04-09,15.54,15.57,15.23,15.25,10.5755,26100,0,0
2010-04-12,15.33,15.54,15.25,15.34,10.6379,47400,0,0
2010-04-13,15.4,15.7,15.36,15.66,10.8598,52000,0,0
2010-04-14,15.7,15.7,15.31,15.68,10.8737,47500,0,0
2010-04-15,15.62,15.79,15.61,15.77,10.9361,20600,0,0
2010-04-16,15.77,15.8,15.66,15.7,10.8875,29500,0,0
2010-04-19,15.71,15.72,15.41,15.58,10.8043,20400,0,0
2010-04-20,15.64,16.81,15.61,16.81,11.6573,83700,0,0
2010-04-21,16.86,16.92,16.38,16.7,11.581,27100,0,0
2010-04-22,16.58,16.77,16.49,16.76,11.6226,24500,0,0
2010-04-23,16.81,16.96,16.5,16.96,11.7613,20500,0,0
2010-04-26,16.89,16.94,16.09,16.24,11.262,48800,0,0
2010-04-27,16.2,16.35,16.2,16.28,11.2898,26500,0,0
2010-04-28,16.37,16.45,16.32,16.37,11.3522,14700,0,0
2010-04-29,16.5,16.5,16.33,16.5,11.4423,24700,0,0
2010-04-30,16.55,16.55,16,16.03,11.1164,40900,0,0
2010-05-03,16.04,16.25,15.84,16.16,11.2066,45600,0,0
2010-05-04,15.9,15.9,15.26,15.39,10.6726,54100,0,0
2010-05-05,15.26,15.4,15.09,15.11,10.4784,35300,0,0
2010-05-06,15.02,15.4,14,14.6,10.1247,53700,0,0
2010-05-07,14.65,14.78,14.08,14.14,9.80572,75200,0,0
2010-05-10,14.78,15.18,14.6,14.95,10.3674,66600,0,0
2010-05-11,14.76,15.45,14.76,15.39,10.6726,33000,0,0
2010-05-12,15.57,15.9,15.36,15.81,10.9638,46700,0,0
2010-05-13,15.71,15.98,15.67,15.84,10.9846,35900,0,0
2010-05-14,15.72,15.72,15.13,15.63,10.839,25700,0,0
2010-05-17,15.75,15.92,15.17,15.61,10.8251,36100,0,0
2010-05-18,15.86,15.86,15.15,15.28,10.5963,26900,0,0
2010-05-19,15.27,15.66,15.23,15.37,10.6587,29600,0,0
2010-05-20,15.02,15.3,14.83,14.89,10.3258,47400,0,0
2010-05-21,14.63,15.2,14.63,15.18,10.5269,48300,0,0
2010-05-24,15.12,15.29,14.86,14.9,10.3328,16400,0,0
2010-05-25,14.61,14.99,14.61,14.84,10.2912,34800,0,0
2010-05-26,14.9,15.13,14.87,14.98,10.3882,65800,0,0
2010-05-27,15.33,15.33,15,15.3,10.6102,36000,0,0
2010-05-28,15.22,15.37,15.15,15.19,10.5339,37700,0,0
2010-06-01,15.21,15.3,14.85,14.87,10.312,23200,0,0
2010-06-02,14.99,15.27,14.94,15.26,10.5824,54400,0,0
2010-06-03,15.22,15.5,14.98,15.28,10.5963,37300,0,0
2010-06-04,14.88,15.37,14.56,14.63,10.1455,88500,0,0
2010-06-07,14.68,14.94,14.66,14.71,10.201,33300,0,0
2010-06-08,14.98,14.98,14.6,14.68,10.1802,24700,0,0
2010-06-09,14.86,14.97,14.52,14.58,10.1109,35100,0,0
2010-06-10,14.85,14.94,14.68,14.86,10.305,49900,0,0
2010-06-11,14.8,15.13,14.73,15.12,10.4853,35300,0,0
2010-06-14,15.28,15.48,14.79,14.84,10.2912,48300,0,0
2010-06-15,14.99,15.46,14.79,15.44,10.7072,47900,0,0
2010-06-16,15.29,15.55,15.18,15.42,10.6934,33600,0,0
2010-06-17,15.54,15.65,15.4,15.59,10.8113,20400,0,0
2010-06-18,15.7,15.7,15.18,15.52,10.7627,49100,0,0
2010-06-21,15.7,15.7,15.25,15.32,10.624,24000,0,0
2010-06-22,15.42,15.53,15.25,15.26,10.5824,12700,0,0
2010-06-23,15.2,15.46,15.06,15.41,10.6864,13000,0,0
2010-06-24,15.26,15.32,15.08,15.16,10.5131,14900,0,0
2010-06-25,15.21,16.2,14.95,16.03,11.1164,177800,0,0
2010-06-28,15.92,16.21,15.69,15.9,11.0262,30400,0,0
2010-06-29,15.6,15.67,15.2,15.3,10.6102,31400,0,0
2010-06-30,15.26,15.49,15.05,15.05,10.4368,30600,0,0
2010-07-01,15.11,15.11,14.78,14.98,10.3882,25100,0,0
2010-07-02,15.05,15.05,14.78,14.89,10.3258,27100,0,0
2010-07-06,14.86,15.02,14.52,14.52,10.2975,26200,0.33,0
2010-07-07,14.62,14.98,14.6,14.98,10.6237,25000,0,0
2010-07-08,15.07,15.07,14.89,15.06,10.6804,18800,0,0
2010-07-09,15.09,15.49,15.09,15.3,10.8506,21600,0,0
2010-07-12,15.29,15.29,14.98,15.15,10.7443,21500,0,0
2010-07-13,15.4,15.8,15.28,15.74,11.1627,31400,0,0
2010-07-14,15.65,15.8,15.27,15.47,10.9712,23500,0,0
2010-07-15,15.54,15.55,15.24,15.36,10.8932,7800,0,0
2010-07-16,15.19,15.3,14.96,15,10.6379,45100,0,0
2010-07-19,15.07,15.29,15.05,15.21,10.7868,16100,0,0
2010-07-20,15.08,15.5,15.08,15.49,10.9854,14900,0,0
2010-07-21,15.56,15.65,15,15.01,10.645,14200,0,0
2010-07-22,15.28,15.69,15.1,15.67,11.113,24000,0,0
2010-07-23,15.57,15.94,15.35,15.92,11.2903,40700,0,0
2010-07-26,15.94,16.3,15.68,16.29,11.5527,26100,0,0
2010-07-27,16.36,16.45,16.12,16.22,11.5031,27800,0,0
2010-07-28,16.21,16.38,16.05,16.12,11.4322,18300,0,0
2010-07-29,16.29,16.4,16.13,16.38,11.6166,11800,0,0
2010-07-30,15.22,16.3,15.22,16.26,11.5315,27300,0,0
2010-08-02,16.46,16.46,15.83,16.23,11.5102,33500,0,0
2010-08-03,16.21,16.27,15.87,15.97,11.3258,35600,0,0
2010-08-04,15.9,16.31,15.79,16.31,11.5669,22800,0,0
2010-08-05,16.21,16.34,15.93,15.94,11.3045,24100,0,0
2010-08-06,15.77,16.28,15.68,16.27,11.5385,22200,0,0
2010-08-09,16.3,16.49,16.1,16.49,11.6946,23600,0,0
2010-08-10,16.25,16.37,16,16.17,11.4676,24200,0,0
2010-08-11,15.92,16.37,15.33,15.35,10.8861,37600,0,0
2010-08-12,15.18,15.47,15.15,15.22,10.7939,19100,0,0
2010-08-13,15.14,15.3,14.87,14.87,10.5457,28700,0,0
2010-08-16,14.84,15.25,14.84,15.02,10.6521,25600,0,0
2010-08-17,15.18,15.44,15.02,15.16,10.7513,41500,0,0
2010-08-18,15.1,15.17,15.02,15.1,10.7088,14700,0,0
2010-08-19,15.01,15.1,14.53,14.53,10.3046,41600,0,0
2010-08-20,14.47,14.48,14.28,14.34,10.1698,43700,0,0
2010-08-23,14.36,14.67,14.14,14.14,10.028,34500,0,0
2010-08-24,14.01,14.41,14.01,14.2,10.0705,17500,0,0
2010-08-25,14.09,14.7,14.09,14.65,10.3897,18100,0,0
2010-08-26,14.76,14.76,14.39,14.43,10.2336,9600,0,0
2010-08-27,14.64,15.02,14.44,14.93,10.5882,34800,0,0
2010-08-30,14.83,15.13,14.52,14.53,10.3046,40600,0,0
2010-08-31,14.57,14.94,14.54,14.69,10.418,26000,0,0
2010-09-01,15.04,15.89,15.04,15.82,11.2194,43000,0,0
2010-09-02,15.76,15.89,15.69,15.69,11.1272,18700,0,0
2010-09-03,15.92,15.95,15.72,15.92,11.2903,16100,0,0
2010-09-07,15.89,15.95,15.51,15.54,11.0208,25500,0,0
2010-09-08,15.63,15.81,15.62,15.71,11.1414,11100,0,0
2010-09-09,15.88,15.88,15.4,15.49,10.9854,8600,0,0
2010-09-10,15.61,15.71,15.26,15.52,11.0067,19500,0,0
2010-09-13,15.63,16.25,15.57,16.14,11.4464,36400,0,0
2010-09-14,16.1,16.38,15.9,16.28,11.5456,34200,0,0
2010-09-15,15.59,16.33,15.59,16.27,11.5385,12500,0,0
2010-09-16,16.29,16.29,16.05,16.12,11.4322,16700,0,0
2010-09-17,16.3,16.3,15.84,15.89,11.2691,46900,0,0
2010-09-20,15.91,16.3,15.57,16.3,11.5598,38900,0,0
2010-09-21,16.04,16.44,16.04,16.13,11.4393,15300,0,0
2010-09-22,16.04,16.26,16,16.02,11.3612,6900,0,0
2010-09-23,15.98,16.33,15.9,15.98,11.3329,17500,0,0
2010-09-24,16.27,16.55,16.14,16.53,11.7229,34700,0,0
2010-09-27,16.45,16.61,16.34,16.46,11.6733,13300,0,0
2010-09-28,16.55,16.63,16.32,16.62,11.7868,19200,0,0
2010-09-29,16.52,16.92,16.37,16.82,11.9286,27900,0,0
2010-09-30,16.81,16.92,16.35,16.61,11.7797,38400,0,0
2010-10-01,16.79,16.79,16.36,16.68,11.8293,22400,0,0
2010-10-04,16.67,16.72,16.38,16.63,11.7939,30600,0,0
2010-10-05,16.61,17.29,16.41,17.25,12.3561,42100,0.165,0
2010-10-06,17.16,17.4,17.14,17.23,12.3418,22900,0,0
2010-10-07,17.29,17.29,16.86,16.88,12.0911,22500,0,0
2010-10-08,16.94,17.39,16.88,17.32,12.4063,25100,0,0
2010-10-11,17.25,17.3,17.07,17.12,12.263,12700,0,0
2010-10-12,17.11,17.29,16.86,17.28,12.3776,17900,0,0
2010-10-13,17.3,17.93,17.1,17.83,12.7716,26900,0,0
2010-10-14,17.86,18.01,17.72,17.93,12.8432,17100,0,0
2010-10-15,18.23,18.31,18,18.12,12.9793,39300,0,0
2010-10-18,18.19,18.84,18.19,18.83,13.4879,17900,0,0
2010-10-19,18.5,18.5,17.97,18.04,12.922,23900,0,0
2010-10-20,18.22,18.64,18.15,18.57,13.3017,14900,0,0
2010-10-21,18.72,18.73,17.89,17.99,12.8862,29200,0,0
2010-10-22,18,18.22,17.79,18.07,12.9435,13400,0,0
2010-10-25,18.34,18.62,17.88,18.19,13.0295,20800,0,0
2010-10-26,18.03,18.54,17.98,18.41,13.1871,23500,0,0
2010-10-27,18.3,18.34,17.95,18.11,12.9722,19200,0,0
2010-10-28,18.35,18.39,18.06,18.31,13.1154,10400,0,0
2010-10-29,18.31,18.39,18.2,18.36,13.1512,10300,0,0
2010-11-01,18.65,18.65,17.86,18.09,12.9578,30100,0,0
2010-11-02,18.26,19.12,18.19,19.09,13.6741,34300,0,0
2010-11-03,19.17,19.17,18.65,18.96,13.581,17700,0,0
2010-11-04,19.16,19.87,19.04,19.87,14.2329,41200,0,0
2010-11-05,19.87,19.99,19.52,19.86,14.2257,15800,0,0
2010-11-08,19.76,19.82,19.01,19.79,14.1755,40500,0,0
2010-11-09,19.75,19.75,19.44,19.59,14.0323,23200,0,0
2010-11-10,19.66,19.97,19.4,19.94,14.283,17400,0,0
2010-11-11,19.67,19.89,19.32,19.64,14.0681,28900,0,0
2010-11-12,19.51,19.69,19.01,19.4,13.8962,29800,0,0
2010-11-15,19.46,19.98,19.41,19.83,14.2042,19500,0,0
2010-11-16,19.62,19.75,18.81,19.11,13.6885,47000,0,0
2010-11-17,19.23,19.24,18.77,18.78,13.4521,20500,0,0
2010-11-18,19.03,19.04,18.88,18.91,13.5452,18700,0,0
2010-11-19,18.94,18.94,18.66,18.68,13.3805,26400,0,0
2010-11-22,18.61,18.72,18.41,18.61,13.3303,16600,0,0
2010-11-23,18.38,18.82,18.15,18.29,13.1011,16400,0,0
2010-11-24,18.5,19.37,18.41,19.36,13.8675,28200,0,0
2010-11-26,19.18,19.35,19.18,19.18,13.7386,3400,0,0
2010-11-29,19.01,19.2,18.65,18.7,13.3948,25900,0,0
2010-11-30,18.59,18.72,18.41,18.65,13.359,31400,0,0
2010-12-01,19.06,19.56,18.85,19.26,13.7959,51600,0,0
2010-12-02,19.26,19.26,18.77,18.84,13.4951,18300,0,0
2010-12-03,18.68,18.87,18.6,18.74,13.4234,26900,0,0
2010-12-06,18.77,20.45,18.7,20.35,14.5767,47400,0,0
2010-12-07,20.35,20.43,19.74,20.1,14.3976,69500,0,0
2010-12-08,20.07,20.31,19.99,20.18,14.4549,30400,0,0
2010-12-09,20.4,20.4,19.94,20.11,14.4048,48900,0,0
2010-12-10,19.99,20.34,19.58,20.2,14.4692,31900,0,0
2010-12-13,20.4,20.4,20.13,20.13,14.4191,32400,0,0
2010-12-14,20.15,20.25,20.01,20.25,14.505,49700,0,0
2010-12-15,20.18,20.33,20.09,20.11,14.4048,34100,0,0
2010-12-16,20.31,20.31,20.06,20.21,14.4764,33100,0,0
2010-12-17,20.28,20.28,20,20.01,14.3331,86000,0,0
2010-12-20,20.25,20.25,19.91,19.91,14.2615,37300,0,0
2010-12-21,20.09,20.39,19.82,19.86,14.2257,18600,0,0
2010-12-22,20.03,20.12,19.9,20.04,14.3546,18200,0,0
2010-12-23,20.07,20.07,19.72,19.73,14.1326,19900,0,0
2010-12-27,19.75,19.92,19.4,19.9,14.2543,25000,0,0
2010-12-28,19.9,19.95,19.54,19.55,14.0036,29500,0,0
2010-12-29,19.54,19.85,19.54,19.67,14.0896,25200,0,0
2010-12-30,19.72,19.82,19.55,19.55,14.0036,22300,0,0
2010-12-31,19.57,19.73,19.2,19.2,13.7529,32900,0,0
2011-01-03,19.31,20,19.31,19.88,14.24,78300,0,0
2011-01-04,19.82,19.91,18.75,18.76,13.5502,52900,0.165,0
2011-01-05,18.8,18.98,18.38,18.68,13.4924,26100,0,0
2011-01-06,18.74,18.92,18.58,18.85,13.6152,25800,0,0
2011-01-07,18.95,19.05,18.44,18.72,13.5213,30300,0,0
2011-01-10,18.51,19.18,18.29,19.13,13.8175,38100,0,0
2011-01-11,19.25,19.46,19.06,19.23,13.8897,54200,0,0
2011-01-12,19.55,19.59,19.3,19.55,14.1208,81300,0,0
2011-01-13,19.45,19.85,19.31,19.84,14.3303,77200,0,0
2011-01-14,19.88,19.89,19.36,19.48,14.0703,49200,0,0
2011-01-18,19.31,19.5,19.21,19.22,13.8825,56400,0,0
2011-01-19,19.19,19.21,18.12,18.17,13.1241,46900,0,0
2011-01-20,18.1,18.63,18.1,18.38,13.2758,32400,0,0
2011-01-21,18.53,18.72,18.12,18.14,13.1024,36000,0,0
2011-01-24,18.22,20,18.22,19.7,14.2292,88500,0,0
2011-01-25,19.57,19.74,19.4,19.72,14.2436,29200,0,0
2011-01-26,19.75,19.75,19.07,19.74,14.2581,22300,0,0
2011-01-27,19.74,19.9,19.6,19.66,14.2003,15900,0,0
2011-01-28,19.57,19.73,18.6,18.79,13.5719,41300,0,0
2011-01-31,19.04,19.76,18.68,19.37,13.9908,45700,0,0
2011-02-01,19.51,20,19.21,19.96,14.417,30600,0,0
2011-02-02,19.93,20.03,19.64,19.83,14.3231,16900,0,0
2011-02-03,19.74,19.96,19.48,19.87,14.352,12000,0,0
2011-02-04,19.82,19.89,19.27,19.76,14.2725,29700,0,0
2011-02-07,19.7,20.02,19.52,19.98,14.4314,22400,0,0
2011-02-08,19.92,20.08,19.87,20,14.4459,59700,0,0
2011-02-09,19.97,20.08,19.89,19.99,14.4386,20800,0,0
2011-02-10,19.9,20.04,19.83,19.9,14.3736,20500,0,0
2011-02-11,19.72,20.09,19.7,20.08,14.5037,21200,0,0
2011-02-14,20.08,20.1,19.86,19.89,14.3664,22800,0,0
2011-02-15,19.89,19.89,19.68,19.84,14.3303,16200,0,0
2011-02-16,19.76,19.79,19.63,19.7,14.2292,13700,0,0
2011-02-17,19.6,19.81,19.6,19.8,14.3014,26700,0,0
2011-02-18,19.91,19.91,19.59,19.67,14.2075,21900,0,0
2011-02-22,19.39,19.53,19,19.01,13.7308,30800,0,0
2011-02-23,19.08,19.11,18.55,18.59,13.4274,31000,0,0
2011-02-24,18.63,18.71,18.27,18.65,13.4708,46800,0,0
2011-02-25,18.66,19,18.6,18.97,13.7019,14500,0,0
2011-02-28,19.21,19.59,19.02,19.23,13.8897,42500,0,0
2011-03-01,19.36,19.44,18.81,18.87,13.6297,19500,0,0
2011-03-02,18.83,19.14,18.68,18.74,13.5358,17600,0,0
2011-03-03,18.98,19.56,18.98,19.38,13.998,19000,0,0
2011-03-04,19.34,19.36,19.04,19.12,13.8102,14700,0,0
2011-03-07,19.34,19.34,18.25,18.55,13.3985,42800,0,0
2011-03-08,18.53,18.89,18.32,18.75,13.543,36200,0,0
2011-03-09,18.68,19.42,18.68,19.34,13.9692,19600,0,0
2011-03-10,19.06,19.25,18.58,18.77,13.5574,40800,0,0
2011-03-11,18.73,18.78,18.42,18.59,13.4274,19500,0,0
2011-03-14,18.41,18.7,18.41,18.44,13.3191,15300,0,0
2011-03-15,18.25,18.41,18.2,18.24,13.1746,17000,0,0
2011-03-16,18.18,18.35,18.08,18.09,13.0663,48900,0,0
2011-03-17,18.41,18.41,18.01,18.06,13.0446,19300,0,0
2011-03-18,18.22,18.73,18.05,18.57,13.413,83400,0,0
2011-03-21,18.74,19.59,18.72,19.59,14.1497,38100,0,0
2011-03-22,19.67,19.81,19.57,19.65,14.1931,21700,0,0
2011-03-23,19.56,19.94,19.34,19.88,14.3592,16100,0,0
2011-03-24,19.97,20,19.4,19.8,14.3014,21600,0,0
2011-03-25,19.86,20,19.76,19.83,14.3231,22600,0,0
2011-03-28,19.82,19.82,19.22,19.22,13.8825,18600,0,0
2011-03-29,19.22,19.65,19.2,19.57,14.1353,8700,0,0
2011-03-30,19.67,19.98,19.57,19.95,14.4098,15000,0,0
2011-03-31,19.86,19.86,19.6,19.81,14.3086,18500,0,0
2011-04-01,19.92,20,19.61,19.72,14.2436,13000,0,0
2011-04-04,19.92,19.92,19.36,19.45,14.0486,21100,0,0
2011-04-05,19.23,19.28,18.83,19.15,13.9503,18000,0.165,0
2011-04-06,19.21,19.69,19.21,19.52,14.2198,17700,0,0
2011-04-07,19.59,19.69,19.14,19.15,13.9503,13600,0,0
2011-04-08,19.27,19.27,18.36,18.41,13.4112,23600,0,0
2011-04-11,18.54,18.95,18.4,18.41,13.4112,26500,0,0
2011-04-12,18.33,18.43,18.08,18.1,13.1854,26800,0,0
2011-04-13,18.32,18.66,18.32,18.44,13.433,33000,0,0
2011-04-14,18.41,18.5,18.17,18.26,13.3019,20800,0,0
2011-04-15,18.19,18.9,18.19,18.86,13.739,27700,0,0
2011-04-18,18.56,18.8,18.26,18.34,13.3602,38100,0,0
2011-04-19,18.52,18.61,18.09,18.19,13.2509,40900,0,0
2011-04-20,18.61,18.91,18.49,18.77,13.6734,22700,0,0
2011-04-21,18.96,18.96,18.39,18.57,13.5278,19000,0,0
2011-04-25,18.6,18.96,18.51,18.69,13.6152,36000,0,0
2011-04-26,18.88,19.12,18.65,19.06,13.8847,42400,0,0
2011-04-27,19.11,19.14,18.58,19.14,13.943,37000,0,0
2011-04-28,19.07,19.08,18.83,19.02,13.8556,29000,0,0
2011-04-29,19.09,19.1,18.81,19.01,13.8483,28000,0,0
2011-05-02,18.96,18.96,18.25,18.28,13.3165,31000,0,0
2011-05-03,18.25,18.84,18.25,18.55,13.5132,39000,0,0
2011-05-04,18.52,18.69,18.18,18.3,13.3311,38300,0,0
2011-05-05,18.21,18.72,18.14,18.23,13.2801,24000,0,0
2011-05-06,18.55,18.63,18.11,18.29,13.3238,34000,0,0
2011-05-09,18.2,18.56,18.1,18.11,13.1927,40000,0,0
2011-05-10,18.14,19.1,18.07,19.09,13.9066,36800,0,0
2011-05-11,19.04,19.11,18.54,18.59,13.5423,28800,0,0
2011-05-12,18.52,19.1,18.52,19.07,13.892,17600,0,0
2011-05-13,19,19.04,18.65,18.65,13.586,15000,0,0
2011-05-16,18.59,18.7,18.27,18.27,13.3092,29300,0,0
2011-05-17,18.22,18.32,17.85,17.9,13.0397,49200,0,0
2011-05-18,17.99,18.14,17.79,18.13,13.2072,27700,0,0
2011-05-19,18.19,18.19,17.81,17.9,13.0397,35500,0,0
2011-05-20,17.75,18.92,17.39,18.6,13.5496,92700,0,0
2011-05-23,18.27,18.6,17.81,17.81,12.9741,52800,0,0
2011-05-24,17.84,18.22,17.5,17.52,12.7629,53000,0,0
2011-05-25,17.47,17.6,17.33,17.36,12.6463,28700,0,0
2011-05-26,17.33,17.65,17.3,17.49,12.741,36000,0,0
2011-05-27,17.63,17.63,17.4,17.45,12.7119,16200,0,0
2011-05-31,17.57,17.82,17.57,17.8,12.9668,169800,0,0
2011-06-01,17.75,17.88,17.02,17.05,12.4205,97000,0,0
2011-06-02,17.05,17.2,17.02,17.05,12.4205,18500,0,0
2011-06-03,16.65,17.11,16.16,16.45,11.9834,45000,0,0
2011-06-06,16.36,16.58,16.22,16.4,11.947,26500,0,0
2011-06-07,16.53,17.14,16.46,16.76,12.2092,32400,0,0
2011-06-08,16.64,16.75,16.24,16.24,11.8304,22500,0,0
2011-06-09,16.3,16.31,16.1,16.18,11.7867,16900,0,0
2011-06-10,16.09,16.18,15.86,15.91,11.59,30000,0,0
2011-06-13,15.99,16.11,15.75,15.78,11.4953,62500,0,0
2011-06-14,16.02,16.19,15.85,16.18,11.7867,33500,0,0
2011-06-15,16,16.15,15.76,16.04,11.6847,34400,0,0
2011-06-16,16.06,17.1,15.97,16.99,12.3768,42500,0,0
2011-06-17,17.15,17.17,16.7,16.89,12.3039,61900,0,0
2011-06-20,16.91,17.08,16.75,16.98,12.3695,29600,0,0
2011-06-21,17.04,17.15,16.69,16.98,12.3695,39000,0,0
2011-06-22,16.81,17.1,16.64,16.64,12.1218,15600,0,0
2011-06-23,16.44,16.63,16.18,16.33,11.896,18200,0,0
2011-06-24,16.35,16.41,15.9,15.97,11.6337,165000,0,0
2011-06-27,16.04,16.42,16.02,16.36,11.9178,28000,0,0
2011-06-28,16.38,16.86,16.38,16.69,12.1582,22700,0,0
2011-06-29,16.78,16.97,16.15,16.25,11.8377,41500,0,0
2011-06-30,16.32,16.63,16.32,16.55,12.0562,22000,0,0
2011-07-01,16.48,17.06,16.46,16.97,12.3622,66000,0,0
2011-07-05,16.79,17.01,16.59,16.79,12.3512,28800,0.165,0
2011-07-06,16.72,17.17,16.55,17.14,12.6086,35100,0,0
2011-07-07,17.28,17.48,17.11,17.37,12.7778,27000,0,0
2011-07-08,17.22,17.35,17.22,17.28,12.7116,21600,0,0
2011-07-11,17.03,17.26,16.93,17.01,12.513,43600,0,0
2011-07-12,16.92,17.17,16.75,16.75,12.3217,19100,0,0
2011-07-13,16.83,17.1,16.75,16.98,12.4909,22700,0,0
2011-07-14,17.05,17.05,16.61,16.63,12.2335,13900,0,0
2011-07-15,16.66,16.82,16.58,16.76,12.3291,41300,0,0
2011-07-18,16.81,16.89,16.59,16.63,12.2335,24900,0,0
2011-07-19,16.78,17.18,16.78,17.15,12.616,25300,0,0
2011-07-20,17.18,17.18,16.77,16.92,12.4468,13100,0,0
2011-07-21,17.05,17.15,16.63,16.97,12.4836,17200,0,0
2011-07-22,17.01,17.01,16.66,16.82,12.3732,47300,0,0
2011-07-25,16.66,16.95,16.64,16.66,12.2555,34300,0,0
2011-07-26,16.7,16.91,16.26,16.34,12.0201,24100,0,0
2011-07-27,16.27,16.45,15.81,15.91,11.7038,43700,0,0
2011-07-28,15.89,16.32,15.5,15.51,11.4096,33200,0,0
2011-07-29,15.28,15.72,15.14,15.4,11.3286,29800,0,0
2011-08-01,15.88,16.4,15.5,16.18,11.9024,49400,0,0
2011-08-02,16.05,16.48,15.9,15.91,11.7038,31100,0,0
2011-08-03,15.95,16.33,15.7,16.17,11.8951,31600,0,0
2011-08-04,15.97,16.8,15.96,15.99,11.7627,56400,0,0
2011-08-05,16.24,16.4,15.56,15.73,11.5714,33100,0,0
2011-08-08,15.32,15.94,14.53,14.53,10.6886,88200,0,0
2011-08-09,15.17,16.23,14.25,15.85,11.6597,75400,0,0
2011-08-10,15.27,15.5,14.12,14.2,10.4459,54800,0,0
2011-08-11,14.19,14.86,14.19,14.49,10.6592,63700,0,0
2011-08-12,14.59,15.02,14.21,14.31,10.5268,44400,0,0
2011-08-15,14.56,14.92,14.44,14.77,10.8652,103200,0,0
2011-08-16,14.62,15.1,14.47,14.54,10.696,45000,0,0
2011-08-17,14.57,14.9,14.56,14.72,10.8284,35700,0,0
2011-08-18,14.28,14.78,14.11,14.16,10.4165,59100,0,0
2011-08-19,14.1,14.82,14.08,14.1,10.3723,39300,0,0
2011-08-22,14.43,14.43,14.05,14.1,10.3723,33300,0,0
2011-08-23,14.19,15.05,14.11,14.73,10.8358,81700,0,0
2011-08-24,14.75,14.94,14.53,14.71,10.8211,24700,0,0
2011-08-25,14.89,14.89,14.14,14.14,10.4017,32200,0,0
2011-08-26,14.1,14.43,14.1,14.35,10.5562,28000,0,0
2011-08-29,14.5,15.8,14.48,15.72,11.564,57100,0,0
2011-08-30,15.63,15.63,15.28,15.34,11.2845,25000,0,0
2011-08-31,15.47,15.5,15.3,15.33,11.2771,29300,0,0
2011-09-01,15.39,15.54,14.53,14.63,10.7622,43100,0,0
2011-09-02,14.48,14.74,14.28,14.36,10.5636,47300,0,0
2011-09-06,14.05,14.49,14.05,14.43,10.6151,29700,0,0
2011-09-07,14.7,14.76,14.35,14.6,10.7401,34900,0,0
2011-09-08,14.55,14.65,14.1,14.34,10.5489,33300,0,0
2011-09-09,14.3,14.6,14.12,14.4,10.593,51200,0,0
2011-09-12,14.18,14.52,14.14,14.4,10.593,23200,0,0
2011-09-13,14.18,14.45,14.18,14.4,10.593,26700,0,0
2011-09-14,14.5,14.58,14.16,14.4,10.593,46400,0,0
2011-09-15,14.62,14.79,14.22,14.44,10.6224,35800,0,0
2011-09-16,14.59,14.59,14.26,14.41,10.6004,72700,0,0
2011-09-19,14.19,14.44,14.17,14.26,10.49,26400,0,0
2011-09-20,14.27,14.51,14.17,14.17,10.4238,33300,0,0
2011-09-21,14.2,14.61,14.19,14.39,10.5857,52200,0,0
2011-09-22,14.13,14.5,14.02,14.06,10.3429,78600,0,0
2011-09-23,14.06,14.33,14.01,14.11,10.3797,47300,0,0
2011-09-26,14.41,14.9,14.11,14.86,10.9314,35200,0,0
2011-09-27,15.12,15.17,14.5,14.67,10.7916,47200,0,0
2011-09-28,14.64,14.7,14.23,14.23,10.468,46200,0,0
2011-09-29,14.58,14.61,14.15,14.61,10.7475,30800,0,0
2011-09-30,14.33,14.56,14.24,14.24,10.4753,35100,0,0
2011-10-03,14.21,14.58,14.01,14.05,10.3355,75800,0,0
2011-10-04,13.96,14.94,13.96,14.93,11.1134,77400,0.165,0
2011-10-05,14.9,14.9,14.16,14.28,10.6296,26000,0,0
2011-10-06,14.29,14.5,14.28,14.49,10.7859,30900,0,0
2011-10-07,14.26,14.44,14.01,14.18,10.5551,37800,0,0
2011-10-10,14.47,14.66,14.18,14.65,10.905,57600,0,0
2011-10-11,14.49,15.03,14.49,14.96,11.1357,33200,0,0
2011-10-12,15.02,15.4,14.78,15.18,11.2995,43900,0,0
2011-10-13,15.09,15.35,14.56,15.19,11.3069,24400,0,0
2011-10-14,15.32,15.41,14.89,15.25,11.3516,27600,0,0
2011-10-17,15.07,15.35,14.76,14.86,11.0613,32300,0,0
2011-10-18,14.95,15.51,14.73,15.38,11.4484,38300,0,0
2011-10-19,15.38,15.67,14.92,15.02,11.1804,29200,0,0
2011-10-20,15.11,15.24,14.8,15.06,11.2102,16700,0,0
2011-10-21,15.41,15.41,14.94,15.15,11.2772,29000,0,0
2011-10-24,15.2,15.6,15.04,15.35,11.426,54200,0,0
2011-10-25,15.2,15.23,14.5,14.54,10.8231,45600,0,0
2011-10-26,14.77,15.05,14.47,15,11.1655,38000,0,0
2011-10-27,15.49,15.49,14.46,14.88,11.0762,124600,0,0
2011-10-28,14.83,15.29,14.79,15.2,11.3144,58700,0,0
2011-10-31,15.01,15.31,14.95,15.1,11.2399,57900,0,0
2011-11-01,15.09,15.42,14.78,15.05,11.2027,71200,0,0
2011-11-02,15.6,15.65,14.95,15.35,11.426,47400,0,0
2011-11-03,15.54,15.6,14.89,15.57,11.5898,37100,0,0
2011-11-04,15.42,15.49,15.04,15.38,11.4484,26100,0,0
2011-11-07,15.37,15.74,15.13,15.61,11.6196,39300,0,0
2011-11-08,15.65,15.65,15.18,15.56,11.5824,45100,0,0
2011-11-09,15.3,15.52,14.95,14.99,11.1581,44900,0,0
2011-11-10,15.27,15.79,15.15,15.77,11.7387,33200,0,0
2011-11-11,15.88,15.88,15.62,15.8,11.761,38800,0,0
2011-11-14,15.65,15.67,15.22,15.28,11.3739,27800,0,0
2011-11-15,15.36,15.57,15.06,15.52,11.5526,29100,0,0
2011-11-16,15.42,15.74,15.32,15.32,11.4037,30200,0,0
2011-11-17,15.41,15.41,15.01,15.05,11.2027,25400,0,0
2011-11-18,15.04,15.27,15,15.22,11.3293,22200,0,0
2011-11-21,15,15.22,14.85,14.9,11.0911,30100,0,0
2011-11-22,14.93,14.93,14.34,14.49,10.7859,36900,0,0
2011-11-23,14.4,14.47,14.12,14.21,10.5775,57000,0,0
2011-11-25,14.18,14.49,14.17,14.18,10.5551,30000,0,0
2011-11-28,14.59,14.59,14.13,14.37,10.6966,65300,0,0
2011-11-29,14.39,14.46,14.17,14.33,10.6668,29900,0,0
2011-11-30,14.55,15.45,14.4,15.42,11.4781,93800,0,0
2011-12-01,15.32,15.32,14.9,14.91,11.0985,48300,0,0
2011-12-02,15.16,15.16,14.94,15,11.1655,37800,0,0
2011-12-05,15,15.22,14.96,15,11.1655,151900,0,0
2011-12-06,15.03,15.07,14.81,14.98,11.1506,38700,0,0
2011-12-07,14.93,15.27,14.83,15.17,11.2921,36900,0,0
2011-12-08,15.09,15.14,14.83,14.84,11.0464,28000,0,0
2011-12-09,14.97,15.24,14.92,14.97,11.1432,47500,0,0
2011-12-12,14.9,15.29,14.9,15.06,11.2102,110300,0,0
2011-12-13,15.3,15.3,14.78,14.81,11.0241,70600,0,0
2011-12-14,14.72,15.02,14.66,14.67,10.9199,56000,0,0
2011-12-15,14.97,15.23,14.86,15.05,11.2027,46400,0,0
2011-12-16,15.19,15.19,14.82,15.03,11.1878,79300,0,0
2011-12-19,15.19,15.35,14.96,15,11.1655,74000,0,0
2011-12-20,15.34,15.34,15.05,15.24,11.3442,70000,0,0
2011-12-21,15.27,15.27,15,15.06,11.2102,70500,0,0
2011-12-22,15.09,15.24,14.94,14.94,11.1209,85000,0,0
2011-12-23,15,15.16,14.9,14.99,11.1581,36400,0,0
2011-12-27,15,15.1,14.94,14.99,11.1581,33200,0,0
2011-12-28,15.08,15.09,14.95,14.97,11.1432,56200,0,0
2011-12-29,15.02,15.27,14.98,15.04,11.1953,84300,0,0
2011-12-30,15.05,15.34,15,15.06,11.2102,72300,0,0
2012-01-03,15.42,15.77,15.32,15.68,11.6717,68800,0,0
2012-01-04,15.43,15.69,15.43,15.47,11.6378,32000,0.165,0
2012-01-05,15.39,15.59,15.15,15.54,11.6905,26400,0,0
2012-01-06,15.56,15.7,15.42,15.45,11.6228,32600,0,0
2012-01-09,15.58,15.78,15.52,15.74,11.8409,49900,0,0
2012-01-10,15.8,15.99,15.6,15.91,11.9688,63600,0,0
2012-01-11,15.87,16.16,15.8,16.07,12.0892,42300,0,0
2012-01-12,16.08,16.29,16,16.08,12.0967,37300,0,0
2012-01-13,16,16.25,16,16.13,12.1343,48500,0,0
2012-01-17,16.23,17,16,16.41,12.345,73700,0,0
2012-01-18,16.36,17.04,16.23,16.96,12.7587,54800,0,0
2012-01-19,17.07,17.16,16.91,17.1,12.8641,50500,0,0
2012-01-20,17.12,17.43,16.89,17.22,12.9543,48000,0,0
2012-01-23,17.3,17.59,17.3,17.55,13.2026,54800,0,0
2012-01-24,17.59,17.88,17.39,17.62,13.2552,70500,0,0
2012-01-25,17.54,17.64,17.35,17.45,13.1274,48800,0,0
2012-01-26,17.47,17.53,16.76,16.97,12.7663,67500,0,0
2012-01-27,17.02,17.59,16.94,17.39,13.0822,41300,0,0
2012-01-30,17.94,17.94,17,17.36,13.0596,115100,0,0
2012-01-31,17.51,17.6,17.18,17.44,13.1198,65600,0,0
2012-02-01,17.47,17.69,17.4,17.69,13.3079,81300,0,0
2012-02-02,17.66,17.82,17.5,17.69,13.3079,47300,0,0
2012-02-03,17.96,18.21,17.75,18.05,13.5787,59800,0,0
2012-02-06,18.02,18.12,17.74,18.02,13.5562,35400,0,0
2012-02-07,18.05,18.17,17.69,17.75,13.353,77200,0,0
2012-02-08,17.82,17.97,17.68,17.81,13.3982,22000,0,0
2012-02-09,17.92,17.95,17.61,17.66,13.2853,28900,0,0
2012-02-10,17.59,18.01,17.48,17.57,13.2176,52000,0,0
2012-02-13,17.81,18,17.5,17.67,13.2929,47600,0,0
2012-02-14,17.55,17.64,17.35,17.49,13.1574,32600,0,0
2012-02-15,17.6,17.6,17.22,17.25,12.9769,39700,0,0
2012-02-16,17.21,17.75,17.21,17.72,13.3305,29400,0,0
2012-02-17,17.81,17.81,17.56,17.62,13.2552,28100,0,0
2012-02-21,17.95,17.95,17.41,17.55,13.2026,42800,0,0
2012-02-22,17.56,17.56,16.89,16.96,12.7587,56800,0,0
2012-02-23,17.06,17.38,16.91,17.24,12.9694,72600,0,0
2012-02-24,17.28,17.28,16.67,16.81,12.6459,38800,0,0
2012-02-27,16.87,18.14,16.81,18.06,13.5862,112400,0,0
2012-02-28,18.13,18.36,17.41,18.07,13.5938,221200,0,0
2012-02-29,18.19,18.44,17.76,17.87,13.4433,52200,0,0
2012-03-01,17.96,18.18,17.96,18,13.5411,29400,0,0
2012-03-02,18.02,18.08,17.23,17.38,13.0747,47800,0,0
2012-03-05,17.34,17.7,17.14,17.66,13.2853,32700,0,0
2012-03-06,17.47,17.47,17.2,17.22,12.9543,32000,0,0
2012-03-07,17.23,17.37,17.1,17.21,12.9468,54200,0,0
2012-03-08,17.24,17.53,17.1,17.47,13.1424,45200,0,0
2012-03-09,17.46,18.1,17.3,17.75,13.353,39900,0,0
2012-03-12,17.8,17.92,17.65,17.78,13.3756,33500,0,0
2012-03-13,17.82,18.02,17.56,18.01,13.5486,59900,0,0
2012-03-14,18.05,18.19,17.79,17.86,13.4358,21100,0,0
2012-03-15,17.99,17.99,17.67,17.94,13.496,19200,0,0
2012-03-16,17.99,18.03,17.67,17.8,13.3907,52600,0,0
2012-03-19,17.79,18.19,17.72,18.11,13.6239,45100,0,0
2012-03-20,17.96,18.12,17.75,17.75,13.353,55000,0,0
2012-03-21,17.88,18,17.65,17.68,13.3004,15700,0,0
2012-03-22,17.57,17.96,17.57,17.65,13.2778,25600,0,0
2012-03-23,17.61,18,17.57,18,13.5411,20300,0,0
2012-03-26,18.25,18.5,18.05,18.28,13.7518,46000,0,0
2012-03-27,18.26,18.39,18.11,18.14,13.6464,22200,0,0
2012-03-28,18.08,18.08,17.83,17.91,13.4734,27400,0,0
2012-03-29,17.82,18.12,17.7,17.9,13.4659,34400,0,0
2012-03-30,17.95,17.95,17.61,17.64,13.2703,42500,0,0
2012-04-02,17.66,17.82,17.5,17.56,13.2101,45700,0,0
2012-04-03,17.38,17.5,16.93,16.99,12.9025,41000,0.165,0
2012-04-04,16.91,16.93,16.72,16.9,12.8342,40200,0,0
2012-04-05,16.82,17.07,16.72,16.94,12.8646,37000,0,0
2012-04-09,16.75,17.15,16.7,16.75,12.7203,33600,0,0
2012-04-10,16.73,16.93,16.25,16.3,12.3785,80900,0,0
2012-04-11,16.34,16.76,16.34,16.63,12.6291,31300,0,0
2012-04-12,16.59,17.09,16.58,16.94,12.8646,55200,0,0
2012-04-13,16.92,16.92,16.5,16.5,12.5304,26800,0,0
2012-04-16,16.5,16.63,16.31,16.55,12.5684,39300,0,0
2012-04-17,16.69,17.2,16.69,16.99,12.9025,38900,0,0
2012-04-18,16.92,16.96,16.51,16.63,12.6291,17100,0,0
2012-04-19,16.7,16.77,16.5,16.59,12.5988,37700,0,0
2012-04-20,16.84,17.17,16.62,16.76,12.7279,32900,0,0
2012-04-23,16.55,16.7,16.5,16.54,12.5608,29200,0,0
2012-04-24,16.53,17.18,16.53,17.17,13.0392,36700,0,0
2012-04-25,17.36,17.55,16.87,17,12.9101,33900,0,0
2012-04-26,16.94,17.29,16.91,17.18,13.0468,23000,0,0
2012-04-27,17.34,17.96,17.24,17.96,13.6392,71000,0,0
2012-04-30,17.98,17.98,17.03,17.39,13.2063,83000,0,0
2012-05-01,17.49,17.72,17.16,17.2,13.062,61000,0,0
2012-05-02,17.11,17.49,17.11,17.48,13.2747,41300,0,0
2012-05-03,17.51,17.64,17.11,17.22,13.0772,34000,0,0
2012-05-04,17.15,17.29,17.1,17.12,13.0013,43700,0,0
2012-05-07,16.9,17.17,16.79,16.92,12.8494,61000,0,0
2012-05-08,16.79,17.5,16.78,17.47,13.2671,53500,0,0
2012-05-09,17.24,17.24,16.88,16.9,12.8342,61000,0,0
2012-05-10,17.06,17.23,16.89,17.05,12.9481,35000,0,0
2012-05-11,17,17.06,16.5,16.7,12.6823,87300,0,0
2012-05-14,16.5,16.61,16.3,16.3,12.3785,36400,0,0
2012-05-15,16.31,16.52,16.15,16.35,12.4165,24000,0,0
2012-05-16,16.46,16.46,15.86,15.86,12.0444,51800,0,0
2012-05-17,15.95,16.26,15.89,16.06,12.1963,33000,0,0
2012-05-18,16.02,16.19,15.87,16.03,12.1735,57400,0,0
2012-05-21,16,16.49,15.95,16.28,12.3634,39400,0,0
2012-05-22,16.24,16.32,15.83,15.96,12.1203,35000,0,0
2012-05-23,15.9,16.01,15.82,15.86,12.0444,87000,0,0
2012-05-24,15.95,15.95,15.51,15.79,11.9912,21200,0,0
2012-05-25,15.85,16.14,15.78,16.11,12.2343,24900,0,0
2012-05-29,15.62,15.9,15.47,15.62,11.8621,131400,0,0
2012-05-30,15.45,15.66,15.27,15.35,11.6571,258100,0,0
2012-05-31,15.4,15.81,15.3,15.61,11.8545,56000,0,0
2012-06-01,15.36,15.48,15.05,15.32,11.6343,87000,0,0
2012-06-04,15.36,15.65,15.2,15.3,11.6191,59000,0,0
2012-06-05,15.15,15.36,15.15,15.29,11.6115,33700,0,0
2012-06-06,15.4,15.93,15.26,15.85,12.0368,34500,0,0
2012-06-07,16.01,16.01,15.6,15.65,11.8849,33500,0,0
2012-06-08,15.56,15.66,15.5,15.6,11.8469,16200,0,0
2012-06-11,15.69,15.72,15.4,15.4,11.6951,36200,0,0
2012-06-12,15.53,15.79,15.49,15.78,11.9836,31000,0,0
2012-06-13,15.7,15.76,15.31,15.38,11.6799,29500,0,0
2012-06-14,15.45,15.73,15.45,15.72,11.9381,26700,0,0
2012-06-15,15.65,15.81,15.55,15.74,11.9533,90100,0,0
2012-06-18,15.67,16.05,15.58,15.67,11.9001,44100,0,0
2012-06-19,15.78,16.36,15.65,16.11,12.2343,64700,0,0
2012-06-20,16.13,16.15,16.05,16.07,12.2039,10400,0,0
2012-06-21,16.07,16.19,15.61,15.72,11.9381,29400,0,0
2012-06-22,15.78,16.2,15.78,16.19,12.295,80900,0,0
2012-06-25,16,16.04,15.83,15.97,12.1279,25200,0,0
2012-06-26,15.92,16.05,15.85,15.88,12.0596,17100,0,0
2012-06-27,15.96,16.03,15.94,16.01,12.1583,22400,0,0
2012-06-28,15.85,15.99,15.31,15.42,11.7103,52700,0,0
2012-06-29,15.75,16.15,15.71,16.03,12.1735,52500,0,0
2012-07-02,15.96,16.21,15.59,16.21,12.4382,28800,0.165,0
2012-07-03,16.21,16.25,16.09,16.18,12.4152,17800,0,0
2012-07-05,16.21,16.42,16.05,16.35,12.5456,32300,0,0
2012-07-06,16.25,16.62,16.25,16.49,12.6531,24500,0,0
2012-07-09,16.54,16.55,16.29,16.35,12.5456,33700,0,0
2012-07-10,16.41,16.41,16.18,16.2,12.4305,45800,0,0
2012-07-11,16.23,16.25,16.05,16.22,12.4459,49000,0,0
2012-07-12,16.06,16.06,15.8,15.9,12.2004,38900,0,0
2012-07-13,15.94,16.02,15.86,15.91,12.208,47200,0,0
2012-07-16,15.93,15.93,15.65,15.77,12.1006,35600,0,0
2012-07-17,15.82,16.05,15.67,15.74,12.0776,72700,0,0
2012-07-18,15.67,15.82,15.66,15.77,12.1006,38200,0,0
2012-07-19,15.89,15.89,15.54,15.54,11.9241,60700,0,0
2012-07-20,15.5,15.64,15.27,15.29,11.7323,43700,0,0
2012-07-23,15.18,15.26,14.94,14.94,11.4637,73600,0,0
2012-07-24,14.93,15.31,14.93,15.21,11.6709,85500,0,0
2012-07-25,15.37,15.44,15.1,15.18,11.6479,43600,0,0
2012-07-26,15.37,15.63,15.27,15.48,11.8781,23800,0,0
2012-07-27,15.58,15.92,15.5,15.7,12.0469,38700,0,0
2012-07-30,15.71,16.46,15.71,16.3,12.5073,75700,0,0
2012-07-31,16.23,16.41,16.03,16.36,12.5533,34500,0,0
2012-08-01,16.46,16.66,16.4,16.62,12.7528,59100,0,0
2012-08-02,16.47,16.76,16.37,16.7,12.8142,45200,0,0
2012-08-03,16.9,16.9,16.56,16.58,12.7221,37100,0,0
2012-08-06,16.55,16.9,16.54,16.64,12.7682,44300,0,0
2012-08-07,16.71,16.9,16.7,16.74,12.8449,28400,0,0
2012-08-08,16.73,16.73,16.32,16.48,12.6454,43800,0,0
2012-08-09,16.42,16.49,16.28,16.37,12.561,12800,0,0
2012-08-10,16.36,16.47,16.22,16.4,12.584,22000,0,0
2012-08-13,16.45,16.65,16.21,16.34,12.538,10600,0,0
2012-08-14,16.38,16.55,16.24,16.34,12.538,23500,0,0
2012-08-15,16.32,16.48,16.2,16.42,12.5994,24700,0,0
2012-08-16,16.48,16.48,16.32,16.39,12.5763,24500,0,0
2012-08-17,16.31,16.32,16.05,16.21,12.4382,63700,0,0
2012-08-20,16.21,16.34,16.1,16.24,12.4612,19400,0,0
2012-08-21,16.31,16.44,16.06,16.07,12.3308,21700,0,0
2012-08-22,16.12,16.37,16,16.19,12.4229,30400,0,0
2012-08-23,16.25,16.35,15.92,15.97,12.2541,45500,0,0
2012-08-24,16.01,16.07,15.87,15.95,12.2387,23300,0,0
2012-08-27,16.09,16.09,15.92,15.98,12.2617,27900,0,0
2012-08-28,16,16.1,15.95,16.03,12.3001,36800,0,0
2012-08-29,16.01,16.08,15.95,16.01,12.2848,29300,0,0
2012-08-30,15.97,16.03,15.94,15.95,12.2387,20200,0,0
2012-08-31,16.09,16.09,15.9,15.97,12.2541,44300,0,0
2012-09-04,16,16.1,15.82,15.97,12.2541,42700,0,0
2012-09-05,16.06,16.09,15.93,15.94,12.231,45300,0,0
2012-09-06,16.02,16.05,15.9,16,12.2771,42900,0,0
2012-09-07,16.05,16.05,15.75,15.81,12.1313,67000,0,0
2012-09-10,15.9,16,15.82,15.98,12.2617,44100,0,0
2012-09-11,15.95,16.43,15.95,16.31,12.515,100900,0,0
2012-09-12,16.29,16.62,16.29,16.57,12.7145,31400,0,0
2012-09-13,16.61,16.71,16.3,16.62,12.7528,63200,0,0
2012-09-14,16.62,16.81,16.5,16.7,12.8142,80400,0,0
2012-09-17,16.65,16.71,16.38,16.5,12.6607,88100,0,0
2012-09-18,16.46,16.6,16.4,16.52,12.6761,64700,0,0
2012-09-19,16.55,16.7,16.44,16.44,12.6147,50900,0,0
2012-09-20,16.4,16.56,16.27,16.29,12.4996,30800,0,0
2012-09-21,16.57,16.57,16.29,16.41,12.5917,74300,0,0
2012-09-24,16.37,16.49,16.2,16.41,12.5917,41200,0,0
2012-09-25,16.5,16.67,16.37,16.44,12.6147,43600,0,0
2012-09-26,16.44,16.67,16.21,16.5,12.6607,31900,0,0
2012-09-27,16.48,16.59,16.26,16.52,12.6761,42300,0,0
2012-09-28,16.41,16.56,16.33,16.35,12.5456,45200,0,0
2012-10-01,16.5,16.73,16.26,16.54,12.6914,41000,0,0
2012-10-02,16.6,16.63,16.19,16.3,12.5073,51000,0,0
2012-10-03,16.23,16.4,16.11,16.32,12.5226,22900,0,0
2012-10-04,16.45,16.49,16.25,16.27,12.4843,89900,0,0
2012-10-05,16.31,16.45,16.27,16.27,12.4843,39400,0,0
2012-10-08,16.2,16.37,16.15,16.22,12.4459,77000,0,0
2012-10-09,16.11,16.17,15.86,15.89,12.318,40000,0.165,0
2012-10-10,15.93,16.09,15.83,15.97,12.38,17600,0,0
2012-10-11,16.04,16.07,15.88,15.91,12.3335,14000,0,0
2012-10-12,15.89,16.07,15.72,15.73,12.1939,107900,0,0
2012-10-15,15.73,15.94,15.72,15.86,12.2947,15500,0,0
2012-10-16,15.8,15.99,15.79,15.83,12.2715,49100,0,0
2012-10-17,15.88,15.99,15.87,15.94,12.3567,50600,0,0
2012-10-18,15.94,15.98,15.65,15.65,12.1319,39800,0,0
2012-10-19,15.65,15.77,15.6,15.7,12.1707,36100,0,0
2012-10-22,15.62,16,15.62,15.96,12.3722,34900,0,0
2012-10-23,15.85,15.96,15.61,15.84,12.2792,28700,0,0
2012-10-24,15.77,15.87,15.67,15.72,12.1862,12900,0,0
2012-10-25,15.75,15.97,15.69,15.97,12.38,17600,0,0
2012-10-26,15.97,16.18,15.78,15.95,12.3645,20100,0,0
2012-10-31,16.01,16.2,16.01,16.2,12.5583,14200,0,0
2012-11-01,16.22,16.29,15.91,16.27,12.6126,58800,0,0
2012-11-02,16.4,16.44,16.25,16.35,12.6746,61700,0,0
2012-11-05,16.39,16.5,16.26,16.44,12.7443,36500,0,0
2012-11-06,16.35,16.5,16.3,16.5,12.7909,18200,0,0
2012-11-07,16.34,16.39,15.94,15.95,12.3645,37200,0,0
2012-11-08,15.98,16.09,15.81,15.81,12.256,26800,0,0
2012-11-09,15.82,16.05,15.81,15.89,12.318,21200,0,0
2012-11-12,15.98,16.25,15.83,15.85,12.287,13900,0,0
2012-11-13,15.8,16.12,15.8,15.83,12.2715,30800,0,0
2012-11-14,15.89,15.95,15.6,15.64,12.1242,29100,0,0
2012-11-15,15.6,15.74,15.36,15.37,11.9149,25300,0,0
2012-11-16,15.36,15.57,15.29,15.42,11.9536,33000,0,0
2012-11-19,15.52,16.19,15.52,16.04,12.4343,41500,0,0
2012-11-20,16.04,16.04,15.84,15.98,12.3878,9400,0,0
2012-11-21,15.97,16.21,15.89,16.02,12.4188,19300,0,0
2012-11-23,16.1,16.5,16.1,16.38,12.6978,16400,0,0
2012-11-26,16.38,16.4,16.14,16.28,12.6203,21000,0,0
2012-11-27,16.4,16.46,16.02,16.05,12.442,28600,0,0
2012-11-28,16.14,16.26,16.01,16.22,12.5738,14700,0,0
2012-11-29,16.37,16.48,16.32,16.34,12.6668,20900,0,0
2012-11-30,16.31,16.48,16,16.29,12.6281,47000,0,0
2012-12-03,16.05,16.28,16.05,16.27,12.6126,20200,0,0
2012-12-04,16.23,16.46,16.15,16.41,12.7211,18000,0,0
2012-12-05,16.44,16.62,16.33,16.48,12.7754,23900,0,0
2012-12-06,16.51,16.51,16.31,16.41,12.7211,11800,0,0
2012-12-07,16.75,17.04,16.61,16.87,13.0777,90800,0,0
2012-12-10,16.87,16.88,16.7,16.85,13.0622,39000,0,0
2012-12-11,16.9,17.09,16.86,17.09,13.2482,60900,0,0
2012-12-12,17.14,17.21,17.04,17.11,13.2637,59500,0,0
2012-12-13,17.08,17.29,17.05,17.23,13.3568,34600,0,0
2012-12-14,17.22,17.53,17.22,17.42,13.504,46700,0,0
2012-12-17,17.59,17.87,17.59,17.84,13.8296,49500,0,0
2012-12-18,17.97,18.17,17.7,18.16,14.0777,63600,0,0
2012-12-19,17.57,17.72,17.17,17.23,13.9924,29400,0.825,0
2012-12-20,17.19,17.49,17.02,17.4,14.1305,33000,0,0
2012-12-21,17.4,17.4,16.86,17.2,13.9681,115100,0,0
2012-12-24,17.11,17.38,16.9,17.2,13.9681,16000,0,0
2012-12-26,17.27,17.51,16.85,17.08,13.8706,24000,0,0
2012-12-27,17.13,17.3,16.84,17.19,13.9599,20700,0,0
2012-12-28,17.13,17.46,16.93,17.07,13.8625,27000,0,0
2012-12-31,17.24,17.43,17.01,17.26,14.0168,65900,0,0
2013-01-02,17.51,17.55,17.19,17.49,14.2036,78200,0,0
2013-01-03,17.56,17.69,17.3,17.56,14.2604,43300,0,0
2013-01-04,17.67,17.81,17.52,17.72,14.3904,47500,0,0
2013-01-07,17.83,17.87,17.62,17.71,14.3822,58400,0,0
2013-01-08,17.75,17.76,17.27,17.33,14.0736,33000,0,0
2013-01-09,17.43,17.54,17.27,17.31,14.0574,20700,0,0
2013-01-10,17.31,17.38,17.02,17.08,13.8706,34500,0,0
2013-01-11,17.12,17.13,16.92,16.96,13.7732,27300,0,0
2013-01-14,16.94,17.19,16.9,17.06,13.8544,21700,0,0
2013-01-15,16.97,17.37,16.97,17.29,14.0412,19000,0,0
2013-01-16,17.21,17.22,16.95,16.95,13.765,70900,0,0
2013-01-17,17.04,17.04,16.95,17.03,13.83,40200,0,0
2013-01-18,17,17.52,17,17.34,14.0818,39100,0,0
2013-01-22,17.39,17.75,17.3,17.71,14.3822,108000,0,0
2013-01-23,17.75,17.98,17.75,17.88,14.5203,67700,0,0
2013-01-24,17.89,17.97,17.8,17.88,14.5203,57700,0,0
2013-01-25,18,18,17.79,17.98,14.6015,51700,0,0
2013-01-28,18.07,18.83,18.07,18.79,15.2593,184200,0,0
2013-01-29,18.74,19.15,18.61,18.93,15.373,60100,0,0
2013-01-30,18.93,19.01,18.75,18.96,15.3974,40900,0,0
2013-01-31,18.95,19.36,18.8,19.19,15.5841,73400,0,0
2013-02-01,19.31,19.67,19.16,19.62,15.9333,57100,0,0
2013-02-04,19.6,19.74,18.98,19.2,15.5923,38000,0,0
2013-02-05,19.3,19.4,18.82,19.26,15.641,27500,0,0
2013-02-06,19.16,19.42,19.15,19.3,15.6735,20000,0,0
2013-02-07,19.17,19.43,19.14,19.25,15.6329,34400,0,0
2013-02-08,19.22,19.45,18.99,19.31,15.6816,26200,0,0
2013-02-11,19.4,19.5,19.19,19.42,15.7709,30900,0,0
2013-02-12,19.27,19.43,19.25,19.33,15.6978,21100,0,0
2013-02-13,19.16,19.4,19,19.33,15.6978,16400,0,0
2013-02-14,19.33,19.49,19.19,19.35,15.7141,18300,0,0
2013-02-15,19.49,19.5,19.25,19.36,15.7222,28200,0,0
2013-02-19,19.36,19.58,19.18,19.56,15.8846,32800,0,0
2013-02-20,19.52,19.55,19.15,19.19,15.5841,33000,0,0
2013-02-21,19.07,19.5,18.88,19.49,15.8278,48100,0,0
2013-02-22,19.6,19.61,19.36,19.6,15.9171,29700,0,0
2013-02-25,20.11,20.5,20,20.07,16.2988,80500,0,0
2013-02-26,20.11,20.81,19.74,20.33,16.5099,256000,0,0
2013-02-27,20.36,20.72,20.03,20.45,16.6074,52800,0,0
2013-02-28,20.49,20.73,20.31,20.56,16.6967,39300,0,0
2013-03-01,20.39,20.65,20.13,20.57,16.7048,27300,0,0
2013-03-04,20.59,20.75,20.42,20.73,16.8348,20800,0,0
2013-03-05,20.76,20.91,20.5,20.75,16.851,26400,0,0
2013-03-06,20.76,21.35,20.52,21,17.054,33200,0,0
2013-03-07,21.06,21.1,20.72,20.89,16.9647,32300,0,0
2013-03-08,21.03,21.03,20.63,20.78,16.8754,27000,0,0
2013-03-11,20.79,20.85,20.51,20.72,16.8266,24800,0,0
2013-03-12,20.66,20.78,20.39,20.73,16.8348,31900,0,0
2013-03-13,20.7,20.98,20.53,20.96,17.0215,21100,0,0
2013-03-14,21.04,21.23,20.79,21.1,17.1352,34500,0,0
2013-03-15,21.18,21.25,20.86,21.15,17.1758,78400,0,0
2013-03-18,20.85,21.7,20.85,21.69,17.6144,30000,0,0
2013-03-19,21.56,21.75,21.47,21.61,17.5494,17900,0,0
2013-03-20,21.65,21.65,21.48,21.65,17.5819,19600,0,0
2013-03-21,21.46,21.54,21.13,21.23,17.2408,27300,0,0
2013-03-22,21.33,21.55,21.28,21.54,17.4926,12400,0,0
2013-03-25,21.54,21.58,21.16,21.46,17.4276,18500,0,0
2013-03-26,21.49,21.49,21.12,21.29,17.2895,18100,0,0
2013-03-27,21.12,21.6,21.12,21.46,17.4276,24200,0,0
2013-03-28,21.55,21.6,21.4,21.48,17.4438,28100,0,0
2013-04-01,21.39,21.42,20.85,20.98,17.0378,44500,0,0
2013-04-02,21.12,21.75,20.99,21.48,17.4438,38500,0,0
2013-04-03,21.51,21.75,21.51,21.62,17.5575,33400,0,0
2013-04-04,21.74,21.74,21.36,21.54,17.4926,31400,0,0
2013-04-05,21.27,21.73,20.88,21.63,17.5657,25500,0,0
2013-04-08,21.61,21.85,21.5,21.65,17.5819,25600,0,0
2013-04-09,21.65,21.65,21.18,21.22,17.365,17200,0.165,0
2013-04-10,21.34,21.74,21.12,21.69,17.7497,21000,0,0
2013-04-11,21.6,21.8,21.41,21.63,17.7006,20900,0,0
2013-04-12,21.4,21.78,21.4,21.69,17.7497,11700,0,0
2013-04-15,21.52,21.54,19.49,19.68,16.1048,92800,0,0
2013-04-16,19.96,20.53,19.96,20.52,16.7922,47000,0,0
2013-04-17,20.43,20.74,20.02,20.27,16.5876,30500,0,0
2013-04-18,20.36,20.71,20.32,20.59,16.8495,29100,0,0
2013-04-19,20.53,21.32,20.49,21.32,17.4469,17300,0,0
2013-04-22,21.46,21.46,20.75,21.29,17.4223,30300,0,0
2013-04-23,21.48,21.71,21.31,21.67,17.7333,13600,0,0
2013-04-24,21.6,21.8,21.55,21.8,17.8397,13600,0,0
2013-04-25,21.89,21.89,21.5,21.6,17.676,12000,0,0
2013-04-26,21.59,21.59,20.85,21.08,17.2505,32600,0,0
2013-04-29,21.26,21.8,21.21,21.25,17.3896,19500,0,0
2013-04-30,21.28,21.48,21.1,21.32,17.4469,27300,0,0
2013-05-01,21.32,21.39,20.15,20.17,16.5058,41900,0,0
2013-05-02,20.2,21.25,20.2,21.13,17.2914,13500,0,0
2013-05-03,21.41,21.42,20.92,21.21,17.3569,16200,0,0
2013-05-06,21.3,21.48,20.69,21,17.185,19700,0,0
2013-05-07,21.07,21.51,20.7,21.46,17.5614,22600,0,0
2013-05-08,21.3,21.51,21.16,21.29,17.4223,14600,0,0
2013-05-09,21.29,21.69,21.29,21.43,17.5369,23700,0,0
2013-05-10,21.56,21.67,21.5,21.53,17.6187,10800,0,0
2013-05-13,21.6,21.7,21.46,21.57,17.6514,11500,0,0
2013-05-14,21.53,21.78,21.47,21.68,17.7415,26200,0,0
2013-05-15,21.58,21.8,21.41,21.66,17.7251,16300,0,0
2013-05-16,21.62,21.65,21.25,21.34,17.4632,14300,0,0
2013-05-17,21.41,21.66,21.37,21.56,17.6433,32000,0,0
2013-05-20,21.56,21.8,21.5,21.8,17.8397,19300,0,0
2013-05-21,21.8,21.8,21.46,21.54,17.6269,18700,0,0
2013-05-22,21.57,21.74,20.61,20.77,16.9968,27300,0,0
2013-05-23,20.68,21.85,20.68,21.85,17.8806,26500,0,0
2013-05-24,21.86,22.22,21.64,22.07,18.0606,30400,0,0
2013-05-28,22.25,23.49,22.23,23.31,19.0754,43100,0,0
2013-05-29,23.12,23.35,22.82,23.12,18.9199,35600,0,0
2013-05-30,23.26,23.5,22.96,23.31,19.0754,18000,0,0
2013-05-31,23.12,23.18,22.02,22.02,18.0197,51700,0,0
2013-06-03,21.48,21.94,20.97,21.73,17.7824,100300,0,0
2013-06-04,21.87,22.16,21.51,22.03,18.0279,235000,0,0
2013-06-05,22.08,22.3,21.87,21.92,17.9379,26500,0,0
2013-06-06,21.99,22.25,21.92,22.19,18.1588,65500,0,0
2013-06-07,22.37,22.54,21.73,22.42,18.347,14200,0,0
2013-06-10,22.41,23.35,22.41,23.28,19.0508,36900,0,0
2013-06-11,23.1,23.4,23,23.2,18.9853,13300,0,0
2013-06-12,23.33,23.4,22.67,22.71,18.5844,27300,0,0
2013-06-13,22.79,23.38,22.59,23.29,19.059,15700,0,0
2013-06-14,23.3,23.49,22.8,22.83,18.6826,12100,0,0
2013-06-17,23.08,23.33,22.24,22.49,18.4043,25800,0,0
2013-06-18,22.59,23.81,22.52,23.58,19.2963,37700,0,0
2013-06-19,23.65,24.44,23.63,23.99,19.6318,29800,0,0
2013-06-20,23.75,24.48,22.72,23.05,18.8626,32100,0,0
2013-06-21,23.2,24.46,23.19,24.45,20.0083,87400,0,0
2013-06-24,24.32,24.81,23.52,24.44,20.0001,53000,0,0
2013-06-25,24.71,24.84,24.42,24.75,20.2538,35100,0,0
2013-06-26,24.91,25.72,24.72,25.29,20.6957,45200,0,0
2013-06-27,25.68,27.1,25.41,25.47,20.843,106700,0,0
2013-06-28,25.67,26.14,25.07,25.25,20.6629,200500,0,0
2013-07-01,25.41,25.85,25,25.19,20.6138,64700,0,0
2013-07-02,24.91,25.85,24.85,25.23,20.6466,82000,0,0
2013-07-03,25.08,25.57,24.79,25.2,20.622,20300,0,0
2013-07-05,25.75,25.75,24.78,24.96,20.4256,40500,0,0
2013-07-08,25.32,27.27,24.75,25.09,20.532,60600,0,0
2013-07-09,25.11,25.36,24.82,25.17,20.7338,92600,0.165,0
2013-07-10,25.23,25.36,24.91,25.18,20.742,54200,0,0
2013-07-11,25.6,25.75,25.01,25.73,21.1951,103800,0,0
2013-07-12,25.79,27.48,25.75,27.35,22.5296,75500,0,0
2013-07-15,27.47,28.79,27,27.08,22.3072,129300,0,0
2013-07-16,27.33,28.28,27.01,28.09,23.1392,62400,0,0
2013-07-17,28.3,28.3,27.34,27.83,22.925,72000,0,0
2013-07-18,27.98,28.55,27.98,28.3,23.3121,46200,0,0
2013-07-19,28.19,28.52,27.9,28.32,23.3286,35100,0,0
2013-07-22,28.02,28.96,28.02,28.75,23.6828,82700,0,0
2013-07-23,29,29.33,28.07,28.36,23.3616,92400,0,0
2013-07-24,28.27,28.68,27.8,28.27,23.2874,75100,0,0
2013-07-25,28.31,29.11,28,28.96,23.8558,76400,0,0
2013-07-26,28.92,29.13,27.9,28.19,23.2215,54600,0,0
2013-07-29,28.13,28.68,27.9,28.25,23.271,37300,0,0
2013-07-30,28.46,28.62,28.09,28.45,23.4357,60500,0,0
2013-07-31,28.41,29.09,28.41,28.46,23.4439,44700,0,0
2013-08-01,28.76,29.25,28.5,28.76,23.6911,39100,0,0
2013-08-02,28.78,28.78,25.55,25.73,21.1951,169900,0,0
2013-08-05,25.7,27,25.62,25.69,21.1622,89900,0,0
2013-08-06,25.65,26,25.51,25.72,21.1869,58100,0,0
2013-08-07,25.52,26.35,25.5,26.22,21.5987,53000,0,0
2013-08-08,26.45,27.1,26.45,26.87,22.1342,107500,0,0
2013-08-09,26.86,27.2,26.76,26.76,22.0436,68700,0,0
2013-08-12,26.76,27.37,26.76,27.37,22.5461,65400,0,0
2013-08-13,27.26,27.65,26.92,27.09,22.3154,116900,0,0
2013-08-14,27.26,27.27,26.65,27.05,22.2825,36800,0,0
2013-08-15,26.66,27.02,26.25,26.25,21.6235,29300,0,0
2013-08-16,26.11,26.44,25.5,25.88,21.3187,44400,0,0
2013-08-19,25.67,26,24.98,25.03,20.6185,65300,0,0
2013-08-20,24.93,25.59,24.71,24.99,20.5855,69200,0,0
2013-08-21,24.79,25.45,24.79,24.91,20.5196,34200,0,0
2013-08-22,24.87,26.14,24.77,25.9,21.3351,31800,0,0
2013-08-23,25.88,26.01,25.3,25.49,20.9974,44700,0,0
2013-08-26,25.48,25.64,25.15,25.3,20.8409,44600,0,0
2013-08-27,24.94,25.14,24.52,24.63,20.289,30400,0,0
2013-08-28,24.71,25.09,24.22,24.8,20.429,73400,0,0
2013-08-29,24.82,25.16,24.6,25.01,20.602,111900,0,0
2013-08-30,25,25.09,24.71,24.99,20.5855,119600,0,0
2013-09-03,26.15,27.99,25.57,27.89,22.9744,332400,0,0
2013-09-04,27.82,27.82,26.24,26.91,22.1671,468600,0,0
2013-09-05,26.6,27.15,26.35,26.64,21.9447,58500,0,0
2013-09-06,26.74,27.05,26.27,26.9,22.1589,46900,0,0
2013-09-09,26.84,27.55,26.68,27.5,22.6531,63400,0,0
2013-09-10,27.56,27.56,26.64,26.96,22.2083,46400,0,0
2013-09-11,26.82,27.05,26.53,26.71,22.0024,38700,0,0
2013-09-12,26.73,27.11,26.62,26.93,22.1836,24200,0,0
2013-09-13,27.07,27.4,26.65,26.98,22.2248,30200,0,0
2013-09-16,27.45,27.66,27.15,27.43,22.5955,75400,0,0
2013-09-17,27.43,27.8,27.31,27.75,22.8591,50000,0,0
2013-09-18,27.75,28.74,27.63,28.07,23.1227,89900,0,0
2013-09-19,28.21,28.61,27.83,27.93,23.0074,46600,0,0
2013-09-20,27.9,28.28,27.74,28.03,23.0897,126500,0,0
2013-09-23,28.28,28.74,27.94,28.47,23.4522,56600,0,0
2013-09-24,28.38,29.11,28.21,28.81,23.7323,57500,0,0
2013-09-25,28.94,28.98,28.14,28.16,23.1968,37700,0,0
2013-09-26,28.2,28.8,28,28.48,23.4604,57300,0,0
2013-09-27,28.24,28.55,28.06,28.42,23.411,22500,0,0
2013-09-30,28.18,29.07,28.05,28.73,23.6664,123200,0,0
2013-10-01,28.7,28.91,27.84,28.04,23.098,33900,0,0
2013-10-02,27.89,28.17,27.5,27.64,22.7685,43900,0,0
2013-10-03,27.67,27.69,26.97,26.99,22.233,34900,0,0
2013-10-04,26.94,27.57,26.94,27.22,22.4225,23000,0,0
2013-10-07,26.97,27.41,26.85,26.89,22.1507,33200,0,0
2013-10-08,26.81,27.34,26.01,26.05,21.5912,52000,0.165,0
2013-10-09,26.08,26.18,25.6,25.92,21.4834,56400,0,0
2013-10-10,26.41,26.89,25.96,26.57,22.0222,43900,0,0
2013-10-11,26.58,27.24,26.33,27.2,22.5444,35900,0,0
2013-10-14,26.97,27.12,26.6,26.86,22.2626,39400,0,0
2013-10-15,26.62,27.6,26.41,26.66,22.0968,63600,0,0
2013-10-16,26.78,27.03,26.41,26.44,21.9144,44000,0,0
2013-10-17,26.22,26.85,26.22,26.37,21.8564,46800,0,0
2013-10-18,26.6,26.96,26.25,26.4,21.8813,118200,0,0
2013-10-21,26.55,26.75,25.99,26.01,21.558,50100,0,0
2013-10-22,26.17,26.36,25.37,26.12,21.6492,50900,0,0
2013-10-23,26.04,26.44,25.96,26.06,21.5995,32700,0,0
2013-10-24,26.16,26.28,25.7,25.71,21.3094,32500,0,0
2013-10-25,25.81,26.56,25.81,26.5,21.9642,31800,0,0
2013-10-28,26.55,27.1,26.28,26.9,22.2957,28000,0,0
2013-10-29,27.06,27.18,26.53,27.17,22.5195,52000,0,0
2013-10-30,27.26,27.31,26.53,26.6,22.0471,31700,0,0
2013-10-31,26.53,26.67,25.75,25.81,21.3923,72000,0,0
2013-11-01,25.93,26.31,25.3,26.05,21.5912,68500,0,0
2013-11-04,26.06,26.4,25.94,26.18,21.6989,42600,0,0
2013-11-05,26.11,26.84,25.93,26.47,21.9393,74600,0,0
2013-11-06,26.56,26.69,26.05,26.35,21.8398,72500,0,0
2013-11-07,26.41,26.64,25.45,25.49,21.127,80300,0,0
2013-11-08,25.48,26.48,25.48,26.44,21.9144,70400,0,0
2013-11-11,26.46,26.74,26.16,26.2,21.7155,23000,0,0
2013-11-12,26.12,26.59,25.96,26.41,21.8896,43700,0,0
2013-11-13,26.31,27.1,25.93,26.99,22.3703,41600,0,0
2013-11-14,26.91,26.95,26.11,26.4,21.8813,20700,0,0
2013-11-15,26.36,26.79,26.35,26.52,21.9807,49500,0,0
2013-11-18,26.71,26.72,25.43,25.72,21.3177,53400,0,0
2013-11-19,25.83,26.18,25.64,25.65,21.2597,25000,0,0
2013-11-20,25.66,25.86,25.44,25.5,21.1353,17900,0,0
2013-11-21,25.62,26.18,25.61,26.05,21.5912,37000,0,0
2013-11-22,26.08,26.48,25.96,26.48,21.9476,22900,0,0
2013-11-25,26.6,26.8,26.07,26.25,21.757,14300,0,0
2013-11-26,26.36,26.77,26.14,26.5,21.9642,35300,0,0
2013-11-27,26.57,26.79,26.42,26.67,22.1051,24600,0,0
2013-11-29,26.8,26.8,25.94,26.27,21.7735,19200,0,0
2013-12-02,25.22,26.22,24.03,24.89,20.6297,232500,0,0
2013-12-03,24.22,25.02,24.22,24.71,20.4806,598600,0,0
2013-12-04,24.63,25.32,24.63,25.23,20.9115,54600,0,0
2013-12-05,25.15,25.22,24.3,24.3,20.1407,59000,0,0
2013-12-06,24.46,24.71,23.67,23.68,19.6269,67100,0,0
2013-12-09,24.05,25.49,24.05,25.38,21.0359,97700,0,0
2013-12-10,25.18,25.47,24.26,24.64,20.4225,78600,0,0
2013-12-11,24.76,24.76,24.25,24.41,20.2319,45500,0,0
2013-12-12,24.37,24.82,24.25,24.74,20.5054,50100,0,0
2013-12-13,24.73,25.03,24.37,24.63,20.4142,67000,0,0
2013-12-16,24.67,25.28,24.67,25.19,20.8784,43300,0,0
2013-12-17,25.11,25.74,24.87,25.72,21.3177,71500,0,0
2013-12-18,25.79,26.55,25.51,26.17,21.6907,76400,0,0
2013-12-19,26.2,26.41,25.75,25.96,21.5166,30000,0,0
2013-12-20,26.09,26.95,25.93,26.72,22.1465,147300,0,0
2013-12-23,26.95,27.22,26.64,27.08,22.4449,36600,0,0
2013-12-24,27.19,27.64,27.08,27.46,22.7599,20000,0,0
2013-12-26,27.51,27.55,27.26,27.38,22.6935,21000,0,0
2013-12-27,27.48,27.48,26.84,27,22.3786,21400,0,0
2013-12-30,26.9,27.12,26.69,26.92,22.3123,26700,0,0
2013-12-31,26.82,27.48,26.66,27.1,22.4615,43800,0,0
2014-01-02,26.97,27.22,26.65,26.84,22.246,49600,0,0
2014-01-03,26.86,27.24,26.65,26.73,22.1548,82400,0,0
2014-01-06,26.95,27.2,26.7,26.81,22.2211,63700,0,0
2014-01-07,26.8,27.57,26.65,27.48,22.9175,75100,0.165,0
2014-01-08,27.5,27.51,26.7,26.78,22.3337,72300,0,0
2014-01-09,26.84,27.08,26.6,26.89,22.4254,79600,0,0
2014-01-10,26.86,27.39,26.7,26.88,22.4171,66700,0,0
2014-01-13,26.83,26.94,26.21,26.33,21.9584,72600,0,0
2014-01-14,26.6,27.24,26.46,26.98,22.5005,73000,0,0
2014-01-15,27,27.38,26.85,26.91,22.4421,64100,0,0
2014-01-16,26.85,27.01,26.48,26.64,22.2169,66300,0,0
2014-01-17,26.68,26.92,26.49,26.59,22.1752,62000,0,0
2014-01-21,26.83,26.93,26.28,26.57,22.1586,95000,0,0
2014-01-22,26.61,26.75,26.15,26.42,22.0335,103100,0,0
2014-01-23,26.36,26.63,26.31,26.44,22.0501,98500,0,0
2014-01-24,26.21,26.7,26.15,26.4,22.0168,85600,0,0
2014-01-27,26.54,27.08,26.22,26.84,22.3837,61200,0,0
2014-01-28,26.76,27.11,26.52,27.1,22.6006,78200,0,0
2014-01-29,26.84,27.39,26.65,27.15,22.6423,56300,0,0
2014-01-30,27.49,27.78,27.06,27.64,23.0509,58400,0,0
2014-01-31,27.18,27.66,27.09,27.18,22.6673,95200,0,0
2014-02-03,27.28,27.49,23.75,24.02,20.0319,167900,0,0
2014-02-04,24.06,24.11,23.15,23.15,19.3064,129000,0,0
2014-02-05,23,23.02,22.3,22.41,18.6893,124700,0,0
2014-02-06,22.58,22.8,21.94,22.22,18.5308,128800,0,0
2014-02-07,22.33,22.44,22.1,22.26,18.5642,63800,0,0
2014-02-10,22.16,22.33,22.08,22.23,18.5391,134500,0,0
2014-02-11,22.33,22.7,22.19,22.26,18.5642,58400,0,0
2014-02-12,22.22,22.59,22.2,22.4,18.6809,77000,0,0
2014-02-13,22.31,22.87,22.28,22.83,19.0395,67200,0,0
2014-02-14,22.91,23.12,22.6,23.03,19.2063,40200,0,0
2014-02-18,23.17,23.51,23.13,23.34,19.4648,103600,0,0
2014-02-19,23.14,23.39,23.14,23.24,19.3814,53200,0,0
2014-02-20,23.34,23.67,23.34,23.55,19.64,27300,0,0
2014-02-21,23.68,23.68,23.43,23.53,19.6233,26000,0,0
2014-02-24,23.65,23.77,23.25,23.32,19.4482,42400,0,0
2014-02-25,23.3,23.44,23.25,23.35,19.4732,27800,0,0
2014-02-26,23.44,23.6,23.25,23.43,19.5399,30100,0,0
2014-02-27,23.43,23.67,23.25,23.56,19.6483,32900,0,0
2014-02-28,23.65,23.73,23.3,23.48,19.5816,73100,0,0
2014-03-03,23.34,23.71,23.2,23.5,19.5983,55100,0,0
2014-03-04,23.78,24.48,23.55,24.07,20.0736,81600,0,0
2014-03-05,23.97,24.38,23.8,24.29,20.2571,91900,0,0
2014-03-06,24.28,24.53,24.03,24.2,20.1821,92300,0,0
2014-03-07,24.38,24.55,24.15,24.46,20.3989,50900,0,0
2014-03-10,24.3,24.75,24.19,24.54,20.4656,59600,0,0
2014-03-11,24.47,24.48,23.63,23.79,19.8401,42400,0,0
2014-03-12,23.57,24.03,23.54,23.87,19.9068,33600,0,0
2014-03-13,24.02,24.02,23.25,23.33,19.4565,32400,0,0
2014-03-14,23.25,23.98,23.25,23.84,19.8818,30800,0,0
2014-03-17,24.05,24.06,23.73,23.75,19.8068,22100,0,0
2014-03-18,23.7,24.18,23.64,24.13,20.1237,28500,0,0
2014-03-19,24.03,24.13,23.8,24.04,20.0486,39700,0,0
2014-03-20,24.17,24.18,23.65,23.72,19.7817,46300,0,0
2014-03-21,23.89,24.65,23.67,24.54,20.4656,86700,0,0
2014-03-24,24.55,24.73,24,24.38,20.3322,59400,0,0
2014-03-25,24.44,24.68,24.17,24.18,20.1654,45000,0,0
2014-03-26,24.43,24.61,23.73,23.74,19.7984,44100,0,0
2014-03-27,23.77,24,23.29,23.39,19.5065,53400,0,0
2014-03-28,23.36,23.94,23.35,23.39,19.5065,30100,0,0
2014-03-31,23.46,24.13,23.46,23.82,19.8651,58300,0,0
2014-04-01,23.87,24.46,23.74,24.18,20.1654,53900,0,0
2014-04-02,24.18,24.85,24.08,24.28,20.2488,32200,0,0
2014-04-03,24.19,24.43,23.74,24.27,20.2404,18300,0,0
2014-04-04,24.45,24.45,23.55,23.82,19.8651,34300,0,0
2014-04-07,23.64,23.83,23.36,23.63,19.7067,40900,0,0
2014-04-08,23.5,23.82,23.36,23.39,19.6437,36100,0.165,0
2014-04-09,23.55,23.75,23.2,23.71,19.9125,39300,0,0
2014-04-10,23.4,23.78,22.91,22.93,19.2574,59900,0,0
2014-04-11,22.82,23.4,22.67,22.68,19.0474,51400,0,0
2014-04-14,22.96,23.02,22.38,22.62,18.997,56800,0,0
2014-04-15,22.58,22.58,22.17,22.37,18.7871,36900,0,0
2014-04-16,22.5,22.65,22.17,22.48,18.8794,31800,0,0
2014-04-17,22.44,22.76,22.29,22.65,19.0222,77200,0,0
2014-04-21,22.6,23.04,22.6,22.84,19.1818,24600,0,0
2014-04-22,22.95,23.05,22.8,22.91,19.2406,57300,0,0
2014-04-23,22.91,23.17,22.91,23.17,19.4589,42200,0,0
2014-04-24,23.24,23.32,23,23.19,19.4757,24800,0,0
2014-04-25,23.15,23.46,23.13,23.31,19.5765,52200,0,0
2014-04-28,23.48,23.95,23.24,23.43,19.6773,38800,0,0
2014-04-29,23.46,23.57,23.18,23.19,19.4757,36800,0,0
2014-04-30,23.25,23.25,22.82,22.99,19.3078,60700,0,0
2014-05-01,22.88,23.1,22.63,22.95,19.2742,85600,0,0
2014-05-02,23.35,26.1,23.35,26.04,21.8693,170400,0,0
2014-05-05,25.71,26.34,25.17,26.07,21.8945,78600,0,0
2014-05-06,25.97,26.86,25.75,26.64,22.3732,65000,0,0
2014-05-07,26.61,26.8,26.08,26.59,22.3312,51400,0,0
2014-05-08,26.45,26.61,25.8,26.11,21.9281,51500,0,0
2014-05-09,25.87,26.5,25.87,26.39,22.1632,52700,0,0
2014-05-12,26.61,27.27,26.55,27.22,22.8603,72700,0,0
2014-05-13,27.27,27.68,26.98,27.43,23.0366,115400,0,0
2014-05-14,27.29,27.49,26.66,27.16,22.8099,69100,0,0
2014-05-15,27.11,27.2,26.49,26.8,22.5075,52300,0,0
2014-05-16,26.74,26.85,26.51,26.68,22.4068,66200,0,0
2014-05-19,26.72,27.57,26.64,27.51,23.1038,76800,0,0
2014-05-20,27.27,27.64,26.25,26.3,22.0876,71900,0,0
2014-05-21,26.2,26.49,25.88,26.31,22.096,55800,0,0
2014-05-22,26.47,26.79,26.03,26.71,22.432,24400,0,0
2014-05-23,26.8,27.34,26.5,27.31,22.9359,28700,0,0
2014-05-27,27.29,27.8,27.19,27.7,23.2634,50800,0,0
2014-05-28,27.76,27.95,27.44,27.65,23.2214,37400,0,0
2014-05-29,27.65,27.82,27.02,27.31,22.9359,25700,0,0
2014-05-30,27.2,27.44,25.96,26.22,22.0204,154300,0,0
2014-06-02,26.44,26.56,25.75,26.17,21.9784,59900,0,0
2014-06-03,25.9,25.98,25.58,25.69,21.5753,50900,0,0
2014-06-04,25.63,26.08,25.52,25.79,21.6593,37800,0,0
2014-06-05,25.84,27.43,25.65,27.18,22.8267,80300,0,0
2014-06-06,27.47,27.84,27.02,27.13,22.7847,32300,0,0
2014-06-09,26.99,27.66,26.85,27.54,23.129,46900,0,0
2014-06-10,27.39,27.63,27.23,27.49,23.087,24900,0,0
2014-06-11,27.47,27.55,26.95,27.08,22.7427,29700,0,0
2014-06-12,27.08,27.33,26.84,27.16,22.8099,27000,0,0
2014-06-13,27.3,27.35,26.76,26.86,22.5579,26200,0,0
2014-06-16,26.73,27.16,26.55,27.12,22.7763,26800,0,0
2014-06-17,27.06,27.36,26.98,27.19,22.8351,30000,0,0
2014-06-18,27.13,27.13,26.51,26.86,22.5579,30100,0,0
2014-06-19,27.05,27.05,26.5,26.54,22.2892,23100,0,0
2014-06-20,26.72,26.72,26.3,26.31,22.096,57800,0,0
2014-06-23,26.44,26.51,26.25,26.27,22.0624,34800,0,0
2014-06-24,26.27,26.41,25.92,25.99,21.8273,51000,0,0
2014-06-25,25.8,26.92,25.8,26.85,22.5495,31600,0,0
2014-06-26,26.78,26.78,25.96,26.24,22.0372,23800,0,0
2014-06-27,25.99,26.74,25.86,26.37,22.1464,160700,0,0
2014-06-30,26.44,26.52,26.03,26.35,22.1296,35400,0,0
2014-07-01,26.36,27.31,26.36,27.02,22.6923,48600,0,0
2014-07-02,26.91,27.15,26.88,26.94,22.6251,27400,0,0
2014-07-03,26.95,27.29,26.95,27.26,22.8939,15700,0,0
2014-07-07,27.05,27.05,26.51,26.54,22.2892,47500,0,0
2014-07-08,26.37,26.91,26.08,26.08,22.0399,39800,0.165,0
2014-07-09,26.09,26.29,25.91,25.93,21.9131,21800,0,0
2014-07-10,25.41,26.08,25.41,25.86,21.854,33500,0,0
2014-07-11,25.67,26.04,25.61,25.73,21.7441,34900,0,0
2014-07-14,25.88,26.17,25.69,26.02,21.9892,29100,0,0
2014-07-15,25.88,26.06,25.69,25.85,21.8455,29300,0,0
2014-07-16,26.06,26.46,25.75,26.34,22.2596,40100,0,0
2014-07-17,26.03,26.54,25.78,25.89,21.8793,34200,0,0
2014-07-18,25.78,26.5,25.78,26.33,22.2511,30700,0,0
2014-07-21,26.02,26.18,25.85,26,21.9723,30500,0,0
2014-07-22,26.09,26.33,25.85,25.95,21.93,35300,0,0
2014-07-23,26.09,26.18,25.8,25.86,21.854,16500,0,0
2014-07-24,25.77,25.89,25.55,25.65,21.6765,43900,0,0
2014-07-25,25.43,25.47,25.22,25.24,21.33,26900,0,0
2014-07-28,25.24,25.66,25.01,25.01,21.1356,46000,0,0
2014-07-29,25.3,25.52,25.03,25.1,21.2117,27700,0,0
2014-07-30,25.33,25.33,24.93,24.99,21.1187,28300,0,0
2014-07-31,24.81,24.9,24.41,24.52,20.7215,35800,0,0
2014-08-01,24.46,24.71,23.91,24.66,20.8398,54400,0,0
2014-08-04,24.41,24.85,23.97,23.98,20.2652,118400,0,0
2014-08-05,23.95,24.69,23.92,24.3,20.5356,46100,0,0
2014-08-06,24.18,24.75,24.18,24.47,20.6793,56000,0,0
2014-08-07,24.64,24.74,24.32,24.67,20.8483,17100,0,0
2014-08-08,24.6,25.03,24.54,24.89,21.0342,29100,0,0
2014-08-11,24.96,25.79,24.96,25.31,21.3892,40000,0,0
2014-08-12,25.31,25.42,24.8,25.07,21.1863,22600,0,0
2014-08-13,25.07,25.13,24.88,24.93,21.068,18300,0,0
2014-08-14,25.02,25.41,24.88,24.97,21.1018,27100,0,0
2014-08-15,25.26,25.29,24.43,24.93,21.068,59900,0,0
2014-08-18,25.24,25.55,25.05,25.34,21.4145,29200,0,0
2014-08-19,25.21,25.43,25.04,25.2,21.2962,25100,0,0
2014-08-20,25.18,25.23,24.85,25,21.1272,27900,0,0
2014-08-21,25.06,25.18,24.8,24.91,21.0511,34700,0,0
2014-08-22,24.94,25.26,24.94,25.14,21.2455,16300,0,0
2014-08-25,25.18,25.19,24.72,25.08,21.1948,38800,0,0
2014-08-26,25.09,25.4,25.09,25.26,21.3469,26500,0,0
2014-08-27,25.39,25.4,25.11,25.12,21.2286,15900,0,0
2014-08-28,25.03,25.1,24.58,24.73,20.899,22000,0,0
2014-08-29,24.81,25.39,24.44,25.24,21.33,63100,0,0
2014-09-02,25.26,25.94,25.12,25.62,21.6511,50100,0,0
2014-09-03,25.89,26,25.56,25.8,21.8033,48900,0,0
2014-09-04,25.76,25.86,25.27,25.36,21.4314,16500,0,0
2014-09-05,25.23,25.81,24.82,25.6,21.6342,52800,0,0
2014-09-08,25.74,26,25.56,25.99,21.9638,50400,0,0
2014-09-09,25.85,25.97,25.59,25.79,21.7948,44000,0,0
2014-09-10,25.72,25.83,25.39,25.72,21.7356,15900,0,0
2014-09-11,25.51,26.14,25.38,26.05,22.0145,46000,0,0
2014-09-12,26.13,26.13,25.4,25.74,21.7525,26500,0,0
2014-09-15,25.64,25.64,25.1,25.12,21.2286,18500,0,0
2014-09-16,24.97,25.67,24.67,25.43,21.4906,27400,0,0
2014-09-17,25.47,25.47,24.99,25.09,21.2032,20400,0,0
2014-09-18,25.22,25.45,25.06,25.38,21.4483,18100,0,0
2014-09-19,25.45,26.07,24.95,25.33,21.4061,102100,0,0
2014-09-22,25.13,25.46,24.8,24.81,20.9666,30600,0,0
2014-09-23,24.8,25.17,24.39,24.57,20.7638,35500,0,0
2014-09-24,24.52,25.33,24.34,24.43,20.6455,30500,0,0
2014-09-25,24.27,24.27,23.83,23.92,20.2145,43500,0,0
2014-09-26,23.93,24.23,23.76,24.04,20.3159,39900,0,0
2014-09-29,23.77,24.7,23.76,23.92,20.2145,26400,0,0
2014-09-30,23.96,24.14,23.69,23.69,20.0201,59000,0,0
2014-10-01,23.52,23.83,23.38,23.41,19.7835,39900,0,0
2014-10-02,23.4,23.99,23.4,23.6,19.9441,23200,0,0
2014-10-03,23.87,24.39,23.73,24.28,20.5187,31100,0,0
2014-10-06,24.22,24.59,24.1,24.17,20.4258,41900,0,0
2014-10-07,23.9,24.13,23.07,23.81,20.2598,29800,0.165,0
2014-10-08,23.84,24.32,23.45,24.24,20.6257,39800,0,0
2014-10-09,24.22,24.45,23.57,23.74,20.2003,19700,0,0
2014-10-10,23.59,23.88,23.29,23.7,20.1662,30100,0,0
2014-10-13,23.74,24.67,23.56,24.32,20.6938,26200,0,0
2014-10-14,24.46,24.95,24.16,24.78,21.0852,41600,0,0
2014-10-15,24.39,25.04,24.11,24.97,21.2469,55900,0,0
2014-10-16,24.69,25.22,24.66,25.16,21.4085,39200,0,0
2014-10-17,25.54,25.54,24.45,24.61,20.9406,34900,0,0
2014-10-20,24.49,25.33,24.49,25.07,21.332,40100,0,0
2014-10-21,25.09,25.22,24.86,24.97,21.2469,24900,0,0
2014-10-22,24.9,24.96,24.44,24.46,20.8129,27400,0,0
2014-10-23,24.78,25.3,24.6,25.11,21.366,52800,0,0
2014-10-24,25.17,25.17,24.55,24.63,20.9576,22400,0,0
2014-10-27,24.62,24.73,24.24,24.5,20.847,26500,0,0
2014-10-28,24.46,25.42,24.46,25.4,21.6128,44500,0,0
2014-10-29,25.29,26.08,25.25,25.89,22.0297,27000,0,0
2014-10-30,25.73,26.48,25.73,26.47,22.5232,46500,0,0
2014-10-31,27,27.21,26.25,26.9,22.8891,76400,0,0
2014-11-03,27,27.2,26.64,26.84,22.8381,38800,0,0
2014-11-04,26.7,27.23,26.55,27.15,23.1018,24100,0,0
2014-11-05,27.3,27.3,26.92,27.17,23.1188,27700,0,0
2014-11-06,27.24,27.49,27.07,27.42,23.3316,47000,0,0
2014-11-07,27.46,27.46,27.06,27.29,23.221,24700,0,0
2014-11-10,27.19,27.45,26.73,27.43,23.3401,31700,0,0
2014-11-11,27.33,27.49,27.26,27.43,23.3401,25400,0,0
2014-11-12,27.32,27.92,27.29,27.87,23.7145,18900,0,0
2014-11-13,27.92,28.16,27.69,27.97,23.7996,34600,0,0
2014-11-14,27.98,28.08,27.63,27.63,23.5103,33300,0,0
2014-11-17,27.76,27.92,27.19,27.46,23.3656,22600,0,0
2014-11-18,27.64,27.68,27.17,27.31,23.238,18900,0,0
2014-11-19,27.42,27.54,26.87,27.1,23.0593,49100,0,0
2014-11-20,26.85,27.39,26.81,27.31,23.238,39500,0,0
2014-11-21,27.69,27.81,27.13,27.74,23.6039,40900,0,0
2014-11-24,27.63,28.27,27.43,28.25,24.0378,68700,0,0
2014-11-25,28.31,28.31,27.53,27.85,23.6975,40600,0,0
2014-11-26,28.28,28.28,27.68,27.96,23.7911,12800,0,0
2014-11-28,27.79,28.2,27.07,27.14,23.0933,36100,0,0
2014-12-01,27.14,27.62,26.72,27.26,23.1954,56300,0,0
2014-12-02,27.21,27.95,26.89,27.94,23.774,30900,0,0
2014-12-03,27.87,28.17,27.59,27.94,23.774,31500,0,0
2014-12-04,27.9,28.88,27.9,28.5,24.2505,69400,0,0
2014-12-05,28.5,28.76,28.5,28.63,24.3612,35600,0,0
2014-12-08,29,30.27,28.56,28.69,24.4122,93500,0,0
2014-12-09,28.69,30.74,28.69,30.18,25.68,99900,0,0
2014-12-10,30.08,30.73,29.82,30.28,25.7651,60900,0,0
2014-12-11,30.37,31.5,30.3,31.03,26.4033,85100,0,0
2014-12-12,30.67,31.44,30.66,31.08,26.4459,69300,0,0
2014-12-15,31.46,32.23,30.76,32.08,27.2967,69100,0,0
2014-12-16,32.08,33.94,31.89,32.83,27.9349,168600,0,0
2014-12-17,33.49,33.69,32.97,33.33,28.3604,143800,0,0
2014-12-18,33.78,34.87,33.06,33.33,28.3604,194100,0,0
2014-12-19,33.4,35.05,32.49,33.97,28.9049,207800,0,0
2014-12-22,34.31,34.74,33.88,34.52,29.3729,136200,0,0
2014-12-23,34.6,36.15,34.52,35.8,30.4621,150000,0,0
2014-12-24,35.66,36.02,35.09,35.66,30.343,59300,0,0
2014-12-26,35.89,36.16,35.16,35.59,30.2834,46800,0,0
2014-12-29,35.79,37.7,35.79,36.9,31.3981,145600,0,0
2014-12-30,37.22,37.39,36.65,37.14,31.6023,116600,0,0
2014-12-31,37.11,37.69,36.98,37.09,31.5597,77000,0,0
2015-01-02,37.37,38.56,36.38,38.49,32.751,145600,0,0
2015-01-05,38.79,41.63,38.54,40.9,34.8016,368200,0,0
2015-01-06,40.81,40.9,38.73,39.86,34.0541,221500,0.165,0
2015-01-07,40.22,40.61,39.3,40.31,34.4386,151200,0,0
2015-01-08,40.54,42.21,40.16,42.12,35.9849,213000,0,0
2015-01-09,42.01,42.87,41.28,42.51,36.3181,168000,0,0
2015-01-12,42.6,42.72,41.7,41.89,35.7884,170700,0,0
2015-01-13,42.5,44.92,41.92,44.11,37.6851,341500,0,0
2015-01-14,43.78,44.99,43.38,44.42,37.9499,217400,0,0
2015-01-15,44.78,46.57,44.1,45.01,38.454,322500,0,0
2015-01-16,44.76,46.97,44.5,46.48,39.7099,322500,0,0
2015-01-20,46.41,48.3,46.17,47.55,40.624,280800,0,0
2015-01-21,47.5,47.5,39.22,40.1,34.2591,568700,0,0
2015-01-22,40.1,44.19,39.84,42.69,36.4719,346600,0,0
2015-01-23,43.16,43.82,42.43,43.26,36.9589,189700,0,0
2015-01-26,43.6,44.97,43.41,44.09,37.668,209600,0,0
2015-01-27,44.25,44.98,43.88,44.79,38.266,165000,0,0
2015-01-28,44.5,44.79,42.9,43.19,36.8991,158500,0,0
2015-01-29,43.53,44.24,43.06,43.93,37.5313,221100,0,0
2015-01-30,43.45,44.2,42.4,42.65,36.4377,275700,0,0
2015-02-02,42.65,43.78,41.32,43.71,37.3433,174200,0,0
2015-02-03,43.9,44.77,43.34,44.21,37.7705,164600,0,0
2015-02-04,43.86,44.98,43.86,44.06,37.6423,122400,0,0
2015-02-05,44.16,44.53,43.34,43.8,37.4202,201100,0,0
2015-02-06,44.5,44.5,40.91,41.29,35.2758,228100,0,0
2015-02-09,41,42.29,40.17,42.14,36.002,227300,0,0
2015-02-10,42.13,42.76,41.86,42.01,35.8909,306300,0,0
2015-02-11,41.31,42.68,41.14,42.55,36.3523,182300,0,0
2015-02-12,42.69,42.77,41.89,42.44,36.2583,138800,0,0
2015-02-13,42.45,42.45,41.56,42.26,36.1045,143100,0,0
2015-02-17,42.26,44.42,41.77,44.12,37.6936,237300,0,0
2015-02-18,44.29,44.32,42.76,43.34,37.0272,118600,0,0
2015-02-19,43.41,43.95,43.06,43.87,37.48,98800,0,0
2015-02-20,43.99,43.99,42.62,42.91,36.6598,103200,0,0
2015-02-23,42.77,43.44,42.43,43.11,36.8307,167300,0,0
2015-02-24,42.79,43.88,42.63,43.37,37.0528,99800,0,0
2015-02-25,43.49,43.8,42.65,42.95,36.694,78100,0,0
2015-02-26,42.74,44,42.51,43.83,37.4458,85300,0,0
2015-02-27,43.98,44.34,43.23,43.24,36.9418,178700,0,0
2015-03-02,43.89,47.34,43.86,47.18,40.3079,451600,0,0
2015-03-03,47.18,47.18,45.4,45.81,39.1374,376500,0,0
2015-03-04,45.81,46.72,45.66,46.38,39.6244,127400,0,0
2015-03-05,46.48,48.36,45.99,48.29,41.2562,170200,0,0
2015-03-06,48.29,48.82,46.68,46.9,40.0687,142800,0,0
2015-03-09,47.26,48.99,47.26,48.85,41.7346,197500,0,0
2015-03-10,48.54,48.99,47.49,48.25,41.222,158200,0,0
2015-03-11,48.44,48.69,46.69,48.49,41.4271,190100,0,0
2015-03-12,48.65,50.11,48.12,49.64,42.4096,129800,0,0
2015-03-13,49.71,50.64,49.29,50.49,43.1358,129400,0,0
2015-03-16,50.56,51.09,48.12,48.46,41.4015,222900,0,0
2015-03-17,49,49.78,48.41,48.89,41.7688,148800,0,0
2015-03-18,48.52,49.51,48.22,49.28,42.102,107800,0,0
2015-03-19,49.3,49.85,49,49.31,42.1276,62000,0,0
2015-03-20,49.49,49.49,48.03,48.9,41.7774,119200,0,0
2015-03-23,48.71,50.04,48.06,49.52,42.307,102300,0,0
2015-03-24,49.57,49.8,48.5,48.9,41.7774,62200,0,0
2015-03-25,48.83,48.83,47.19,47.38,40.4787,130800,0,0
2015-03-26,47,47.74,46.69,47.57,40.6411,77700,0,0
2015-03-27,47.75,48.23,47.26,48.08,41.0768,108000,0,0
2015-03-30,48.13,50,47.52,49.81,42.5548,172900,0,0
2015-03-31,49.74,50.18,49.16,49.48,42.2729,192300,0,0
2015-04-01,49.51,51.24,48.76,51.15,43.6996,155700,0,0
2015-04-02,50.98,52.84,50.52,51.98,44.4087,126500,0,0
2015-04-06,52.09,53.67,51.75,53.26,45.5023,154900,0,0
2015-04-07,52.98,53.44,50.52,50.78,43.5183,200300,0.165,0
2015-04-08,50.62,53.99,50.6,53.9,46.1922,232400,0,0
2015-04-09,54.05,54.59,53.33,53.66,45.9865,132500,0,0
2015-04-10,53.67,53.79,51.75,52.23,44.761,93500,0,0
2015-04-13,52.23,52.23,50.45,51.97,44.5382,136300,0,0
2015-04-14,51.8,52.13,51.11,51.2,43.8783,113600,0,0
2015-04-15,51.21,51.43,50.26,50.48,43.2612,101200,0,0
2015-04-16,50.2,50.38,47.52,47.55,40.7502,174900,0,0
2015-04-17,47.07,47.83,46.52,47.56,40.7588,108900,0,0
2015-04-20,47.71,47.91,46.98,47.11,40.3732,125100,0,0
2015-04-21,47.1,47.49,46.71,46.86,40.1589,117500,0,0
2015-04-22,46.7,47.79,46.47,47.57,40.7674,78000,0,0
2015-04-23,47.29,47.78,46.53,47.28,40.5188,77800,0,0
2015-04-24,47.24,47.73,46.76,47.61,40.8017,79300,0,0
2015-04-27,47.91,48.2,45.73,46.11,39.5162,102300,0,0
2015-04-28,45.75,46.25,44.28,44.87,38.4535,169800,0,0
2015-04-29,44.1,45.06,42.56,43.14,36.9709,137000,0,0
2015-04-30,43.05,43.82,41.4,41.86,35.8739,136500,0,0
2015-05-01,41.99,43.6,41.9,43.06,36.9023,116700,0,0
2015-05-04,42.76,43.5,41.57,41.73,35.7625,144700,0,0
2015-05-05,41.23,42.13,40.57,40.87,35.0255,138000,0,0
2015-05-06,40.71,41.77,40.67,41.69,35.7282,81800,0,0
2015-05-07,42.03,42.15,38.69,42,35.9939,503800,0,0
2015-05-08,42.41,43.94,41.78,42.26,36.2167,208900,0,0
2015-05-11,42.53,50.21,42.53,49.68,42.5756,382000,0,0
2015-05-12,48.9,50.03,47.08,47.12,40.3817,219300,0,0
2015-05-13,47.44,48.25,46.72,47.21,40.4589,193500,0,0
2015-05-14,47.5,48.68,46.5,47.6,40.7931,109700,0,0
2015-05-15,47.6,47.97,47.15,47.5,40.7074,72800,0,0
2015-05-18,48.11,51.21,47.66,50.54,43.3127,226500,0,0
2015-05-19,49.94,51.03,48.48,50.68,43.4327,172500,0,0
2015-05-20,50.83,51.47,49.94,51.31,43.9726,108300,0,0
2015-05-21,51.15,51.91,50.86,51.25,43.9211,94000,0,0
2015-05-22,50.98,51.84,50.26,50.32,43.1241,80600,0,0
2015-05-26,50.6,50.82,48.74,49.47,42.3957,120300,0,0
2015-05-27,49.52,50.34,48.75,50.22,43.0384,120200,0,0
2015-05-28,49.7,50.8,49.35,49.89,42.7556,68700,0,0
2015-05-29,49.83,50.06,48.77,48.88,41.89,126000,0,0
2015-06-01,49,49.5,48.24,48.38,41.4615,136800,0,0
2015-06-02,48.21,49.49,48.01,49.08,42.0614,201200,0,0
2015-06-03,49.08,51.05,48.65,50.83,43.5612,113900,0,0
2015-06-04,50.74,51.75,49.87,50.28,43.0898,92500,0,0
2015-06-05,50.33,50.33,48.11,49.65,42.5499,152600,0,0
2015-06-08,49.76,49.76,47.35,47.53,40.7331,131500,0,0
2015-06-09,47.59,48.36,46.61,47.96,41.1016,147600,0,0
2015-06-10,48.09,49.74,48.09,49.1,42.0786,124400,0,0
2015-06-11,49.32,49.85,48.76,49.17,42.1386,77900,0,0
2015-06-12,48.92,50.79,48.5,49.25,42.2071,115600,0,0
2015-06-15,49.22,49.55,47.81,48.84,41.8558,141700,0,0
2015-06-16,48.65,49.36,48.16,48.44,41.513,89900,0,0
2015-06-17,48.68,49.46,48.49,48.85,41.8643,89300,0,0
2015-06-18,49.08,49.76,48.26,48.64,41.6844,115700,0,0
2015-06-19,48.79,49.32,47.47,47.61,40.8017,773700,0,0
2015-06-22,47.31,48.7,47.26,47.79,40.9559,148900,0,0
2015-06-23,47.77,48.88,47.77,48.49,41.5558,164500,0,0
2015-06-24,48.23,48.54,47.07,47.16,40.416,168300,0,0
2015-06-25,47.19,48.16,46.59,48.07,41.1959,123200,0,0
2015-06-26,48.03,48.32,47.19,47.57,40.7674,362600,0,0
2015-06-29,46.92,48.03,46.88,47.5,40.7074,148900,0,0
2015-06-30,47.86,48.64,47.18,47.77,40.9388,236600,0,0
2015-07-01,48.05,48.54,47.35,47.93,41.0759,188400,0,0
2015-07-02,47.9,48.2,47.36,47.91,41.0587,139700,0,0
2015-07-06,47.56,48.31,47.22,47.96,41.1016,131300,0,0
2015-07-07,47.59,49.98,47.58,49.91,42.9204,150100,0.165,0
2015-07-08,49.54,50.99,49.07,50.49,43.4192,128100,0,0
2015-07-09,51.01,51.4,49.48,50.95,43.8148,197900,0,0
2015-07-10,51.5,51.52,50.15,50.78,43.6686,96500,0,0
2015-07-13,51.16,51.52,49.4,50.29,43.2472,113500,0,0
2015-07-14,50.05,50.41,48.86,49.72,42.757,188100,0,0
2015-07-15,49.72,49.85,48.51,48.98,42.1207,196800,0,0
2015-07-16,49.24,50.34,48.81,49.87,42.886,110300,0,0
2015-07-17,49.79,50.47,48.76,48.87,42.0261,119800,0,0
2015-07-20,49.11,49.57,48.2,48.46,41.6735,163900,0,0
2015-07-21,48.55,49.26,48.11,48.56,41.7595,170200,0,0
2015-07-22,48.41,49.09,47.74,48.12,41.3811,186600,0,0
2015-07-23,48.35,48.35,47.17,47.25,40.6329,180700,0,0
2015-07-24,47.21,47.27,45.94,46.05,39.601,129500,0,0
2015-07-27,45.94,46.18,45.09,45.73,39.3258,133200,0,0
2015-07-28,45.75,46.72,45.04,46.23,39.7558,131400,0,0
2015-07-29,46.16,47.16,45.84,46.5,39.988,102700,0,0
2015-07-30,46.36,46.57,45.35,45.64,39.2484,204700,0,0
2015-07-31,45.72,46.4,45.5,46.28,39.7988,185600,0,0
2015-08-03,46.82,50.04,46.3,49.9,42.9118,158800,0,0
2015-08-04,49.75,50.84,49.24,50.31,43.2644,102900,0,0
2015-08-05,50.56,53.48,50.32,52.66,45.2853,306700,0,0
2015-08-06,52.54,52.78,50.34,51.22,44.047,134500,0,0
2015-08-07,51.02,51.38,49.51,49.61,42.6624,149300,0,0
2015-08-10,49.74,50.27,48.75,49.71,42.7484,160800,0,0
2015-08-11,49.38,50.46,49.38,50.26,43.2214,177800,0,0
2015-08-12,50.17,50.81,49.51,50.23,43.1956,91300,0,0
2015-08-13,49.81,52.35,49.71,51.32,44.1329,151300,0,0
2015-08-14,51.48,54.48,51.48,54.36,46.7472,145900,0,0
2015-08-17,54.22,55.95,53.92,55.9,48.0716,131500,0,0
2015-08-18,55.4,55.81,53.54,54.32,46.7128,155900,0,0
2015-08-19,53.99,54.7,52.91,53.9,46.3516,115300,0,0
2015-08-20,53.77,54.99,53.23,53.66,46.1452,109700,0,0
2015-08-21,53.05,54.58,52.79,52.89,45.4831,169200,0,0
2015-08-24,51.35,52.3,49.59,49.6,42.6538,237600,0,0
2015-08-25,51.05,51.49,49.13,49.35,42.4388,155300,0,0
2015-08-26,50.46,51.89,49.72,51.79,44.5371,109700,0,0
2015-08-27,52.02,52.46,50.08,50.87,43.746,111000,0,0
2015-08-28,50.57,50.7,49.61,50.28,43.2386,82000,0,0
2015-08-31,50.03,51.13,49.15,49.7,42.7398,142000,0,0
2015-09-01,48.77,50.4,48.55,49.19,42.3012,140100,0,0
2015-09-02,49.83,50.23,49.03,49.95,42.9548,143100,0,0
2015-09-03,50.23,50.91,49.18,50.27,43.23,136000,0,0
2015-09-04,49.57,51,49.22,49.44,42.5162,106800,0,0
2015-09-08,50.15,50.74,49.15,49.17,42.2841,135600,0,0
2015-09-09,49.65,50.14,47.63,48.31,41.5445,161400,0,0
2015-09-10,48.18,48.87,47.12,48.46,41.6735,64000,0,0
2015-09-11,48.29,48.64,47.15,47.55,40.8909,106000,0,0
2015-09-14,47.55,48.65,47.1,48.18,41.4327,110800,0,0
2015-09-15,48.12,48.59,47.47,48.56,41.7595,104400,0,0
2015-09-16,48.39,48.7,47.46,48.01,41.2865,84300,0,0
2015-09-17,47.61,49.5,47.31,49.04,42.1723,81600,0,0
2015-09-18,49.1,49.44,47.16,47.38,40.7447,171300,0,0
2015-09-21,47.41,47.97,47.19,47.81,41.1145,100100,0,0
2015-09-22,47.3,48.46,45.65,46.49,39.9794,142700,0,0
2015-09-23,46.5,46.63,45.39,45.54,39.1624,93800,0,0
2015-09-24,45.55,47.1,45.08,46.4,39.902,128800,0,0
2015-09-25,46.69,46.7,44.2,44.34,38.1305,201800,0,0
2015-09-28,44.31,45.74,44.14,45.36,39.0076,136600,0,0
2015-09-29,45.5,47.88,45.5,47.16,40.5555,163800,0,0
2015-09-30,47.36,48.16,46.4,47.83,41.1317,386800,0,0
2015-10-01,47.57,47.8,46.51,46.77,40.2202,186500,0,0
2015-10-02,46.5,48.6,46.26,48.05,41.3209,141800,0,0
2015-10-05,48.24,49.74,48.24,48.83,41.9917,149200,0,0
2015-10-06,48.63,48.82,45.51,46.11,39.787,135600,0.165,0
2015-10-07,46.22,46.64,45.35,46.36,40.0027,170500,0,0
2015-10-08,46.58,48.05,45.65,47.75,41.2021,119800,0,0
2015-10-09,47.7,48.81,46.94,48.7,42.0219,124300,0,0
2015-10-12,48.57,49.08,47.59,49.08,42.3498,93800,0,0
2015-10-13,48.7,50.88,48.29,50.52,43.5923,221900,0,0
2015-10-14,50.86,50.9,48.06,48.35,41.7199,209800,0,0
2015-10-15,48.56,48.68,46.29,47.24,40.7621,141100,0,0
2015-10-16,47.4,47.49,46.25,47.42,40.9174,85900,0,0
2015-10-19,47.28,50.12,47.28,50.06,43.1954,184700,0,0
2015-10-20,49.87,50.97,49.47,50.81,43.8425,113700,0,0
2015-10-21,50.78,51.6,47.61,49.87,43.0314,97600,0,0
2015-10-22,50.11,50.96,49.55,50.02,43.1609,77200,0,0
2015-10-23,50.31,50.31,47.5,48.97,42.2548,94900,0,0
2015-10-26,49.01,49.01,47.58,48.06,41.4696,77200,0,0
2015-10-27,47.97,48.62,46.99,47.51,40.9951,85800,0,0
2015-10-28,47.52,49.39,47.19,48.92,42.2117,125800,0,0
2015-10-29,48.78,49.76,48.15,49.59,42.7898,101800,0,0
2015-10-30,49.57,51.39,49.1,49.94,43.0918,114400,0,0
2015-11-02,49.89,51.76,49.81,51.63,44.5501,116500,0,0
2015-11-03,51.79,53.34,51.03,53.25,45.9479,102200,0,0
2015-11-04,53.3,53.8,52.31,52.65,45.4302,187200,0,0
2015-11-05,52.78,53.41,49,53.39,46.0687,85600,0,0
2015-11-06,53.13,55.17,52.84,55.12,47.5615,165900,0,0
2015-11-09,54.87,54.94,51.11,51.6,44.5242,119500,0,0
2015-11-10,51.48,53.73,50.75,53.18,45.8875,126200,0,0
2015-11-11,53.39,54.72,52.33,52.69,45.4647,88400,0,0
2015-11-12,52.5,53,51.62,52.01,44.878,143000,0,0
2015-11-13,51.56,52.37,50.59,50.88,43.9029,158300,0,0
2015-11-16,51.15,53.23,50.77,53.04,45.7667,102100,0,0
2015-11-17,53.18,55.9,53.18,54.75,47.2422,131200,0,0
2015-11-18,55.22,55.22,53.75,54.77,47.2595,99700,0,0
2015-11-19,54.55,55.66,53.71,54.62,47.1301,119000,0,0
2015-11-20,55.06,55.89,53.48,53.93,46.5347,131600,0,0
2015-11-23,53.82,56.23,53.66,56.09,48.3985,128900,0,0
2015-11-24,55.71,56.21,54.94,54.99,47.4493,123000,0,0
2015-11-25,55,57.68,54.65,56.43,48.6919,161700,0,0
2015-11-27,56.5,56.96,55.73,56.39,48.6573,59100,0,0
2015-11-30,56.23,56.4,54.18,54.47,47.0006,198300,0,0
2015-12-01,54.52,54.52,53.21,53.59,46.2413,334500,0,0
2015-12-02,53.72,56.25,53.64,55.81,48.1569,155800,0,0
2015-12-03,55.69,56,54.03,54.12,46.6986,162100,0,0
2015-12-04,54.21,55.15,53.75,54.62,47.1301,101100,0,0
2015-12-07,53.68,55.43,53.68,54.63,47.1387,174600,0,0
2015-12-08,53.97,54.81,53.35,54.17,46.7418,108900,0,0
2015-12-09,54.12,54.81,53.58,53.84,46.457,147200,0,0
2015-12-10,54.67,54.96,53.2,53.75,46.3794,197200,0,0
2015-12-11,52.64,53.35,46.76,47.16,40.693,284300,0,0
2015-12-14,47.34,47.51,43.33,43.93,37.906,180000,0,0
2015-12-15,44,45.45,43.72,44.97,38.8034,168100,0,0
2015-12-16,45.14,46.12,43.83,46.06,39.7439,174800,0,0
2015-12-17,46.39,46.39,43.18,43.24,37.3106,157900,0,0
2015-12-18,43.1,43.66,42.15,42.2,36.4132,343700,0,0
2015-12-21,42.72,44.01,42.03,43.2,37.2761,121400,0,0
2015-12-22,42.89,44.62,42.89,44.55,38.4409,133800,0,0
2015-12-23,44.49,45.13,43.71,44.84,38.6912,119200,0,0
2015-12-24,44.4,44.48,43.11,43.29,37.3537,62700,0,0
2015-12-28,43.4,43.92,42.84,43.21,37.2847,99900,0,0
2015-12-29,43.25,44.06,42.21,43.75,37.7506,129500,0,0
2015-12-30,43.51,44.04,43.06,43.69,37.6989,97500,0,0
2015-12-31,43.33,44.51,42.87,44.08,38.0354,226700,0,0
2016-01-04,43.08,44.33,38.22,38.35,33.0912,335300,0,0
2016-01-05,38.4,41.5,38.32,39.49,34.2221,224000,0.165,0
2016-01-06,39,39.79,38.23,38.66,33.5028,241100,0,0
2016-01-07,38.1,38.19,36.84,37.23,32.2635,244300,0,0
2016-01-08,37.23,38.29,36.91,37.71,32.6795,222100,0,0
2016-01-11,37.84,39.59,37.84,39.21,33.9794,162500,0,0
2016-01-12,39.57,40.32,38.54,39.19,33.9621,157000,0,0
2016-01-13,39.32,39.32,37.61,37.9,32.8442,161200,0,0
2016-01-14,38.12,38.78,37.35,37.95,32.8875,104400,0,0
2016-01-15,36.95,37.08,34.23,36.46,31.5962,201200,0,0
2016-01-19,36.67,36.67,35.21,35.71,30.9463,132000,0,0
2016-01-20,35.18,36.51,33.61,35.85,31.0676,229600,0,0
2016-01-21,36.1,36.48,34.97,35.93,31.137,188700,0,0
2016-01-22,36.37,37.94,35.9,36.35,31.5009,157500,0,0
2016-01-25,36.27,37.32,35.87,35.96,31.163,92700,0,0
2016-01-26,35.92,36.8,35.91,36.18,31.3536,79600,0,0
2016-01-27,36.17,36.82,35.44,35.86,31.0763,100100,0,0
2016-01-28,36.15,36.41,35.78,36.32,31.4749,71100,0,0
2016-01-29,36.38,38.43,36.38,38.36,33.2428,118700,0,0
2016-02-01,38.02,39.06,37.46,38.26,33.1561,135400,0,0
2016-02-02,37.78,37.78,36.87,37.22,32.2549,106300,0,0
2016-02-03,37.67,38.07,35.85,36.2,31.3709,106900,0,0
2016-02-04,35.94,36.57,35.62,36.14,31.3189,94500,0,0
2016-02-05,36.08,36.77,33.62,34.23,29.6637,220500,0,0
2016-02-08,34.99,34.99,32.03,34.18,29.6204,159000,0,0
2016-02-09,34.15,35.1,34.11,34.44,29.8457,123300,0,0
2016-02-10,34.63,35.22,34.23,34.58,29.967,267600,0,0
2016-02-11,33.87,35.19,33.35,34.93,30.2704,124200,0,0
2016-02-12,35.45,36.15,34.53,35.47,30.7383,101300,0,0
2016-02-16,35.67,36.38,35.12,35.84,31.0589,98600,0,0
2016-02-17,35.82,35.92,35.17,35.38,30.6603,158400,0,0
2016-02-18,35.22,35.27,34.18,34.97,30.305,109300,0,0
2016-02-19,34.6,35.22,33.91,34.14,29.5857,110000,0,0
2016-02-22,34.38,34.68,33.95,34.41,29.8197,137500,0,0
2016-02-23,34.28,36.48,34.16,36.26,31.4229,148800,0,0
2016-02-24,35.99,36.52,34.86,36.2,31.3709,139800,0,0
2016-02-25,36.24,36.66,35.74,36.54,31.6656,55300,0,0
2016-02-26,36.72,36.88,35.97,36.09,31.2756,126100,0,0
2016-02-29,35.53,36.04,31.77,33.73,29.2304,349100,0,0
2016-03-01,34.16,34.44,33.07,34.05,29.5077,385500,0,0
2016-03-02,34.12,34.85,33.75,34.74,30.1057,145500,0,0
2016-03-03,34.58,34.82,31.8,32.14,27.8525,201900,0,0
2016-03-04,32.54,33.21,31.89,32.64,28.2858,153000,0,0
2016-03-07,32.57,33.92,32.57,33.06,28.6498,123400,0,0
2016-03-08,32.77,33.82,32.77,32.95,28.5545,151000,0,0
2016-03-09,33.16,34.03,33.02,33.91,29.3864,100700,0,0
2016-03-10,33.92,34.65,32.7,32.88,28.4938,89200,0,0
2016-03-11,33.23,34.71,32.91,34.67,30.045,144800,0,0
2016-03-14,34.45,35.17,34.21,35.07,30.3917,119900,0,0
2016-03-15,34.68,35.09,33.76,34.76,30.123,219200,0,0
2016-03-16,34.36,36.14,33.8,35.39,30.669,163500,0,0
2016-03-17,35.44,35.99,35.31,35.87,31.085,93000,0,0
2016-03-18,35.87,36.47,35.16,36.07,31.2583,225900,0,0
2016-03-21,36.08,36.41,34.73,35.36,30.643,233600,0,0
2016-03-22,35.34,35.92,35,35.31,30.5997,92800,0,0
2016-03-23,35.26,35.31,34.5,34.83,30.1837,146700,0,0
2016-03-24,34.71,35.05,34.37,34.99,30.3224,66700,0,0
2016-03-28,34.91,35.5,34.64,35.17,30.4783,125200,0,0
2016-03-29,35.06,36.19,34.64,36.14,31.3189,129900,0,0
2016-03-30,36.39,37.48,35.87,37.12,32.1682,222400,0,0
2016-03-31,36.98,37.63,36.8,37.5,32.4975,270400,0,0
2016-04-01,37.33,37.45,36.96,37.32,32.3415,153900,0,0
2016-04-04,37.24,37.24,35.7,36.17,31.3449,218300,0,0
2016-04-05,35.65,37.46,35.65,36.14,31.4625,206400,0.165,0
2016-04-06,36.2,36.66,36.2,36.46,31.7411,87700,0,0
2016-04-07,36.15,36.61,34.3,34.95,30.4265,166800,0,0
2016-04-08,35.08,35.66,34.21,34.38,29.9303,108100,0,0
2016-04-11,34.57,34.78,33.63,33.68,29.3209,173600,0,0
2016-04-12,33.68,34.79,33.5,34.53,30.0608,116900,0,0
2016-04-13,34.69,35.9,34.53,35.84,31.2013,124500,0,0
2016-04-14,35.77,35.77,34.64,34.82,30.3133,68400,0,0
2016-04-15,34.82,36.16,34.68,36.13,31.4538,95900,0,0
2016-04-18,35.87,36.06,34.94,35.28,30.7138,81100,0,0
2016-04-19,35.41,35.57,34.68,34.69,30.2001,92400,0,0
2016-04-20,34.67,36.39,34.67,36.03,31.3667,70500,0,0
2016-04-21,36.01,36.01,34.79,35.12,30.5745,68400,0,0
2016-04-22,35.02,35.39,34.41,35.03,30.4961,90700,0,0
2016-04-25,35,36.01,35,35.97,31.3145,95500,0,0
2016-04-26,35.98,37.27,35.74,36.96,32.1763,119500,0,0
2016-04-27,36.94,37.28,36.6,37.03,32.2373,112600,0,0
2016-04-28,36.9,37.65,36.65,37.07,32.2721,91000,0,0
2016-04-29,36.9,37.18,36.01,36.07,31.4015,70800,0,0
2016-05-02,36.28,36.68,35.81,36.5,31.7759,90200,0,0
2016-05-03,36.22,36.98,36.05,36.56,31.8281,75500,0,0
2016-05-04,36.37,36.89,35.81,36.73,31.9761,85300,0,0
2016-05-05,36.88,36.88,36.05,36.16,31.4799,94400,0,0
2016-05-06,36.21,37.12,36.21,37.12,32.3156,132300,0,0
2016-05-09,38,41.4,36.92,40.9,35.6064,190900,0,0
2016-05-10,40.67,40.86,39.37,39.42,34.3179,142000,0,0
2016-05-11,39.24,39.32,37.61,37.68,32.8032,160200,0,0
2016-05-12,37.9,38.62,37.82,38.46,33.4822,78000,0,0
2016-05-13,38.14,39.35,38.06,38.33,33.369,66000,0,0
2016-05-16,38.51,38.69,37.61,38.45,33.4735,111300,0,0
2016-05-17,38.24,38.53,37.02,37.23,32.4114,82500,0,0
2016-05-18,37.26,37.28,36.08,36.71,31.9587,87100,0,0
2016-05-19,36.66,37.29,36.44,37.07,32.2721,64900,0,0
2016-05-20,36.69,37.33,35.98,37.04,32.246,112700,0,0
2016-05-23,36.9,37.58,36.24,36.48,31.7585,114100,0,0
2016-05-24,36.57,37.91,36.53,37.78,32.8902,111700,0,0
2016-05-25,38.04,38.04,36.99,37.18,32.3679,54300,0,0
2016-05-26,37.26,37.88,37.19,37.44,32.5942,69200,0,0
2016-05-27,37.59,38.34,37.26,38.32,33.3603,59800,0,0
2016-05-31,38.24,38.41,37.01,37.28,32.4549,111100,0,0
2016-06-01,36.89,38.68,36.89,38.45,33.4735,91700,0,0
2016-06-02,38.3,38.53,37.8,38.5,33.517,80400,0,0
2016-06-03,38.5,39.8,37.76,38.3,33.3429,72000,0,0
2016-06-06,38.19,38.55,38.03,38.05,33.1253,47900,0,0
2016-06-07,38.16,38.67,37.92,38.45,33.4735,69600,0,0
2016-06-08,38.37,39.09,38.06,39.01,33.961,66300,0,0
2016-06-09,38.97,38.97,38.37,38.61,33.6128,76400,0,0
2016-06-10,38.13,38.73,37.69,38.47,33.4909,64200,0,0
2016-06-13,38.09,38.47,37.27,37.5,32.6464,108600,0,0
2016-06-14,37.51,37.81,36.96,37.3,32.4723,87900,0,0
2016-06-15,37.29,38.13,37.11,37.35,32.5159,96500,0,0
2016-06-16,37.06,37.75,36.95,37.41,32.5681,91100,0,0
2016-06-17,37.3,37.35,36.51,36.7,31.95,159900,0,0
2016-06-20,37.04,37.67,37.02,37.1,32.2982,62000,0,0
2016-06-21,36.97,36.97,36.35,36.65,31.9064,52100,0,0
2016-06-22,36.58,37.25,36.57,37.08,32.2808,97500,0,0
2016-06-23,37.46,37.99,37.36,37.9,32.9947,51200,0,0
2016-06-24,37.5,38.62,37.06,38.15,33.2123,280700,0,0
2016-06-27,37.86,37.99,36.93,37.78,32.8902,106200,0,0
2016-06-28,38.01,38.62,36.38,36.48,31.7585,120600,0,0
2016-06-29,36.54,37.37,36.46,37.22,32.4027,75300,0,0
2016-06-30,37.26,37.36,36.06,37.3,32.4723,127100,0,0
2016-07-01,37.41,38.04,37.4,37.86,32.9599,55300,0,0
2016-07-05,37.5,38.05,37.02,37.85,33.0954,43000,0.165,0
2016-07-06,37.75,38.61,37.46,38.58,33.7337,91100,0,0
2016-07-07,38.45,38.74,37.83,38.64,33.7861,45000,0,0
2016-07-08,38.9,40,38.65,39.75,34.7567,68900,0,0
2016-07-11,39.83,39.98,39.44,39.95,34.9316,55300,0,0
2016-07-12,39.92,40.31,39.51,39.95,34.9316,61600,0,0
2016-07-13,40.11,40.47,39.65,40.03,35.0015,77100,0,0
2016-07-14,40.14,40.41,39.73,40.04,35.0103,31500,0,0
2016-07-15,40.35,40.35,40,40.05,35.019,36400,0,0
2016-07-18,40.01,40.65,39.85,40.06,35.0278,44900,0,0
2016-07-19,40.14,40.29,39.81,39.81,34.8092,24900,0,0
2016-07-20,39.83,40.26,39.72,39.74,34.748,33700,0,0
2016-07-21,39.6,39.82,39.13,39.19,34.2671,36800,0,0
2016-07-22,39.06,39.65,38.78,39.32,34.3807,36000,0,0
2016-07-25,39.1,40.29,39.03,40.25,35.1939,38900,0,0
2016-07-26,40.35,40.67,40,40.54,35.4475,49900,0,0
2016-07-27,40.5,40.86,39.21,39.61,34.6343,49000,0,0
2016-07-28,39.67,39.67,38.66,38.97,34.0747,72000,0,0
2016-07-29,39.01,39.31,38.54,38.83,33.9523,67600,0,0
2016-08-01,38.62,38.75,37.91,38.09,33.3052,104700,0,0
2016-08-02,37.98,38.46,36.15,36.86,32.2297,85600,0,0
2016-08-03,36.73,37.12,35.77,36.41,31.8363,103400,0,0
2016-08-04,36.58,37.62,36.58,37.49,32.7806,70400,0,0
2016-08-05,37.77,38.04,37.06,37.91,33.1478,64300,0,0
2016-08-08,37.98,38.51,37.21,37.36,32.6669,46300,0,0
2016-08-09,37.31,37.83,37.26,37.52,32.8068,54100,0,0
2016-08-10,37.43,37.72,36.99,37.49,32.7806,50600,0,0
2016-08-11,37.38,38.19,36.82,36.98,32.3347,88400,0,0
2016-08-12,37.14,37.46,36.56,37.12,32.4571,54900,0,0
2016-08-15,37.24,37.45,37.03,37.36,32.6669,73200,0,0
2016-08-16,37.22,37.44,36.63,36.71,32.0986,58900,0,0
2016-08-17,36.79,37,36.2,36.63,32.0286,106000,0,0
2016-08-18,36.71,37.14,36.56,36.89,32.256,43200,0,0
2016-08-19,36.72,37.43,36.53,36.97,32.3259,47200,0,0
2016-08-22,36.93,37.75,36.67,37.59,32.868,47400,0,0
2016-08-23,37.77,38.03,37.31,37.64,32.9118,42200,0,0
2016-08-24,37.84,39.09,37.84,38.89,34.0047,84400,0,0
2016-08-25,38.84,38.84,38.01,38.12,33.3315,36300,0,0
2016-08-26,38.55,38.55,36.92,37.54,32.8243,50000,0,0
2016-08-29,37.55,37.78,37.44,37.75,33.008,38600,0,0
2016-08-30,37.75,38.08,37.65,37.94,33.1741,31300,0,0
2016-08-31,38.06,38.31,37.75,37.83,33.0779,66400,0,0
2016-09-01,37.85,38.48,37.44,37.94,33.1741,57500,0,0
2016-09-02,38.02,38.84,37.68,38.6,33.7512,57200,0,0
2016-09-06,38.56,39,38.43,38.83,33.9523,44100,0,0
2016-09-07,38.61,38.85,37.05,38.54,33.6987,82300,0,0
2016-09-08,38.34,38.9,37.93,38.87,33.9873,60600,0,0
2016-09-09,38.54,38.91,38.12,38.61,33.7599,71000,0,0
2016-09-12,38.33,38.85,38.03,38.64,33.7861,61200,0,0
2016-09-13,38.45,38.86,38.15,38.6,33.7512,67700,0,0
2016-09-14,38.5,38.67,38.07,38.12,33.3315,61300,0,0
2016-09-15,38.16,38.69,37.52,38.38,33.5588,48200,0,0
2016-09-16,38.49,38.98,37.78,38.16,33.3664,106500,0,0
2016-09-19,38.4,38.91,37.81,38.58,33.7337,39400,0,0
2016-09-20,38.73,38.92,38.1,38.11,33.3227,28300,0,0
2016-09-21,38.32,38.32,37.57,38.18,33.3839,36100,0,0
2016-09-22,38.34,38.58,37.88,38.47,33.6375,42500,0,0
2016-09-23,38.58,38.83,38.28,38.58,33.7337,23100,0,0
2016-09-26,38.5,39.17,38.1,38.93,34.0397,36900,0,0
2016-09-27,38.55,39.1,38.17,38.4,33.5763,32500,0,0
2016-09-28,38.37,38.8,38.15,38.76,33.8911,40000,0,0
2016-09-29,38.63,38.93,38.21,38.33,33.5151,35000,0,0
2016-09-30,38.78,39.75,38.66,39.54,34.5731,57900,0,0
2016-10-03,39.17,39.46,38.78,39.24,34.3108,45600,0,0
2016-10-04,38.96,39.62,38.78,39.14,34.3678,43400,0.165,0
2016-10-05,39.39,39.98,39.16,39.74,34.8947,60900,0,0
2016-10-06,39.74,40.49,39.32,40.32,35.404,48000,0,0
2016-10-07,40.45,40.76,38.91,38.95,34.201,54500,0,0
2016-10-10,38.8,40,38.05,39.65,34.8157,44100,0,0
2016-10-11,39.6,40.15,39.4,39.75,34.9035,28400,0,0
2016-10-12,39.6,40.8,39.3,40.6,35.6498,25200,0,0
2016-10-13,40.55,40.55,39.55,39.75,34.9035,26900,0,0
2016-10-14,40,40.9,39.4,40.45,35.5181,25100,0,0
2016-10-17,40.45,40.45,39.7,39.85,34.9913,36900,0,0
2016-10-18,39.9,40.15,39.6,39.8,34.9474,25000,0,0
2016-10-19,39.9,41.35,39.7,41.1,36.0889,31600,0,0
2016-10-20,40.8,41.15,40.6,40.8,35.8255,27800,0,0
2016-10-21,40.5,41.18,40.3,41,36.0011,23200,0,0
2016-10-24,41.1,41.85,41.1,41.3,36.2645,25200,0,0
2016-10-25,41.25,41.35,41,41.3,36.2645,29700,0,0
2016-10-26,41.4,41.65,40.95,41,36.0011,23300,0,0
2016-10-27,41.2,41.3,41,41.05,36.045,25600,0,0
2016-10-28,41.15,41.4,41,41.05,36.045,47300,0,0
2016-10-31,41.05,41.05,39.4,39.5,34.684,52000,0,0
2016-11-01,39.65,41.39,39.65,41.2,36.1767,54500,0,0
2016-11-02,41,41.55,40.6,40.65,35.6937,25100,0,0
2016-11-03,40.7,40.75,38.7,38.75,34.0254,40100,0,0
2016-11-04,39.45,39.5,38.75,39.4,34.5961,44100,0,0
2016-11-07,40,41.2,39.05,41,36.0011,40900,0,0
2016-11-08,40.75,41.65,40,41.2,36.1767,28200,0,0
2016-11-09,40.65,43.55,39.26,43,37.7572,56000,0,0
2016-11-10,43.05,45.7,42.4,45.45,39.9085,80400,0,0
2016-11-11,45.45,48,44.35,46.65,40.9622,93800,0,0
2016-11-14,46.95,47.65,46.45,47.2,41.4451,89500,0,0
2016-11-15,47.25,48.05,46.05,47.65,41.8403,55300,0,0
2016-11-16,47.6,47.6,46.2,47.3,41.5329,37300,0,0
2016-11-17,47.1,48.05,47,47.6,41.7963,42100,0,0
2016-11-18,47.7,48,46.85,47.6,41.7963,73500,0,0
2016-11-21,47.6,47.85,47.05,47.4,41.6207,30400,0,0
2016-11-22,47.35,47.7,46.8,47.4,41.6207,61300,0,0
2016-11-23,47.25,47.55,47,47.45,41.6647,36200,0,0
2016-11-25,47.65,47.65,47.3,47.45,41.6647,25700,0,0
2016-11-28,47.3,47.5,46.2,47,41.2695,54800,0,0
2016-11-29,47.2,47.85,46.65,46.9,41.1817,45100,0,0
2016-11-30,46.9,47.3,45.85,45.9,40.3036,45800,0,0
2016-12-01,45.85,46.55,45.5,45.95,40.3475,37600,0,0
2016-12-02,45.6,46.3,45.2,45.3,39.7768,31100,0,0
2016-12-05,45.85,46.3,45.5,45.85,40.2597,46800,0,0
2016-12-06,46.1,46.85,45.35,46.75,41.05,67500,0,0
2016-12-07,46.35,47.5,46.1,47.45,41.6647,60800,0,0
2016-12-08,47.6,49.8,47.6,49.25,43.2452,82400,0,0
2016-12-09,48.95,49.2,48.18,48.9,42.9379,52800,0,0
2016-12-12,48.3,48.9,47.2,47.7,41.8842,44200,0,0
2016-12-13,47.8,48.8,47.5,48.3,42.411,32300,0,0
2016-12-14,48.3,48.75,47.25,47.5,41.7086,54100,0,0
2016-12-15,47.65,48.95,47.25,48.05,42.1915,76800,0,0
2016-12-16,48.5,51.6,47.85,49.25,43.2452,200400,0,0
2016-12-19,49.5,52.25,49.5,51.4,45.133,93100,0,0
2016-12-20,51.65,52.4,51.05,51.7,45.3965,61500,0,0
2016-12-21,51.5,51.63,50.5,50.5,44.3428,71400,0,0
2016-12-22,50.25,50.25,48.8,48.8,42.85,87900,0,0
2016-12-23,48.9,49.45,48.65,49.25,43.2452,36800,0,0
2016-12-27,49.1,50.15,49.1,49.65,43.5964,26500,0,0
2016-12-28,49.6,49.85,48.8,49.2,43.2013,41200,0,0
2016-12-29,49.6,49.95,48.5,49,43.0257,44300,0,0
2016-12-30,48.95,48.95,47.95,48.1,42.2354,60900,0,0
2017-01-03,48.8,49.5,47.5,49.5,43.4647,69400,0,0
2017-01-04,49.65,50.2,49.43,49.8,43.8744,33800,0.165,0
2017-01-05,49.45,49.45,48.3,48.9,43.0815,50800,0,0
2017-01-06,49.1,49.1,48,48,42.2885,32100,0,0
2017-01-09,48.15,48.78,47.2,48.45,42.685,37700,0,0
2017-01-10,48.5,49.45,48.45,49.35,43.4779,42500,0,0
2017-01-11,49.3,49.5,48.2,48.4,42.641,38200,0,0
2017-01-12,48.15,48.55,47.55,47.65,41.9802,33700,0,0
2017-01-13,47.9,48.6,47.85,48.15,42.4207,24300,0,0
2017-01-17,48.05,48.8,47.85,48.3,42.5528,48900,0,0
2017-01-18,48.25,48.25,47.85,47.95,42.2445,42900,0,0
2017-01-19,48,48,46.55,46.55,41.0111,44100,0,0
2017-01-20,46.55,47.35,45.9,46.15,40.6587,50700,0,0
2017-01-23,45.9,47.25,45.85,46.95,41.3635,53400,0,0
2017-01-24,47,47.2,46.25,46.6,41.0551,35400,0,0
2017-01-25,46.9,47.2,46,46.5,40.967,46200,0,0
2017-01-26,46.4,46.8,45.65,45.8,40.3503,55800,0,0
2017-01-27,45.65,45.65,44.6,44.8,39.4693,56900,0,0
2017-01-30,44.55,44.8,43.85,44.2,38.9407,44800,0,0
2017-01-31,43.95,45.45,43.65,45.25,39.8658,65100,0,0
2017-02-01,45.6,45.8,45.15,45.5,40.086,46500,0,0
2017-02-02,45.8,47.95,45.5,47.45,41.804,54900,0,0
2017-02-03,48,48.35,47.55,47.7,42.0242,47700,0,0
2017-02-06,47.45,47.75,45.3,45.7,40.2622,53500,0,0
2017-02-07,45.7,45.85,44.5,44.95,39.6015,70600,0,0
2017-02-08,44.95,45.6,44.65,45.45,40.042,70600,0,0
2017-02-09,45.35,46.65,45.35,46.35,40.8349,51800,0,0
2017-02-10,46.65,47.2,46.5,47.15,41.5397,29500,0,0
2017-02-13,47.5,47.5,46.1,46.4,40.8789,36100,0,0
2017-02-14,46.1,46.8,46.1,46.6,41.0551,29200,0,0
2017-02-15,46.35,46.95,46.25,46.85,41.2754,25600,0,0
2017-02-16,46.95,47,45.75,46.45,40.923,42500,0,0
2017-02-17,46.35,46.95,46.1,46.8,41.2313,44500,0,0
2017-02-21,47.2,47.5,46.35,47.15,41.5397,60700,0,0
2017-02-22,47.2,47.65,46.75,47.45,41.804,38400,0,0
2017-02-23,47.64,47.98,47.4,47.65,41.9802,40400,0,0
2017-02-24,47.4,48.35,47.4,48.2,42.4647,38700,0,0
2017-02-27,48,48.25,47.5,47.9,42.2005,39300,0,0
2017-02-28,47.6,47.6,46.6,46.85,41.2754,76100,0,0
2017-03-01,47.55,47.55,46.35,46.45,40.923,36500,0,0
2017-03-02,46.15,46.65,45.8,46.45,40.923,44000,0,0
2017-03-03,46.45,46.45,45.6,46.15,40.6587,57900,0,0
2017-03-06,46,46.12,45.35,45.75,40.3063,34400,0,0
2017-03-07,45.85,45.9,44.55,44.7,39.3812,36800,0,0
2017-03-08,44.75,45.3,44.35,44.65,39.3372,36700,0,0
2017-03-09,44.65,44.85,43.3,43.4,38.2359,44800,0,0
2017-03-10,44.05,44.15,43.25,43.3,38.1478,35100,0,0
2017-03-13,43.3,43.9,42.85,43.45,38.2799,33100,0,0
2017-03-14,43.3,43.5,42.85,43.25,38.1037,18600,0,0
2017-03-15,43.3,43.8,43.25,43.45,38.2799,34000,0,0
2017-03-16,43.4,44.45,43.4,44.45,39.161,26900,0,0
2017-03-17,44.3,45.4,43.85,45.2,39.8217,101100,0,0
2017-03-20,45.1,45.2,44,44.35,39.0728,25600,0,0
2017-03-21,44.55,44.55,43.7,43.8,38.5883,47300,0,0
2017-03-22,43.8,44.05,42.7,43.4,38.2359,33200,0,0
2017-03-23,43.4,44.3,43.35,43.65,38.4562,25900,0,0
2017-03-24,43.6,44,42.95,43.15,38.0156,15600,0,0
2017-03-27,42.8,43.75,42.8,43.65,38.4562,27500,0,0
2017-03-28,43.35,43.95,43.1,43.7,38.5002,33200,0,0
2017-03-29,43.6,44.7,43.6,44.65,39.3372,22500,0,0
2017-03-30,44.55,44.65,44.2,44.4,39.1169,27900,0,0
2017-03-31,44.68,44.8,43,43.15,38.0156,62500,0,0
2017-04-03,43.1,43.85,43.1,43.7,38.5002,39900,0,0
2017-04-04,43.5,43.85,42.9,43.2,38.2039,32400,0.165,0
2017-04-05,43.45,43.7,42.5,42.85,37.8944,31500,0,0
2017-04-06,42.75,43.75,42.75,43.6,38.5577,41900,0,0
2017-04-07,43.5,43.95,43.5,43.9,38.823,20300,0,0
2017-04-10,43.85,44.9,43.85,44.6,39.442,31900,0,0
2017-04-11,44.6,45.45,44.2,45.25,40.0169,37300,0,0
2017-04-12,45.05,45.05,44.15,44.2,39.0883,25500,0,0
2017-04-13,44.05,44.15,43.35,43.55,38.5135,25000,0,0
2017-04-17,43.7,44.55,43.45,44.4,39.2652,33400,0,0
2017-04-18,44.25,44.9,44.15,44.75,39.5747,15200,0,0
2017-04-19,44.9,45.35,44.65,45.15,39.9284,22300,0,0
2017-04-20,45.4,46.35,45.25,46.2,40.857,38700,0,0
2017-04-21,46,46.6,45.65,46.4,41.0339,34700,0,0
2017-04-24,47.05,47.3,46.65,47.15,41.6971,63700,0,0
2017-04-25,47.4,47.95,46.05,46.1,40.7686,38100,0,0
2017-04-26,46.1,47.95,46.1,47.55,42.0509,37300,0,0
2017-04-27,47.55,47.85,47.18,47.55,42.0509,23200,0,0
2017-04-28,47.15,47.23,46.5,46.7,41.2992,39100,0,0
2017-05-01,46.95,46.95,46.25,46.45,41.0781,23600,0,0
2017-05-02,47.9,47.9,45.75,45.85,40.5475,26300,0,0
2017-05-03,46.05,46.05,44.96,45.25,40.0169,52700,0,0
2017-05-04,44.4,44.55,41.35,41.85,37.0101,113100,0,0
2017-05-05,42.1,42.15,41.3,41.9,37.0543,56800,0,0
2017-05-08,42,42.75,41.67,42.15,37.2754,29000,0,0
2017-05-09,42,42,40.05,40.55,35.8604,93000,0,0
2017-05-10,40.45,41.3,40.25,40.5,35.8162,48700,0,0
2017-05-11,40.25,41.15,39.75,39.85,35.2414,30300,0,0
2017-05-12,39.8,39.9,38.4,38.45,34.0033,62200,0,0
2017-05-15,38.4,39.83,38.4,39.55,34.9761,53500,0,0
2017-05-16,39.45,40.05,38.9,39.25,34.7108,76900,0,0
2017-05-17,39,39,37.95,38,33.6053,54700,0,0
2017-05-18,37.85,38.4,37.8,37.85,33.4727,53800,0,0
2017-05-19,37.6,38.2,37.5,37.85,33.4727,49700,0,0
2017-05-22,37.95,38.45,37.7,37.85,33.4727,47500,0,0
2017-05-23,38.05,38.55,37.55,38.1,33.6938,46600,0,0
2017-05-24,38,38.95,37.4,37.95,33.5611,50800,0,0
2017-05-25,38,38.55,37.95,38,33.6053,31600,0,0
2017-05-26,37.9,38.26,36.6,37,32.721,64800,0,0
2017-05-30,37.2,37.4,36.3,36.45,32.2346,66800,0,0
2017-05-31,36.55,36.95,36.1,36.6,32.3672,88500,0,0
2017-06-01,36.6,38.4,36.5,38.3,33.8706,65900,0,0
2017-06-02,38.3,38.95,37.7,37.8,33.4285,40500,0,0
2017-06-05,37.55,38.1,37.3,37.4,33.0747,30300,0,0
2017-06-06,37.1,37.25,36.05,36.15,31.9693,66400,0,0
2017-06-07,36.35,37.04,35.8,36,31.8366,60200,0,0
2017-06-08,36.2,36.4,35.8,35.9,31.7482,89700,0,0
2017-06-09,35.85,37.08,35.85,36.9,32.6325,91400,0,0
2017-06-12,36.8,37.95,36.55,36.75,32.4999,56600,0,0
2017-06-13,36.7,36.9,35.69,36.75,32.4999,54900,0,0
2017-06-14,36.75,37.2,36.15,36.95,32.6768,30300,0,0
2017-06-15,36.65,36.9,34.9,35,30.9523,71700,0,0
2017-06-16,34.45,34.45,31.75,33.95,30.0237,227800,0,0
2017-06-19,34.4,34.95,33.45,33.5,29.6257,73000,0,0
2017-06-20,33.45,33.45,31.3,31.65,27.9897,119900,0,0
2017-06-21,31.75,32.35,31.75,31.8,28.1224,78100,0,0
2017-06-22,31.7,32.45,31.45,32.25,28.5203,50500,0,0
2017-06-23,32.5,32.5,31.7,31.95,28.255,84700,0,0
2017-06-26,32.05,33.8,31.9,33.75,29.8468,82600,0,0
2017-06-27,33.55,34.25,33.4,33.63,29.7407,88400,0,0
2017-06-28,33.85,34.85,33.35,33.7,29.8026,104200,0,0
2017-06-29,33.75,34,33.15,33.65,29.7584,65700,0,0
2017-06-30,33.8,33.9,33.25,33.3,29.4489,68900,0,0
2017-07-03,33.15,33.85,33.15,33.75,29.9955,24200,0.165,0
2017-07-05,33.45,33.45,31.7,31.75,28.2179,74300,0,0
2017-07-06,31.6,31.65,30.45,30.5,27.107,109100,0,0
2017-07-07,30.45,31,29.9,31,27.5514,103300,0,0
2017-07-10,30.95,31.9,29.35,29.55,26.2627,89200,0,0
2017-07-11,29.7,30.1,29.65,29.85,26.5293,62000,0,0
2017-07-12,29.9,31.1,29.9,30.55,27.1514,73900,0,0
2017-07-13,30.9,30.95,30,30.2,26.8404,66000,0,0
2017-07-14,30.25,30.4,29.7,30.1,26.7515,44700,0,0
2017-07-17,30.05,30.8,29.75,30.45,27.0626,65300,0,0
2017-07-18,30.3,30.45,29.78,29.9,26.5737,61600,0,0
2017-07-19,29.9,30.25,29.75,30.2,26.8404,36600,0,0
2017-07-20,30.3,30.35,29.9,30.05,26.7071,34600,0,0
2017-07-21,30.25,30.25,28.8,29.1,25.8627,109900,0,0
2017-07-24,29.15,29.2,28.42,28.95,25.7294,86400,0,0
2017-07-25,29,30.7,28.91,30.15,26.7959,133400,0,0
2017-07-26,30.25,30.35,29.73,29.9,26.5737,77900,0,0
2017-07-27,29.95,30.35,29.65,29.9,26.5737,57400,0,0
2017-07-28,29.85,30.1,29.3,29.45,26.1738,46600,0,0
2017-07-31,29.4,29.75,29.15,29.5,26.2182,69300,0,0
2017-08-01,29.8,29.8,29,29.5,26.2182,43600,0,0
2017-08-02,29.4,29.85,28.5,28.55,25.3739,67100,0,0
2017-08-03,28.6,29.15,28.45,29.1,25.8627,50700,0,0
2017-08-04,29.1,30.05,28.5,29.65,26.3516,61800,0,0
2017-08-07,29.55,29.55,28.9,29,25.7739,59600,0,0
2017-08-08,29,29.3,26.9,27.05,24.0408,150300,0,0
2017-08-09,27.1,27.45,26.4,26.55,23.5964,104000,0,0
2017-08-10,26.55,26.9,26.15,26.45,23.5075,94800,0,0
2017-08-11,26.55,27.11,26.45,27.05,24.0408,62400,0,0
2017-08-14,27.05,28,26.7,26.8,23.8186,108600,0,0
2017-08-15,26.75,27.6,26.5,27.15,24.1297,115200,0,0
2017-08-16,27.25,27.53,26.2,26.55,23.5964,142900,0,0
2017-08-17,26.35,26.8,25.63,25.7,22.841,81800,0,0
2017-08-18,25.5,26.2,25.5,26.15,23.2409,88400,0,0
2017-08-21,26.05,26.05,24.9,24.95,22.1744,122300,0,0
2017-08-22,25.05,25.2,24.4,24.5,21.7745,126600,0,0
2017-08-23,24.4,24.66,23.75,24,21.3301,246700,0,0
2017-08-24,23.9,24.65,23.05,23.15,20.5747,230100,0,0
2017-08-25,23.25,24.3,23.2,24.25,21.5523,196600,0,0
2017-08-28,24.15,24.2,21.9,21.9,19.4637,372100,0,0
2017-08-29,21.9,22.3,20.8,20.9,18.575,414000,0,0
2017-08-30,20.85,22.03,20.75,21.65,19.2415,239000,0,0
2017-08-31,21.65,22.1,21.35,21.95,19.5082,229900,0,0
2017-09-01,22,22.4,21.8,22.15,19.6859,109400,0,0
2017-09-05,22.1,22.35,21.4,21.75,19.3304,153700,0,0
2017-09-06,21.75,22.7,21.75,22.5,19.997,125800,0,0
2017-09-07,22.5,23.2,22.25,22.9,20.3525,195500,0,0
2017-09-08,22.8,22.95,22.53,22.8,20.2636,265300,0,0
2017-09-11,22.95,23.65,22.75,23.35,20.7524,193800,0,0
2017-09-12,23.35,24.25,23.25,23.8,21.1523,145200,0,0
2017-09-13,23.85,24.27,23.79,24.1,21.419,84200,0,0
2017-09-14,24.1,24.3,23.9,23.95,21.2857,103300,0,0
2017-09-15,24,24.65,23.65,24.5,21.7745,328000,0,0
2017-09-18,24.6,25.39,24.6,25,22.2189,166100,0,0
2017-09-19,25.15,25.2,24.8,24.95,22.1744,110600,0,0
2017-09-20,25,25.25,24.5,25.05,22.2633,147100,0,0
2017-09-21,25,25.05,24.5,24.6,21.8634,95100,0,0
2017-09-22,24.55,24.8,24.4,24.5,21.7745,81500,0,0
2017-09-25,24.6,25,24.3,24.4,21.6856,93400,0,0
2017-09-26,24.45,25.25,24.35,25.2,22.3966,161800,0,0
2017-09-27,25.1,25.95,25.1,25.85,22.9743,132800,0,0
2017-09-28,25.75,25.95,24.95,25.3,22.4855,130900,0,0
2017-09-29,25.5,26,25.25,25.7,22.841,80700,0,0
2017-10-02,25.85,25.85,25.2,25.55,22.7077,91700,0,0
2017-10-03,25.65,26.25,25.6,26.15,23.2409,76900,0,0
2017-10-04,26.1,26.82,26.05,26.55,23.5964,92700,0,0
2017-10-05,26.7,27.3,26.6,27,23.9964,97500,0,0
2017-10-06,27,27.05,26.4,26.5,23.552,96400,0,0
2017-10-09,26.5,26.8,25.15,25.25,22.441,79500,0,0
2017-10-10,25.65,26.05,25.55,25.95,23.0632,58300,0,0
2017-10-11,25.9,25.95,25.05,25.2,22.5399,68100,0.165,0
2017-10-12,25.15,25.2,24.65,24.95,22.3163,62200,0,0
2017-10-13,24.95,25.4,24.7,25.15,22.4952,54500,0,0
2017-10-16,25.25,25.4,23.95,24.1,21.556,137900,0,0
2017-10-17,24.1,24.15,23.45,24.05,21.5113,121500,0,0
2017-10-18,24.1,24.95,24.1,24.45,21.8691,66400,0,0
2017-10-19,24.45,24.6,24.05,24.2,21.6455,45500,0,0
2017-10-20,24.4,24.55,24.05,24.5,21.9138,61800,0,0
2017-10-23,24.4,24.78,24.25,24.65,22.048,82000,0,0
2017-10-24,24.7,24.8,24.4,24.55,21.9585,90400,0,0
2017-10-25,24.5,24.65,24.05,24.55,21.9585,72300,0,0
2017-10-26,24.65,24.9,23.95,24.15,21.6008,76400,0,0
2017-10-27,24.15,24.3,23.65,23.85,21.3324,68600,0,0
2017-10-30,23.75,23.88,22.63,22.8,20.3933,69400,0,0
2017-10-31,22.8,23.5,22.8,23.3,20.8405,84000,0,0
2017-11-01,23.5,23.75,22.9,23.7,21.1983,61300,0,0
2017-11-02,23.65,24.6,23.3,24.5,21.9138,76100,0,0
2017-11-03,24.45,24.9,24,24.45,21.8691,105300,0,0
2017-11-06,24.45,24.45,23.35,23.8,21.2877,53200,0,0
2017-11-07,23.7,24,23,23.35,20.8852,61200,0,0
2017-11-08,23.15,24.2,22.7,23.1,20.6616,56000,0,0
2017-11-09,23,23.52,22.85,23.05,20.6169,54600,0,0
2017-11-10,23.1,23.9,23.1,23.5,21.0194,42700,0,0
2017-11-13,23.35,23.9,23.1,23.2,20.751,45200,0,0
2017-11-14,23.1,23.6,23,23.5,21.0194,46700,0,0
2017-11-15,23.1,23.6,23,23.05,20.6169,60800,0,0
2017-11-16,23.25,24.45,23.25,24.25,21.6902,66200,0,0
2017-11-17,24.15,24.75,23.7,24.55,21.9585,102900,0,0
2017-11-20,24.65,24.75,24.3,24.6,22.0033,43200,0,0
2017-11-21,24.7,25.2,24.4,24.75,22.1374,68700,0,0
2017-11-22,24.8,25.95,24.7,25.5,22.8083,65200,0,0
2017-11-24,25.65,25.65,24.45,24.5,21.9138,31300,0,0
2017-11-27,24.6,25.64,24.55,25.35,22.6741,68700,0,0
2017-11-28,25.35,26.85,25.25,26.7,23.8816,108800,0,0
2017-11-29,26.8,29.05,26.8,28.95,25.8941,196100,0,0
2017-11-30,29.2,29.8,26.86,27.75,24.8208,207400,0,0
2017-12-01,27.75,28,26.95,27.95,24.9996,89000,0,0
2017-12-04,28.2,30.1,28.2,29.4,26.2966,122600,0,0
2017-12-05,29.5,29.7,27.45,27.7,24.776,100700,0,0
2017-12-06,27.7,28.25,27.55,27.7,24.776,74800,0,0
2017-12-07,29.45,30.65,29.4,30.55,27.3252,437000,0,0
2017-12-08,30.75,31.68,30.6,31.3,27.996,185800,0,0
2017-12-11,32.1,34.2,32.1,33.25,29.7402,324000,0,0
2017-12-12,33.4,33.45,32.05,32.35,28.9352,202700,0,0
2017-12-13,32.5,33.29,32.35,32.95,29.4718,135000,0,0
2017-12-14,33.1,33.4,31.8,31.9,28.5327,138000,0,0
2017-12-15,31.95,33.2,31.95,33,29.5166,271800,0,0
2017-12-18,33.7,35.75,33.55,34,30.411,164900,0,0
2017-12-19,34.1,35.1,34,34.75,31.0818,192000,0,0
2017-12-20,35.1,35.1,33.45,33.7,30.1427,116500,0,0
2017-12-21,33.85,35.35,33.55,35.05,31.3502,162300,0,0
2017-12-22,34.85,35.1,34.2,34.7,31.0371,125700,0,0
2017-12-26,34.75,36.5,34.75,36.35,32.5129,109700,0,0
2017-12-27,36.3,36.36,35,35.15,31.4396,83300,0,0
2017-12-28,35.2,35.52,34.05,35.4,31.6632,140900,0,0
2017-12-29,35.55,35.6,34.49,34.6,30.9477,114400,0,0
2018-01-02,34.75,36.95,34.6,36.5,32.6471,124700,0,0
2018-01-03,36.5,36.7,35.3,35.65,31.8868,119600,0,0
2018-01-04,35.85,35.85,34.25,35.15,31.4396,145400,0,0
2018-01-05,35.55,36.4,34.75,34.95,31.2607,143900,0,0
2018-01-08,35.05,35.6,33.7,35.45,31.708,155100,0,0
2018-01-09,35.7,36.35,33.7,33.75,30.1874,151500,0,0
2018-01-10,33.2,34.1,32.85,33.75,30.3357,97800,0.165,0
2018-01-11,33.7,34.55,33.5,34.4,30.9199,108100,0,0
2018-01-12,34.4,34.95,33.45,33.75,30.3357,107700,0,0
2018-01-16,33.9,34.4,33.5,33.8,30.3806,93200,0,0
2018-01-17,33.85,35.7,33.65,35.2,31.639,158100,0,0
2018-01-18,35.35,35.35,34.3,34.55,31.0548,88600,0,0
2018-01-19,34.45,35.25,34.15,34.95,31.4143,81900,0,0
2018-01-22,34.75,35.9,34.05,35.35,31.7739,155100,0,0
2018-01-23,34.95,35.26,34.2,34.55,31.0548,113200,0,0
2018-01-24,34.55,35.2,34.35,35,31.4593,65300,0,0
2018-01-25,35.25,36.1,35.05,35.85,32.2233,60600,0,0
2018-01-26,35.9,36.2,35.2,36.15,32.4929,79000,0,0
2018-01-29,36.2,36.2,35.4,35.55,31.9536,100200,0,0
2018-01-30,35.3,35.6,33.95,34.35,30.875,86500,0,0
2018-01-31,34.35,34.7,33.35,33.6,30.2009,91900,0,0
2018-02-01,33.3,34,33.1,33.65,30.2458,82500,0,0
2018-02-02,33.25,33.48,31.05,31.45,28.2684,132500,0,0
2018-02-05,30.95,31.7,29.3,29.4,26.4258,164600,0,0
2018-02-06,28.6,30.85,28.26,30.65,27.5493,139800,0,0
2018-02-07,30.45,30.9,29.9,30.55,27.4594,61400,0,0
2018-02-08,30.7,30.7,29.35,30.15,27.0999,117600,0,0
2018-02-09,30.55,32.3,30.35,31.95,28.7178,133100,0,0
2018-02-12,32,32.04,30,30.55,27.4594,129800,0,0
2018-02-13,30.35,31.45,30.1,31.1,27.9538,119700,0,0
2018-02-14,30.75,31.6,30.75,31.43,28.2504,77200,0,0
2018-02-15,31.75,34.5,30.45,32.4,29.1223,185700,0,0
2018-02-16,32.15,32.65,31.45,32.15,28.8976,113200,0,0
2018-02-20,31.6,32.1,31.25,31.55,28.3583,142300,0,0
2018-02-21,31.6,32.65,30.85,32.4,29.1223,98700,0,0
2018-02-22,32.45,32.8,31.85,32,28.7627,70200,0,0
2018-02-23,32.35,32.5,31.9,32,28.7627,60300,0,0
2018-02-26,32.25,33.25,31.85,32.9,29.5717,91600,0,0
2018-02-27,33,33.4,32.2,32.6,29.302,78600,0,0
2018-02-28,32.85,32.98,32.15,32.2,28.9425,101400,0,0
2018-03-01,32.1,33.65,31.95,33.05,29.7065,141600,0,0
2018-03-02,32.75,33.35,32.27,33.1,29.7515,68600,0,0
2018-03-05,32.8,33.4,32.6,33.25,29.8863,81600,0,0
2018-03-06,33.45,34.1,32.5,34.05,30.6054,78200,0,0
2018-03-07,33.7,34,33.3,33.75,30.3357,139900,0,0
2018-03-08,33.8,33.91,32.42,32.6,29.302,137000,0,0
2018-03-09,32.85,33.95,32.51,33.7,30.2908,106400,0,0
2018-03-12,33.7,34,33.1,33.8,30.3806,95400,0,0
2018-03-13,34.05,34.25,33.15,33.3,29.9312,61800,0,0
2018-03-14,33.45,33.6,32.9,33.05,29.7065,60000,0,0
2018-03-15,33.15,33.4,32.85,33.2,29.8413,199900,0,0
2018-03-16,33.05,33.75,33.05,33.4,30.0211,210000,0,0
2018-03-19,33.2,33.85,33.05,33.8,30.3806,85800,0,0
2018-03-20,33.85,33.9,33.1,33.25,29.8863,105500,0,0
2018-03-21,33.2,33.8,33.2,33.4,30.0211,104800,0,0
2018-03-22,33.1,33.8,33.1,33.25,29.8863,92900,0,0
2018-03-23,33.35,33.7,33.1,33.1,29.7515,132000,0,0
2018-03-26,33.65,33.9,32.98,33.75,30.3357,111200,0,0
2018-03-27,33.95,33.95,33.1,33.2,29.8413,50900,0,0
2018-03-28,33.2,34.4,33.2,33.65,30.2458,106200,0,0
2018-03-29,33.85,34.25,33.35,33.85,30.4256,171600,0,0
2018-04-02,33.8,33.8,32.6,33.05,29.7065,84900,0,0
2018-04-03,33.15,33.55,32.7,33.05,29.7065,83000,0,0
2018-04-04,32.65,33.9,32.47,33.8,30.3806,216400,0,0
2018-04-05,33.95,34.15,33.45,33.7,30.2908,91800,0,0
2018-04-06,33.45,34.35,33.45,33.9,30.4705,95700,0,0
2018-04-09,34.15,34.45,33.65,33.75,30.3357,120600,0,0
2018-04-10,34,34.1,33.4,33.5,30.111,92400,0,0
2018-04-11,33.25,33.9,33.2,33.9,30.6214,70700,0.165,0
2018-04-12,34.05,34.55,33.85,34.35,31.0278,54900,0,0
2018-04-13,34.5,34.5,33.65,33.85,30.5762,49400,0,0
2018-04-16,34.1,35.5,33.7,35,31.615,198600,0,0
2018-04-17,35.15,35.55,34.95,35.1,31.7053,75900,0,0
2018-04-18,35.1,36.05,34.35,34.65,31.2988,121600,0,0
2018-04-19,34.55,35,34.35,34.6,31.2536,71500,0,0
2018-04-20,34.5,35.1,33.7,34,30.7117,63000,0,0
2018-04-23,34.15,34.15,33.7,33.8,30.531,92000,0,0
2018-04-24,34.05,34.5,33.7,34.35,31.0278,104500,0,0
2018-04-25,34.35,34.95,34.1,34.55,31.2085,152400,0,0
2018-04-26,34.7,34.7,34.2,34.4,31.073,85800,0,0
2018-04-27,34.5,34.65,34,34.25,30.9375,52700,0,0
2018-04-30,34.45,34.75,33.95,34.25,30.9375,79200,0,0
2018-05-01,34.15,34.45,33.3,34.4,31.073,109500,0,0
2018-05-02,34.45,34.45,33.55,33.8,30.531,114600,0,0
2018-05-03,33.7,33.7,32.05,32.15,29.0406,119600,0,0
2018-05-04,32.05,32.5,31.35,31.85,28.7696,134300,0,0
2018-05-07,31.7,32,31,31,28.0018,84100,0,0
2018-05-08,30.85,31.45,30.6,30.95,27.9567,116400,0,0
2018-05-09,30.95,31.13,30.65,31,28.0018,74700,0,0
2018-05-10,30.95,30.95,27.9,27.93,25.2287,286800,0,0
2018-05-11,28.05,29.4,27.9,29,26.1953,160600,0,0
2018-05-14,29,29.1,28.2,28.45,25.6985,137500,0,0
2018-05-15,28.4,28.9,28.25,28.55,25.7888,154200,0,0
2018-05-16,28.7,29.55,28.55,29.45,26.6017,104900,0,0
2018-05-17,29.45,30.05,29.45,29.95,27.0534,126100,0,0
2018-05-18,29.95,29.95,29.4,29.75,26.8727,102100,0,0
2018-05-21,29.85,30.45,29.6,30.2,27.2792,89300,0,0
2018-05-22,30.15,30.45,29.4,29.65,26.7824,75700,0,0
2018-05-23,29.6,30.45,29.5,30.05,27.1437,136600,0,0
2018-05-24,30.05,30.75,29.85,30.35,27.4147,128200,0,0
2018-05-25,30.35,30.5,30,30.2,27.2792,91900,0,0
2018-05-29,30.05,30.55,29.55,29.7,26.8276,89700,0,0
2018-05-30,29.75,30.35,29.6,29.8,26.9179,107400,0,0
2018-05-31,29.7,29.7,28.61,28.7,25.9243,84200,0,0
2018-06-01,28.75,29.05,28.6,28.8,26.0146,71000,0,0
2018-06-04,28.85,29.4,28.85,29.15,26.3307,88500,0,0
2018-06-05,29.1,29.1,28.7,28.85,26.0598,66600,0,0
2018-06-06,28.95,29.15,28.35,28.45,25.6985,63800,0,0
2018-06-07,28.45,29.05,28.35,28.55,25.7888,55600,0,0
2018-06-08,28.6,28.9,28.25,28.85,26.0598,56100,0,0
2018-06-11,28.9,30.3,28.89,29.45,26.6017,137100,0,0
2018-06-12,29.45,29.95,28.85,29.1,26.2856,80800,0,0
2018-06-13,29.05,29.4,28.95,29.2,26.3759,52300,0,0
2018-06-14,29.2,29.63,29.19,29.35,26.5114,54300,0,0
2018-06-15,29.25,29.7,29.2,29.4,26.5566,119000,0,0
2018-06-18,29.35,29.95,29.15,29.8,26.9179,85800,0,0
2018-06-19,29.65,30.4,29.4,30.25,27.3244,70000,0,0
2018-06-20,30.35,30.75,29.85,30.75,27.776,93600,0,0
2018-06-21,30.9,31.68,30.9,31.2,28.1825,85700,0,0
2018-06-22,31.3,32.3,30.9,31.6,28.5438,229700,0,0
2018-06-25,31.35,31.9,31.2,31.75,28.6793,112300,0,0
2018-06-26,31.8,32,31.29,31.9,28.8148,73900,0,0
2018-06-27,31.85,32.3,31.6,31.65,28.589,46300,0,0
2018-06-28,31.6,32.15,31.15,31.85,28.7696,55900,0,0
2018-06-29,31.8,32.1,31.4,31.8,28.7245,135400,0,0
2018-07-02,31.65,32.55,31.5,32.5,29.3568,76300,0,0
2018-07-03,32.55,33.25,32.5,32.65,29.4922,48600,0,0
2018-07-05,32.8,33.15,32.6,33.05,29.8536,106500,0,0
2018-07-06,33.1,33.35,32.8,32.9,29.7181,74100,0,0
2018-07-09,32.85,32.88,32.05,32.35,29.2213,51000,0,0
2018-07-10,32.3,32.35,31.05,31.25,28.2276,93300,0,0
2018-07-11,31.2,31.2,30.15,30.2,27.424,64400,0.165,0
2018-07-12,30.35,30.35,29.35,29.45,26.7429,82800,0,0
2018-07-13,29.5,30.15,29.5,29.75,27.0154,43200,0,0
2018-07-16,29.65,30,29.47,29.8,27.0608,38800,0,0
2018-07-17,29.8,30.2,29.8,30.15,27.3786,50600,0,0
2018-07-18,30.1,30.15,29.5,29.7,26.97,50700,0,0
2018-07-19,29.7,30.05,29.45,29.8,27.0608,90300,0,0
2018-07-20,29.85,30.01,29.45,29.55,26.8338,55600,0,0
2018-07-23,29.6,29.75,28.75,28.85,26.1981,63200,0,0
2018-07-24,28.9,29.1,28.45,28.55,25.9257,72300,0,0
2018-07-25,28.5,28.68,27.9,28.4,25.7895,56100,0,0
2018-07-26,28.45,29.4,28.45,28.9,26.2435,66100,0,0
2018-07-27,28.8,28.95,28.35,28.7,26.0619,59400,0,0
2018-07-30,28.65,29.6,28.65,29.45,26.7429,57600,0,0
2018-07-31,29.5,29.85,29.25,29.75,27.0154,53500,0,0
2018-08-01,29.95,30,28.75,28.9,26.2435,69500,0,0
2018-08-02,28.7,29.05,28.25,28.85,26.1981,70800,0,0
2018-08-03,28.8,29.65,28.8,28.95,26.2889,64800,0,0
2018-08-06,28.95,29.35,28.45,28.95,26.2889,71900,0,0
2018-08-07,29,29.65,28.75,29.5,26.7883,94300,0,0
2018-08-08,29.35,29.65,28.95,29.55,26.8338,55100,0,0
2018-08-09,29.5,30.05,29.3,29.95,27.197,145800,0,0
2018-08-10,30.2,34.75,30.01,34.35,31.1925,237900,0,0
2018-08-13,34.1,34.16,32.3,32.85,29.8304,129300,0,0
2018-08-14,33,34.45,33,33.8,30.6931,133600,0,0
2018-08-15,33.6,33.8,32.75,33.05,30.012,69600,0,0
2018-08-16,33.3,33.9,33.2,33.4,30.3298,73400,0,0
2018-08-17,33.3,33.9,33.05,33.9,30.7839,113000,0,0
2018-08-20,34,34.15,32.8,33,29.9666,87200,0,0
2018-08-21,33.05,33.9,33.05,33.85,30.7385,69900,0,0
2018-08-22,33.75,35.85,33.65,35.1,31.8736,145500,0,0
2018-08-23,35.25,37.35,35.25,36.8,33.4173,163500,0,0
2018-08-24,36.8,36.95,36.1,36.35,33.0087,73300,0,0
2018-08-27,36.5,37.65,36.5,36.6,33.2357,140700,0,0
2018-08-28,36.65,36.9,35.94,36.55,33.1903,59400,0,0
2018-08-29,36.5,36.5,35.3,35.35,32.1006,72100,0,0
2018-08-30,35.3,36,35.3,35.95,32.6455,55200,0,0
2018-08-31,35.85,36.03,35.5,35.95,32.6455,88900,0,0
2018-09-04,36,36.11,34.28,34.5,31.3287,82100,0,0
2018-09-05,34.4,34.45,33.35,34.15,31.0109,92300,0,0
2018-09-06,34,34.3,33.55,33.9,30.7839,55300,0,0
2018-09-07,33.8,34.35,33.5,34.35,31.1925,45200,0,0
2018-09-10,34.45,35.85,34.2,35.5,32.2368,101200,0,0
2018-09-11,35.55,35.7,35,35.35,32.1006,70800,0,0
2018-09-12,35.25,35.9,34.95,35.8,32.5092,85500,0,0
2018-09-13,35.8,35.8,33.95,34.35,31.1925,56000,0,0
2018-09-14,34.4,35.75,34.25,35.45,32.1914,73500,0,0
2018-09-17,35.45,36,35.35,35.6,32.3276,68700,0,0
2018-09-18,35.65,35.95,35.5,35.5,32.2368,107000,0,0
2018-09-19,35.55,35.9,34.5,34.65,31.465,40000,0,0
2018-09-20,34.75,34.85,34.1,34.4,31.2379,45300,0,0
2018-09-21,34.25,34.65,33.95,34.05,30.9201,158500,0,0
2018-09-24,34.1,34.3,33.8,34,30.8747,50000,0,0
2018-09-25,34,34.35,33.7,33.7,30.6023,128300,0,0
2018-09-26,33.8,34.85,33.75,34.25,31.1017,84100,0,0
2018-09-27,34.2,34.7,33.85,34.45,31.2833,59100,0,0
2018-09-28,34.45,35,34.05,34.25,31.1017,46000,0,0
2018-10-01,34.4,34.43,33.57,33.67,30.575,44900,0,0
2018-10-02,33.72,34,32.67,32.89,29.8667,55200,0,0
2018-10-03,32.94,32.94,31.74,32.08,29.1312,62600,0,0
2018-10-04,32.04,32.11,31.49,31.69,28.777,43000,0,0
2018-10-05,31.59,32.09,31.34,31.6,28.6953,36600,0,0
2018-10-08,31.74,32.75,31.74,32.51,29.5217,49700,0,0
2018-10-09,32.52,32.73,32.12,32.27,29.3037,33400,0,0
2018-10-10,32.03,33.39,31.73,31.94,29.1531,60100,0.165,0
2018-10-11,31.85,32.21,30.32,30.43,27.7749,51500,0,0
2018-10-12,30.75,31.49,30.35,30.81,28.1217,135400,0,0
2018-10-15,30.81,31.75,30.51,31.62,28.861,59800,0,0
2018-10-16,31.69,32.21,31.07,32.1,29.2992,41500,0,0
2018-10-17,32.03,32.45,31.72,32.33,29.5091,33900,0,0
2018-10-18,32.17,32.35,31.71,31.83,29.0527,114100,0,0
2018-10-19,32.05,32.6,31.8,32.04,29.2444,115400,0,0
2018-10-22,32.13,33.4,32.13,33.36,30.4492,88900,0,0
2018-10-23,32.98,33.9,32.21,32.87,30.002,100000,0,0
2018-10-24,32.92,33.05,32.01,32.11,29.3083,48600,0,0
2018-10-25,32.18,32.66,31.3,31.7,28.9341,166900,0,0
2018-10-26,31.42,32.07,30.5,31,28.2951,173200,0,0
2018-10-29,31.23,32.06,31.23,31.46,28.715,128700,0,0
2018-10-30,31.52,34.32,31.25,34.1,31.1246,107500,0,0
2018-10-31,34,34.08,32.92,32.94,30.0659,113800,0,0
2018-11-01,33.07,34,32.44,32.55,29.7099,82300,0,0
2018-11-02,32.59,33.45,32.56,33.04,30.1571,68600,0,0
2018-11-05,33.04,33.17,32.62,32.77,29.9107,39300,0,0
2018-11-06,32.72,33.16,32.5,32.73,29.8742,45200,0,0
2018-11-07,32.9,33.46,32.2,33.42,30.504,44400,0,0
2018-11-08,33.3,34,32.97,33.8,30.8508,33700,0,0
2018-11-09,33.64,33.99,32.95,33.03,30.148,35900,0,0
2018-11-12,32.94,33.7,31.7,33.01,30.1298,32800,0,0
2018-11-13,33,33.77,32.48,32.64,29.792,33800,0,0
2018-11-14,32.8,33.03,31.73,32.24,29.4269,39100,0,0
2018-11-15,31.98,32.03,31.1,31.38,28.642,49500,0,0
2018-11-16,31.28,31.28,30.51,31.06,28.3499,34400,0,0
2018-11-19,31.07,31.77,30.58,30.83,28.14,49600,0,0
2018-11-20,30.33,30.4,29.72,30,27.3824,56600,0,0
2018-11-21,30.04,30.53,29.85,29.94,27.3276,41400,0,0
2018-11-23,29.93,30.76,29.93,30.51,27.8479,16200,0,0
2018-11-26,30.63,30.83,29.75,29.98,27.3641,44200,0,0
2018-11-27,29.97,30.66,29.97,30.29,27.6471,29400,0,0
2018-11-28,30.34,30.42,29.89,30.38,27.7292,52400,0,0
2018-11-29,30.37,30.47,29.44,29.59,27.0082,45400,0,0
2018-11-30,29.56,30.04,28.78,29.09,26.5518,52300,0,0
2018-12-03,29.32,29.48,28.75,29.44,26.8713,138600,0,0
2018-12-04,29.48,29.48,27.45,27.57,25.1644,129200,0,0
2018-12-06,27.57,28.22,26.52,28.1,25.6482,79500,0,0
2018-12-07,28.11,29.02,27.74,28.82,26.3054,84600,0,0
2018-12-10,29.26,30.18,28.2,30.07,27.4463,88600,0,0
2018-12-11,30.19,31.51,30.18,31.45,28.7059,62500,0,0
2018-12-12,31.62,32.54,31.3,31.3,28.569,83100,0,0
2018-12-13,31.31,31.5,30.1,30.25,27.6106,67400,0,0
2018-12-14,30.11,30.86,29.35,29.43,26.8621,42300,0,0
2018-12-17,29.44,29.91,28.85,29.1,26.5609,61600,0,0
2018-12-18,29.21,29.81,28.47,29.28,26.7252,61900,0,0
2018-12-19,29.4,29.59,28.24,28.46,25.9768,77000,0,0
2018-12-20,28.39,28.82,27.16,27.64,25.2283,93400,0,0
2018-12-21,27.56,28.76,27.06,27.14,24.7719,209500,0,0
2018-12-24,26.86,27.16,25.93,25.95,23.6858,55400,0,0
2018-12-26,26,27.77,25.74,27.62,25.2101,78800,0,0
2018-12-27,27.24,27.83,25.68,26.41,24.1056,65000,0,0
2018-12-28,26.48,27.11,26.11,26.51,24.1969,69700,0,0
2018-12-31,26.61,27.44,26.54,27.22,24.845,106300,0,0
2019-01-02,27.2,27.95,26.98,27.78,25.3561,70600,0,0
2019-01-03,27.64,29.04,26.63,28.17,25.7121,90000,0,0
2019-01-04,28.51,29.48,28.43,28.7,26.1958,53200,0,0
2019-01-07,28.71,29.8,28.25,29.54,26.9625,88900,0,0
2019-01-08,29.99,29.99,29.17,29.56,26.9808,55100,0,0
2019-01-09,29.55,29.68,28.56,28.99,26.609,46700,0.165,0
2019-01-10,28.85,28.85,27.74,28.3,25.9757,80300,0,0
2019-01-11,28.24,29.05,28.24,28.65,26.297,44700,0,0
2019-01-14,28.65,29.25,28.6,28.61,26.2603,42300,0,0
2019-01-15,28.69,29.23,28.52,29.23,26.8293,29700,0,0
2019-01-16,29.2,30.03,29.2,29.98,27.5177,47900,0,0
2019-01-17,29.97,30.42,29.97,30.31,27.8206,45800,0,0
2019-01-18,30.32,30.67,30.07,30.35,27.8573,40200,0,0
2019-01-22,30.31,30.66,29.83,30.07,27.6004,49300,0,0
2019-01-23,30.23,30.47,29.57,30.1,27.6279,70100,0,0
2019-01-24,30,30.39,29.9,30.11,27.6371,79900,0,0
2019-01-25,30.21,30.46,29.4,29.62,27.1873,58100,0,0
2019-01-28,29.6,29.6,28.63,28.99,26.609,42100,0,0
2019-01-29,29.06,29.3,28.45,28.56,26.2144,46100,0,0
2019-01-30,28.55,28.73,27.72,27.83,25.5443,73900,0,0
2019-01-31,27.84,28.67,27.75,28.54,26.196,51600,0,0
2019-02-01,28.53,28.69,28.15,28.6,26.2511,45600,0,0
2019-02-04,28.68,28.94,28.44,28.55,26.2052,26900,0,0
2019-02-05,28.74,29.51,28.59,29.3,26.8936,37400,0,0
2019-02-06,29.3,29.59,28.86,28.96,26.5815,36100,0,0
2019-02-07,29.41,31.54,29.3,31.09,28.5366,79300,0,0
2019-02-08,30.87,30.91,29.55,29.78,27.3342,67600,0,0
2019-02-11,29.61,30.26,29.32,30.19,27.7105,46600,0,0
2019-02-12,30.32,30.59,29.57,29.83,27.3801,49900,0,0
2019-02-13,29.82,31.18,29.79,30.78,28.252,41000,0,0
2019-02-14,30.64,31.3,30.4,30.99,28.4448,44600,0,0
2019-02-15,31.07,31.83,31.05,31.12,28.5641,39600,0,0
2019-02-19,31.11,31.34,30.71,31.03,28.4815,48800,0,0
2019-02-20,31.04,31.18,30.31,30.33,27.839,36200,0,0
2019-02-21,30.44,30.44,29.74,29.92,27.4627,56700,0,0
2019-02-22,29.89,30.28,29.82,30.25,27.7656,39600,0,0
2019-02-25,30.38,30.91,30.3,30.44,27.94,64800,0,0
2019-02-26,30.49,30.86,30.1,30.5,27.995,37200,0,0
2019-02-27,30.49,31.09,30.19,31,28.454,50600,0,0
2019-02-28,31.01,31.65,30.4,31.12,28.5641,59000,0,0
2019-03-01,31.56,31.62,30.93,31.37,28.7936,77700,0,0
2019-03-04,31.36,31.36,30.15,30.64,28.1235,62600,0,0
2019-03-05,30.65,30.96,30.36,30.71,28.1878,37100,0,0
2019-03-06,30.84,30.84,29.61,29.83,27.3801,61500,0,0
2019-03-07,29.53,30.25,29.4,29.85,27.3984,55600,0,0
2019-03-08,30.01,30.01,29.39,29.57,27.1414,43300,0,0
2019-03-11,29.68,29.69,29.4,29.62,27.1873,33300,0,0
2019-03-12,29.64,29.76,29.33,29.45,27.0313,52700,0,0
2019-03-13,29.54,29.72,29.11,29.39,26.9762,36500,0,0
2019-03-14,29.38,29.55,28.81,28.86,26.4897,36400,0,0
2019-03-15,28.86,28.91,27.33,27.99,25.6912,153200,0,0
2019-03-18,27.99,28.8,27.99,28.56,26.2144,46900,0,0
2019-03-19,28.67,29.03,28.32,28.45,26.1134,28200,0,0
2019-03-20,28.41,28.68,27.73,28,25.7004,31100,0,0
2019-03-21,27.87,28.41,27.87,28.04,25.7371,35900,0,0
2019-03-22,27.98,28.31,27.29,27.55,25.2873,56400,0,0
2019-03-25,27.54,28.14,27.38,27.58,25.3148,39900,0,0
2019-03-26,27.56,28.01,27.37,27.76,25.4801,40200,0,0
2019-03-27,27.8,27.94,27.29,27.56,25.2965,65100,0,0
2019-03-28,27.72,27.73,27.16,27.29,25.0487,48800,0,0
2019-03-29,27.46,27.68,27.22,27.62,25.3516,37900,0,0
2019-04-01,27.71,28.16,27.37,27.63,25.3607,68600,0,0
2019-04-02,27.61,27.61,26.63,27.12,24.8926,80500,0,0
2019-04-03,27.15,27.15,25.57,26.1,23.9564,133000,0,0
2019-04-04,26.35,26.6,25.87,26.35,24.1859,62300,0,0
2019-04-05,26.36,27.12,26.28,27.01,24.7917,48300,0,0
2019-04-08,27.01,27.17,26.68,27.09,24.8651,45500,0,0
2019-04-09,27,27.3,26.78,27.06,24.8376,53800,0,0
2019-04-10,27.02,27.48,27.02,27.32,25.23,29600,0.165,0
2019-04-11,27.43,27.6,27.28,27.37,25.2762,37400,0,0
2019-04-12,27.37,27.57,27.01,27.17,25.0915,34700,0,0
2019-04-15,27.27,27.63,27.04,27.49,25.387,30900,0,0
2019-04-16,27.5,27.95,27.44,27.65,25.5348,34300,0,0
2019-04-17,27.77,28.18,27.56,28.13,25.9781,31900,0,0
2019-04-18,28.03,28.28,27.87,28,25.858,51500,0,0
2019-04-22,28.07,28.07,27.44,27.69,25.5717,38400,0,0
2019-04-23,27.9,28.17,27.45,28.16,26.0058,36200,0,0
2019-04-24,28.15,28.5,28.02,28.15,25.9965,45600,0,0
2019-04-25,27.98,28.3,27.71,28.19,26.0335,93000,0,0
2019-04-26,28.02,28.19,27.33,27.51,25.4055,50000,0,0
2019-04-29,27.68,27.99,27.55,27.9,25.7657,58900,0,0
2019-04-30,27.94,27.94,27.22,27.45,25.3501,43900,0,0
2019-05-01,27.31,27.66,27.16,27.24,25.1562,75500,0,0
2019-05-02,27.39,27.43,26.69,26.7,24.6575,52100,0,0
2019-05-03,26.9,27.89,26.9,27.59,25.4794,138500,0,0
2019-05-06,27.22,27.89,27.22,27.88,25.7472,37600,0,0
2019-05-07,27.69,27.95,27.24,27.45,25.3501,41400,0,0
2019-05-08,27.25,27.6,27.05,27.53,25.424,56800,0,0
2019-05-09,27.41,28.99,27.3,28.92,26.7076,58200,0,0
2019-05-10,28.78,30.08,28.75,29.91,27.6219,51000,0,0
2019-05-13,29.6,30.33,29.33,30.18,27.8713,62500,0,0
2019-05-14,30.13,30.98,30.13,30.86,28.4992,47900,0,0
2019-05-15,30.68,30.78,30.19,30.49,28.1575,79900,0,0
2019-05-16,30.7,31.16,30.37,30.58,28.2407,65000,0,0
2019-05-17,30.39,31.07,30.39,30.67,28.3238,59400,0,0
2019-05-20,30.63,30.9,29.94,30.41,28.0837,129400,0,0
2019-05-21,30.48,31.14,30.48,30.95,28.5824,40700,0,0
2019-05-22,30.86,31.33,30.42,30.83,28.4715,65300,0,0
2019-05-23,30.62,30.97,30.41,30.51,28.176,83900,0,0
2019-05-24,30.66,31.39,30.49,31.12,28.7394,46500,0,0
2019-05-28,31.28,31.5,31.09,31.39,28.9887,81000,0,0
2019-05-29,31.24,31.59,30.8,31.41,29.0072,63500,0,0
2019-05-30,31.39,31.87,30.74,30.92,28.5546,43100,0,0
2019-05-31,30.71,30.86,29.51,29.81,27.5296,126300,0,0
2019-06-03,29.66,29.95,29.3,29.86,27.5757,67300,0,0
2019-06-04,30.05,31.26,29.86,30.7,28.3515,94600,0,0
2019-06-05,30.72,30.91,29.74,29.88,27.5942,59000,0,0
2019-06-06,29.9,29.98,29.17,29.9,27.6127,39000,0,0
2019-06-07,29.93,30.03,29.7,30.01,27.7143,27900,0,0
2019-06-10,30.1,30.52,29.98,30.07,27.7697,25400,0,0
2019-06-11,30.14,31.01,30.14,31,28.6285,67200,0,0
2019-06-12,30.82,31.84,30.79,31.72,29.2934,65200,0,0
2019-06-13,31.67,32.08,31.62,31.82,29.3858,46100,0,0
2019-06-14,31.81,32.02,31.66,31.77,29.3396,36800,0,0
2019-06-17,31.64,32.72,31.62,32.07,29.6167,82000,0,0
2019-06-18,32.21,32.6,31.53,32.01,29.5613,83400,0,0
2019-06-19,32.09,32.18,31.42,31.69,29.2658,53100,0,0
2019-06-20,31.66,31.94,31.43,31.61,29.1919,61000,0,0
2019-06-21,31.52,31.78,30.55,31.58,29.1642,170700,0,0
2019-06-24,31.56,31.88,30.84,30.86,28.4992,59800,0,0
2019-06-25,31.01,31.27,30.55,31.01,28.6378,56000,0,0
2019-06-26,31.1,31.38,30.7,31.2,28.8132,48300,0,0
2019-06-27,31.2,31.58,31.03,31.55,29.1365,39700,0,0
2019-06-28,31.45,32.21,30.9,31.13,28.7486,142400,0,0
2019-07-01,31.4,31.43,30.92,31.34,28.9425,63800,0,0
2019-07-02,31.34,31.75,30.57,31.27,28.8779,86900,0,0
2019-07-03,31.22,31.82,31.2,31.41,29.0072,24900,0,0
2019-07-05,31.38,31.83,31.37,31.76,29.3304,35900,0,0
2019-07-08,31.71,31.95,31.4,31.84,29.4043,34300,0,0
2019-07-09,31.62,32.12,31.25,31.99,29.5428,46100,0,0
2019-07-10,31.88,32.39,31.46,31.99,29.696,50400,0.165,0
2019-07-11,31.98,32.35,31.68,32.23,29.9188,35400,0,0
2019-07-12,32.23,32.96,32.05,32.29,29.9744,49300,0,0
2019-07-15,32.52,32.58,31.62,32.29,29.9744,52400,0,0
2019-07-16,32.33,32.83,32.33,32.52,30.188,29000,0,0
2019-07-17,32.46,32.46,31.9,31.97,29.6774,79200,0,0
2019-07-18,32,32.11,31.7,31.99,29.696,73300,0,0
2019-07-19,31.82,32.39,31.82,31.95,29.6588,41100,0,0
2019-07-22,31.96,31.99,30.55,30.71,28.5078,35200,0,0
2019-07-23,30.78,30.78,30.15,30.32,28.1457,42900,0,0
2019-07-24,30.3,30.98,30.3,30.94,28.7213,42400,0,0
2019-07-25,31.03,31.59,31.02,31.13,28.8976,98300,0,0
2019-07-26,31.23,31.84,31.15,31.77,29.4917,37900,0,0
2019-07-29,31.9,32.06,31.69,31.76,29.4825,32000,0,0
2019-07-30,31.65,31.95,31.53,31.9,29.6124,38300,0,0
2019-07-31,31.95,32.16,31.43,31.48,29.2225,59200,0,0
2019-08-01,31.48,31.93,30.94,31.12,28.8884,46500,0,0
2019-08-02,31.11,31.43,31.01,31.08,28.8512,33800,0,0
2019-08-05,30.95,30.96,30.24,30.78,28.5727,42200,0,0
2019-08-06,30.76,31.32,30.31,30.95,28.7305,63900,0,0
2019-08-07,30.75,31.86,30.7,31.75,29.4732,58600,0,0
2019-08-08,32.2,34.02,32.2,33.21,30.8285,79900,0,0
2019-08-09,32.65,34.11,32.36,33.23,30.847,133000,0,0
2019-08-12,33.15,33.79,33.09,33.58,31.1719,135100,0,0
2019-08-13,33.64,34.93,33.64,34.16,31.7104,108300,0,0
2019-08-14,33.81,34.5,33.39,33.87,31.4411,145500,0,0
2019-08-15,33.98,34.78,33.75,34.01,31.5711,91100,0,0
2019-08-16,34,35.45,34,35.29,32.7593,92500,0,0
2019-08-19,35.7,36.61,35.58,36.01,33.4277,95200,0,0
2019-08-20,36.01,36.17,35.63,35.64,33.0842,54900,0,0
2019-08-21,35.95,37.1,35.8,37.01,34.356,96400,0,0
2019-08-22,37.37,38.7,37.34,37.48,34.7923,179500,0,0
2019-08-23,37.5,38.02,36.82,37.08,34.421,90400,0,0
2019-08-26,37.05,38.66,37.05,38.39,35.637,127800,0,0
2019-08-27,38.63,38.98,37.59,37.75,35.0429,110700,0,0
2019-08-28,37.76,39.12,37.76,38.89,36.1012,93900,0,0
2019-08-29,39.18,39.48,38.3,38.65,35.8784,96000,0,0
2019-08-30,38.92,39.29,38.74,38.88,36.0919,83900,0,0
2019-09-03,38.78,39.24,38.17,39.17,36.3611,100300,0,0
2019-09-04,39.31,40.24,39.31,39.63,36.7881,191600,0,0
2019-09-05,39.91,40.09,39.54,39.88,37.0202,171300,0,0
2019-09-06,39.95,40.58,39.95,40.13,37.2522,112100,0,0
2019-09-09,40.16,41.33,40.16,40.89,37.9577,153700,0,0
2019-09-10,41,41.98,40.83,41.54,38.5611,120900,0,0
2019-09-11,41.8,42.87,41.61,42.5,39.4523,114000,0,0
2019-09-12,42.76,43.65,41.46,42,38.9881,223600,0,0
2019-09-13,41.96,42.92,41.53,41.59,38.6075,133000,0,0
2019-09-16,41.58,41.93,40.87,40.92,37.9856,86200,0,0
2019-09-17,40.86,41.79,40.1,41.1,38.1527,73900,0,0
2019-09-18,41.35,41.35,39.98,40.12,37.2429,147300,0,0
2019-09-19,40.11,40.49,39.29,39.46,36.6303,84600,0,0
2019-09-20,39.43,40.17,39.14,39.36,36.5375,176900,0,0
2019-09-23,39.07,39.5,38.41,38.91,36.1197,77100,0,0
2019-09-24,39.04,39.48,38.53,38.97,36.1754,67200,0,0
2019-09-25,38.88,39.68,38.82,39.61,36.7695,75500,0,0
2019-09-26,39.74,39.85,38.81,39.16,36.3518,52500,0,0
2019-09-27,39.26,39.26,38.64,38.83,36.0455,42300,0,0
2019-09-30,38.8,39.36,38.7,38.86,36.0733,74400,0,0
2019-10-01,38.99,39.75,38.95,39.1,36.2961,73200,0,0
2019-10-02,38.82,38.85,38.02,38.43,35.6742,72700,0,0
2019-10-03,38.37,38.49,37.6,38.45,35.6927,81000,0,0
2019-10-04,38.41,38.98,38.23,38.93,36.1383,55100,0,0
2019-10-07,38.76,39.17,38.54,38.9,36.1105,66600,0,0
2019-10-08,38.72,39.28,38.69,39.05,36.2497,65400,0,0
2019-10-09,39.05,39.48,38.89,39.16,36.506,73600,0.165,0
2019-10-10,39.1,39.39,38.04,38.08,35.4992,63500,0,0
2019-10-11,38.32,39.24,38.03,38.88,36.245,71900,0,0
2019-10-14,38.9,39.2,38.18,38.95,36.3103,59100,0,0
2019-10-15,39.09,39.43,38.05,38.34,35.7416,77400,0,0
2019-10-16,38.22,38.68,38.02,38.43,35.8255,46600,0,0
2019-10-17,38.57,39.05,38.56,38.95,36.3103,42000,0,0
2019-10-18,38.75,39.32,38.7,39.12,36.4688,44200,0,0
2019-10-21,39.07,39.63,39.07,39.34,36.6739,46200,0,0
2019-10-22,39.43,39.61,38.94,39.31,36.6459,39800,0,0
2019-10-23,39.34,39.42,39.05,39.33,36.6645,42800,0,0
2019-10-24,39.47,39.64,38.76,39.45,36.7764,53100,0,0
2019-10-25,39.4,40.47,39.4,40.38,37.6434,50600,0,0
2019-10-28,40.38,40.92,39.72,39.92,37.2145,63500,0,0
2019-10-29,39.76,40.43,39.53,40.05,37.3357,60100,0,0
2019-10-30,39.97,40.35,38.69,39.73,37.0374,59600,0,0
2019-10-31,39.71,40.08,39.15,39.43,36.7578,51000,0,0
2019-11-01,39.49,39.85,39.44,39.82,37.1213,70300,0,0
2019-11-04,39.99,40.89,39.88,40.87,38.1002,98900,0,0
2019-11-05,40.99,42.58,40.99,41.99,39.1443,185000,0,0
2019-11-06,41.99,43.66,41.69,43.3,40.3655,89700,0,0
2019-11-07,43.47,44.13,42.71,42.94,40.0299,66400,0,0
2019-11-08,42.69,43.32,42.35,43.07,40.1511,74400,0,0
2019-11-11,42.76,43.55,41.86,42.25,39.3866,61100,0,0
2019-11-12,42.25,42.98,42.17,42.92,40.0112,46800,0,0
2019-11-13,42.79,44.1,42.79,43.98,40.9994,67700,0,0
2019-11-14,44.1,44.77,43.74,44.14,41.1485,81200,0,0
2019-11-15,44.44,44.44,43.72,43.99,41.0087,56200,0,0
2019-11-18,43.89,44.09,43.27,44.06,41.074,80900,0,0
2019-11-19,43.93,44.26,43.66,43.94,40.9621,64400,0,0
2019-11-20,43.83,44.22,43.35,43.72,40.757,79100,0,0
2019-11-21,43.67,43.86,42.49,43.17,40.2443,55900,0,0
2019-11-22,43.31,43.31,42,42.31,39.4426,108600,0,0
2019-11-25,42.58,42.84,42.17,42.66,39.7688,74800,0,0
2019-11-26,41.75,43.57,41.74,43.21,40.2816,71100,0,0
2019-11-27,43.35,43.92,43.34,43.64,40.6824,54000,0,0
2019-11-29,43.53,44.87,43.53,44.44,41.4282,37400,0,0
2019-12-02,44.56,44.78,44.03,44.5,41.4841,74900,0,0
2019-12-03,44.18,44.99,43.78,44.82,41.7825,108100,0,0
2019-12-04,44.96,45.16,43.08,43.57,40.6172,110300,0,0
2019-12-05,43.73,43.73,42.83,43.05,40.1324,43100,0,0
2019-12-06,42.99,43.84,42.99,43.57,40.6172,63100,0,0
2019-12-09,43.56,43.88,43.11,43.48,40.5333,65200,0,0
2019-12-10,43.54,45.19,43.29,45.13,42.0714,85200,0,0
2019-12-11,45.28,45.8,44.47,45.34,42.2672,86300,0,0
2019-12-12,45.47,46.56,45.2,45.79,42.6867,139600,0,0
2019-12-13,45.96,46.1,44.73,44.86,41.8198,92400,0,0
2019-12-16,45.05,46.41,44.76,45.77,42.6681,96400,0,0
2019-12-17,45.6,46.5,45.3,46.44,43.2927,78200,0,0
2019-12-18,46.37,47.4,46.16,47.13,43.9359,140700,0,0
2019-12-19,47.46,47.85,46.96,47.67,44.4393,103900,0,0
2019-12-20,47.86,48.68,47.29,48.14,44.8774,253600,0,0
2019-12-23,48.22,48.97,47.2,47.84,44.5978,89200,0,0
2019-12-24,47.76,48.06,47.23,47.67,44.4393,31500,0,0
2019-12-26,47.67,47.79,47.27,47.69,44.458,72200,0,0
2019-12-27,47.45,47.86,47.34,47.73,44.4952,76100,0,0
2019-12-30,47.98,49.14,47.5,48.6,45.3063,189800,0,0
2019-12-31,48.59,48.97,47.5,47.51,44.2901,55100,0,0
2020-01-02,48.06,48.11,45.87,46.47,43.3206,66500,0,0
2020-01-03,45.97,46.34,45.36,46.13,43.0037,66600,0,0
2020-01-06,46.17,46.7,45.92,46.38,43.2367,69700,0,0
2020-01-07,46.56,47.34,46.25,47.18,43.9825,69500,0,0
2020-01-08,47.11,47.49,46.81,46.9,43.8749,71100,0.165,0
2020-01-09,46.8,47.01,44.87,44.96,42.0601,102400,0,0
2020-01-10,44.8,44.83,44.03,44.34,41.4801,82100,0,0
2020-01-13,44.47,44.77,43.78,43.94,41.1059,78800,0,0
2020-01-14,43.77,44.15,43.44,44.12,41.2742,115700,0,0
2020-01-15,43.96,44.75,43.18,43.48,40.6755,71800,0,0
2020-01-16,43.54,44.15,43.31,43.35,40.5539,49700,0,0
2020-01-17,43.31,43.63,42.92,43.25,40.4604,37600,0,0
2020-01-21,43.46,43.78,43.21,43.26,40.4697,45800,0,0
2020-01-22,43.43,44.22,43.32,44.17,41.321,72600,0,0
2020-01-23,44.1,44.46,43.7,44.19,41.3397,49600,0,0
2020-01-24,44.16,44.16,43.15,43.31,40.5165,41700,0,0
2020-01-27,43.03,43.99,43,43.59,40.7784,39700,0,0
2020-01-28,43.73,44.08,43.49,43.71,40.8907,39700,0,0
2020-01-29,43.69,43.9,42.87,43.09,40.3107,71100,0,0
2020-01-30,43.03,43.66,42.8,43.39,40.5913,65700,0,0
2020-01-31,43.26,44,41.29,41.69,39.001,78000,0,0
2020-02-03,41.87,43.47,41.87,42.99,40.2171,98800,0,0
2020-02-04,43.3,43.3,42.05,42.52,39.7774,72400,0,0
2020-02-05,42.73,43.34,42.3,42.76,40.002,84600,0,0
2020-02-06,42.21,42.21,38.33,41.66,38.9729,209300,0,0
2020-02-07,41.23,41.31,37.11,37.11,34.7164,88600,0,0
2020-02-10,37.15,37.51,35.59,35.67,33.3693,93200,0,0
2020-02-11,35.6,36.51,35.34,36.23,33.8932,91300,0,0
2020-02-12,36.38,36.38,35.84,36,33.678,72300,0,0
2020-02-13,35.95,37.41,35.95,36.85,34.4731,93700,0,0
2020-02-14,36.99,37.63,36,36.17,33.837,54300,0,0
2020-02-18,36.29,36.98,36.09,36.62,34.258,67200,0,0
2020-02-19,36.62,36.9,36.26,36.34,33.9961,71700,0,0
2020-02-20,36.24,36.38,35.27,35.9,33.5844,72900,0,0
2020-02-21,35.92,36.3,35.66,35.99,33.6686,56000,0,0
2020-02-24,35.25,35.56,34.74,34.8,32.5554,82200,0,0
2020-02-25,34.77,34.77,32.95,33.29,31.1428,187800,0,0
2020-02-26,33.38,33.78,32.75,32.78,30.6657,168600,0,0
2020-02-27,32.27,34.6,32.25,33.34,31.1896,309800,0,0
2020-02-28,32.62,35.79,32.62,35.77,33.4628,167100,0,0
2020-03-02,36.13,37.76,35.69,37.69,35.259,95500,0,0
2020-03-03,37.38,38.03,36.42,36.95,34.5667,110100,0,0
2020-03-04,37.27,38.4,37.2,38.24,35.7735,66600,0,0
2020-03-05,37.53,38.88,37.36,38.82,36.3161,99300,0,0
2020-03-06,38.01,39.07,37.8,38.91,36.4003,152700,0,0
2020-03-09,37.29,40.29,37.13,39.52,36.971,223600,0,0
2020-03-10,40.18,40.84,36.59,37.83,35.3899,139100,0,0
2020-03-11,37.21,38.39,36.9,37.95,35.5022,164700,0,0
2020-03-12,36.38,38.08,35.31,35.39,33.1073,228000,0,0
2020-03-13,36.56,37.75,34.43,37.73,35.2964,177700,0,0
2020-03-16,34.73,38.83,34.73,37.26,34.8567,163800,0,0
2020-03-17,36.81,43.63,36.6,42.64,39.8897,211800,0,0
2020-03-18,40.5,45,36.44,37.51,35.0906,177600,0,0
2020-03-19,37.55,41.15,37.5,40.4,37.7942,174700,0,0
2020-03-20,40.82,41.2,37.57,38.06,35.6051,197300,0,0
2020-03-23,38.28,38.98,35.89,37.57,35.1467,177500,0,0
2020-03-24,39.01,39.01,34.25,36.33,33.9867,139000,0,0
2020-03-25,36.44,36.94,33.66,33.85,31.6667,110000,0,0
2020-03-26,34.04,36.1,33.83,35.81,33.5002,103600,0,0
2020-03-27,35.54,35.99,32.21,32.45,30.357,101500,0,0
2020-03-30,33.01,35.34,32.33,33.81,31.6292,88400,0,0
2020-03-31,33.96,36.6,33.91,36.16,33.8277,148400,0,0
2020-04-01,35.73,38.46,35.1,37.28,34.8754,116300,0,0
2020-04-02,36.75,37.47,33.6,35.65,33.3506,118500,0,0
2020-04-03,35.29,38.57,33.53,38.36,35.8858,125800,0,0
2020-04-06,39.37,40.84,38.7,40.65,38.0281,171000,0,0
2020-04-07,40.68,40.95,36.59,37.6,35.1748,153900,0,0
2020-04-08,37.71,38.8,36.46,38.8,36.4574,91600,0.165,0
2020-04-09,38.95,39.99,37.01,37.15,34.907,174200,0,0
2020-04-13,36.72,38.89,36.52,38.58,36.2507,99700,0,0
2020-04-14,39.17,39.74,36.25,37.21,34.9634,138200,0,0
2020-04-15,36.6,36.97,35.61,35.73,33.5727,126400,0,0
2020-04-16,36.08,37.03,35.42,36.69,34.4748,122400,0,0
2020-04-17,37.04,37.09,35.08,35.28,33.1499,152600,0,0
2020-04-20,35.76,35.97,34.69,35.57,33.4224,80600,0,0
2020-04-21,35.06,36.94,34.84,36.46,34.2587,97200,0,0
2020-04-22,37.35,38.02,36.43,37.77,35.4896,88900,0,0
2020-04-23,37.61,38.56,37.52,38.29,35.9782,92600,0,0
2020-04-24,38.32,40.06,38.03,39.69,37.2936,141800,0,0
2020-04-27,39.73,41.53,39.73,41.01,38.5339,116200,0,0
2020-04-28,41.43,41.53,39.72,41.05,38.5715,196600,0,0
2020-04-29,41.68,41.76,40.56,40.68,38.2239,123100,0,0
2020-04-30,40.34,41,39.3,40.83,38.3648,125500,0,0
2020-05-01,40.6,40.6,36.99,37.61,35.3392,129900,0,0
2020-05-04,37.85,39.77,37.39,39.54,37.1527,111600,0,0
2020-05-05,39.55,39.65,37.8,38.35,36.0345,79000,0,0
2020-05-06,38.42,38.72,36.76,37.61,35.3392,82000,0,0
2020-05-07,38.5,41.7,38.43,39.82,37.4158,170700,0,0
2020-05-08,40.99,43.63,40.27,43.43,40.8078,150300,0,0
2020-05-11,43.47,44.93,43.47,44.46,41.7756,113000,0,0
2020-05-12,44.46,44.84,43.65,43.83,41.1837,85700,0,0
2020-05-13,43.6,44.5,42.94,43.88,41.2307,81600,0,0
2020-05-14,43.32,43.32,41.39,42.58,40.0091,114400,0,0
2020-05-15,42.35,44.14,42.06,43.37,40.7514,135300,0,0
2020-05-18,43.99,45.25,43.61,44.15,41.4844,171700,0,0
2020-05-19,43.82,44.94,41.89,41.92,39.389,136200,0,0
2020-05-20,42.45,43.37,42.26,42.65,40.0749,74500,0,0
2020-05-21,42.62,42.62,41.32,42.24,39.6897,55500,0,0
2020-05-22,42.22,42.51,41.18,41.49,38.985,46900,0,0
2020-05-26,42.34,42.42,40.77,40.95,38.4776,71800,0,0
2020-05-27,41.2,43.4,40.94,43.09,40.4884,88500,0,0
2020-05-28,43.38,43.79,41.96,42.23,39.6803,98600,0,0
2020-05-29,42.2,42.85,41.71,42.61,40.0373,102100,0,0
2020-06-01,42.53,42.91,41.76,41.98,39.4454,110900,0,0
2020-06-02,42.06,43.03,41.68,42.9,40.3098,90800,0,0
2020-06-03,43.27,44.62,43.08,43.77,41.1273,132000,0,0
2020-06-04,43.56,43.56,42.1,42.46,39.8964,100200,0,0
2020-06-05,43.11,43.11,41.57,41.81,39.2856,94200,0,0
2020-06-08,41.98,43.05,41.83,42.86,40.2722,96700,0,0
2020-06-09,42.75,42.93,42.13,42.67,40.0937,101500,0,0
2020-06-10,42.8,44.3,42.52,42.57,39.9997,151500,0,0
2020-06-11,41.96,42.56,41.73,41.96,39.4266,119700,0,0
2020-06-12,42.74,42.88,40.25,40.69,38.2333,160400,0,0
2020-06-15,40.29,40.96,39.56,40.71,38.2521,127300,0,0
2020-06-16,41.61,42.42,41.11,41.89,39.3608,69300,0,0
2020-06-17,42,42.15,41.1,41.32,38.8252,69900,0,0
2020-06-18,41.34,42.19,40.16,40.54,38.0923,109700,0,0
2020-06-19,41.22,41.39,40.5,40.8,38.3366,206900,0,0
2020-06-22,40.72,41.12,40.08,40.87,38.4024,82000,0,0
2020-06-23,41.2,41.51,40.12,40.66,38.2051,100500,0,0
2020-06-24,40.44,40.98,39.59,40.48,38.0359,143300,0,0
2020-06-25,40.43,40.86,39.92,40.83,38.3648,155500,0,0
2020-06-26,40.76,40.8,40.1,40.32,37.8856,190400,0,0
2020-06-29,40.43,42.82,40.43,42.38,39.8212,158000,0,0
2020-06-30,42.57,43.44,41.76,43.07,40.4696,217000,0,0
2020-07-01,42.9,42.94,41.35,41.35,38.8534,69800,0,0
2020-07-02,41.78,42.37,40.9,41.04,38.5621,77300,0,0
2020-07-06,41.46,41.87,40.82,41.56,39.0507,82800,0,0
2020-07-07,41.5,42.2,41.21,41.46,38.9568,94500,0,0
2020-07-08,41.45,41.7,40.05,40.45,38.1596,112600,0.165,0
2020-07-09,40.37,40.55,39.2,39.8,37.5464,98200,0,0
2020-07-10,39.83,40.23,39.41,39.92,37.6596,84500,0,0
2020-07-13,40.53,40.53,39.57,39.74,37.4898,94300,0,0
2020-07-14,39.71,40.1,39.6,40.03,37.7634,108800,0,0
2020-07-15,40.37,40.8,39.91,40.1,37.8294,136100,0,0
2020-07-16,40,41.27,39.92,40.15,37.8766,73100,0,0
2020-07-17,40.08,41.18,40.08,40.24,37.9615,74300,0,0
2020-07-20,40.11,40.45,38.9,39.45,37.2162,86400,0,0
2020-07-21,39.58,40.91,39.48,40.76,38.4521,98800,0,0
2020-07-22,40.76,41.03,40.3,40.62,38.32,56500,0,0
2020-07-23,40.53,41.35,40.37,40.94,38.6219,98400,0,0
2020-07-24,40.85,41.62,40.85,41.21,38.8766,95800,0,0
2020-07-27,41.29,43.46,41.08,43.28,40.8294,98600,0,0
2020-07-28,43.32,44.05,43.09,43.69,41.2161,127700,0,0
2020-07-29,43.78,44.49,43.5,44.01,41.518,115300,0,0
2020-07-30,43.63,43.76,40.82,40.87,38.5558,89100,0,0
2020-07-31,41,41.72,39.85,40.25,37.9709,128600,0,0
2020-08-03,40.13,40.27,38.93,39.62,37.3766,204200,0,0
2020-08-04,39.46,41.28,39.46,40.93,38.6124,102800,0,0
2020-08-05,41,41,39.46,39.9,37.6408,88600,0,0
2020-08-06,41.12,42.51,40.32,40.64,38.3388,162800,0,0
2020-08-07,40.38,43.21,40.38,42.97,40.5369,124200,0,0
2020-08-10,43,43.12,42.06,42.8,40.3765,169200,0,0
2020-08-11,43.19,43.34,41.94,42.1,39.7162,152600,0,0
2020-08-12,42.41,42.75,42.05,42.49,40.0841,133100,0,0
2020-08-13,42.29,43.09,41.95,42.66,40.2445,95300,0,0
2020-08-14,42.54,43.16,42.54,42.92,40.4898,110100,0,0
2020-08-17,43.04,43.13,41.83,43.06,40.6218,61800,0,0
2020-08-18,43.08,43.81,42.8,43.56,41.0935,131900,0,0
2020-08-19,43.39,44.61,43.39,43.91,41.4237,110600,0,0
2020-08-20,43.51,43.87,43.08,43.2,40.7539,87200,0,0
2020-08-21,43,43.03,41.52,42.01,39.6313,125800,0,0
2020-08-24,42.36,42.47,41.56,42.13,39.7445,125000,0,0
2020-08-25,42.16,42.22,41.28,41.85,39.4803,142200,0,0
2020-08-26,41.88,42,40.84,41.2,38.8671,111600,0,0
2020-08-27,41.08,41.77,41.08,41.43,39.0841,84100,0,0
2020-08-28,41.71,41.71,40.14,40.25,37.9709,106300,0,0
2020-08-31,40.35,40.89,40,40.4,38.1125,105100,0,0
2020-09-01,40.51,40.72,39.7,39.96,37.6974,108300,0,0
2020-09-02,40.13,40.79,39.9,40.64,38.3388,82500,0,0
2020-09-03,40.73,41.26,39.83,40.07,37.8011,120400,0,0
2020-09-04,40.33,40.34,39.03,39.05,36.8389,90100,0,0
2020-09-08,39.12,39.26,37.79,38.65,36.4615,129100,0,0
2020-09-09,38.86,39.69,38.64,39.52,37.2823,71900,0,0
2020-09-10,39.59,39.78,39.05,39.6,37.3577,75100,0,0
2020-09-11,39.89,40.06,39.14,39.9,37.6408,75200,0,0
2020-09-14,39.89,39.95,38.75,38.75,36.5559,89700,0,0
2020-09-15,38.94,39.17,37.5,37.52,35.3955,84800,0,0
2020-09-16,37.51,37.66,36.65,36.81,34.7257,88300,0,0
2020-09-17,36.54,37.12,36.23,36.27,34.2163,78600,0,0
2020-09-18,36.72,36.72,35.41,35.98,33.9427,223800,0,0
2020-09-21,35.85,36.38,34.94,35.44,33.4333,164300,0,0
2020-09-22,35.48,35.58,34.92,35.4,33.3956,89100,0,0
2020-09-23,35.15,35.96,35.13,35.49,33.4805,144600,0,0
2020-09-24,35.52,37.06,35.21,36.93,34.8389,115200,0,0
2020-09-25,36.71,37.02,36.15,36.49,34.4238,87900,0,0
2020-09-28,36.68,37.67,36.37,37.43,35.3106,105900,0,0
2020-09-29,37.35,38.01,36.9,37.87,35.7257,87600,0,0
2020-09-30,37.88,38.23,37.63,38.04,35.8861,112300,0,0
2020-10-01,38.11,39.28,38.07,39.17,36.9521,108200,0,0
2020-10-02,38.7,39.2,38.11,38.86,36.6596,78000,0,0
2020-10-05,38.8,39.5,38.8,39.21,36.9898,54400,0,0
2020-10-06,39.5,39.67,38.78,39.03,36.82,108600,0,0
2020-10-07,39.27,39.32,38.5,38.56,36.5311,86500,0.165,0
2020-10-08,38.86,38.86,37.85,38.07,36.0668,79600,0,0
2020-10-09,38.08,38.81,38.01,38.55,36.5216,56100,0,0
2020-10-12,38.54,38.77,37.9,37.97,35.9721,58700,0,0
2020-10-13,37.81,38.43,37.54,38.31,36.2942,59200,0,0
2020-10-14,37.98,38.22,37.55,38.1,36.0953,89600,0,0
2020-10-15,38,38.47,37.72,38.43,36.4079,55000,0,0
2020-10-16,38.32,39.29,38.32,38.71,36.6732,87100,0,0
2020-10-19,38.94,39.19,37.96,38.15,36.1426,76400,0,0
2020-10-20,38.41,38.51,37.56,37.68,35.6974,84700,0,0
2020-10-21,37.54,37.73,37.17,37.22,35.2616,78700,0,0
2020-10-22,37.04,37.42,36.41,36.6,34.6742,136300,0,0
2020-10-23,36.62,37.03,36.26,36.43,34.5131,90400,0,0
2020-10-26,36.14,36.82,36.09,36.77,34.8353,103100,0,0
2020-10-27,36.55,36.92,36.02,36.09,34.191,62900,0,0
2020-10-28,35.88,36.09,35.37,35.42,33.5563,116400,0,0
2020-10-29,35.33,36.15,35.05,35.72,33.8405,91000,0,0
2020-10-30,35.57,36.26,35.5,35.86,33.9731,117200,0,0
2020-11-02,36.26,36.88,35.08,35.59,33.7173,90700,0,0
2020-11-03,35.96,36.77,35.82,36.59,34.6647,153000,0,0
2020-11-04,36.48,36.79,35.99,36.18,34.2763,71200,0,0
2020-11-05,36.35,36.98,36.25,36.71,34.7784,67800,0,0
2020-11-06,36.84,37.34,36.03,36.34,34.4279,60200,0,0
2020-11-09,36.86,37.49,36.3,36.34,34.4279,132900,0,0
2020-11-10,36.51,38.67,36.26,38.09,36.0858,148000,0,0
2020-11-11,38.24,39.16,37.62,39.16,37.0995,65000,0,0
2020-11-12,38.95,39.1,36.92,37.79,35.8016,108200,0,0
2020-11-13,37.93,38.01,37.09,37.72,35.7353,56600,0,0
2020-11-16,38.34,38.63,38.01,38.32,36.3037,79700,0,0
2020-11-17,38.32,38.51,37.15,37.22,35.2616,87400,0,0
2020-11-18,37.34,37.99,36.3,36.4,34.4847,110400,0,0
2020-11-19,36.27,37.78,36.09,37.64,35.6595,138600,0,0
2020-11-20,37.36,37.96,37.12,37.69,35.7068,80100,0,0
2020-11-23,37.77,38,37.22,37.69,35.7068,68700,0,0
2020-11-24,38,38.55,37.7,37.95,35.9532,71300,0,0
2020-11-25,37.44,38.12,37.1,37.96,35.9626,95500,0,0
2020-11-27,37.99,37.99,37.11,37.67,35.6879,31000,0,0
2020-11-30,37.61,37.91,37.15,37.59,35.6121,158600,0,0
2020-12-01,37.68,38.43,37.31,37.81,35.8205,170600,0,0
2020-12-02,37.62,37.9,37.01,37.65,35.669,191600,0,0
2020-12-03,37.53,37.92,36.98,37.54,35.5647,157700,0,0
2020-12-04,37.72,37.84,37.31,37.68,35.6974,137100,0,0
2020-12-07,37.81,38.06,37.36,37.41,35.4416,149400,0,0
2020-12-08,39.68,41.89,38.12,41.77,39.5722,388500,0,0
2020-12-09,41.79,43.11,41.5,42.71,40.4627,221500,0,0
2020-12-10,42.66,42.73,41.97,42.51,40.2732,118600,0,0
2020-12-11,42.27,42.4,40.39,40.95,38.7953,93800,0,0
2020-12-14,41.23,41.7,40.68,41.5,39.3164,148600,0,0
2020-12-15,41.73,42.11,40.87,42.04,39.828,104900,0,0
2020-12-16,41.9,42.29,41.23,41.71,39.5153,151200,0,0
2020-12-17,41.96,41.96,41,41.66,39.468,111300,0,0
2020-12-18,41.75,42.51,41.09,41.1,38.9374,316300,0,0
2020-12-21,40.9,41.14,40.05,40.52,38.3879,69100,0,0
2020-12-22,40.48,40.7,39.99,40.62,38.4827,71900,0,0
2020-12-23,40.76,41.57,40.76,40.93,38.7764,50500,0,0
2020-12-24,40.98,41,40.41,40.74,38.5964,30700,0,0
2020-12-28,40.77,42.14,40.43,42.05,39.8374,95500,0,0
2020-12-29,42.15,42.64,41.88,42.02,39.809,84300,0,0
2020-12-30,42.19,42.58,42,42.26,40.0364,84500,0,0
2020-12-31,42.35,43,42.35,42.66,40.4153,71900,0,0
2021-01-04,42.95,43.1,41.8,42.76,40.5101,114200,0,0
2021-01-05,42.68,43.39,42.57,42.74,40.4911,79300,0,0
2021-01-06,43.03,43.59,42.56,42.82,40.7241,117700,0.165,0
2021-01-07,43,43.17,42.04,42.91,40.8097,125500,0,0
2021-01-08,42.97,42.97,41.3,42,39.9443,111100,0,0
2021-01-11,41.58,42.44,41.58,41.68,39.6399,96900,0,0
2021-01-12,41.91,42.39,41.6,41.79,39.7445,87100,0,0
2021-01-13,41.83,41.83,41.21,41.57,39.5353,66700,0,0
2021-01-14,41.81,42.7,41.62,42.45,40.3722,93300,0,0
2021-01-15,42.17,43.33,42.01,42.81,40.7146,60500,0,0
2021-01-19,42.86,43.79,42.4,43.71,41.5706,86200,0,0
2021-01-20,43.6,43.7,42.48,43.31,41.1902,65500,0,0
2021-01-21,43.3,43.55,43.02,43.25,41.1331,48300,0,0
2021-01-22,43.05,43.55,42.59,43.42,41.2948,67400,0,0
2021-01-25,43.5,45.75,43.11,44.24,42.0746,107000,0,0
2021-01-26,44.5,45.92,44.24,45.83,43.5868,65700,0,0
2021-01-27,45.34,47.61,45.34,47.17,44.8612,160300,0,0
2021-01-28,47.56,47.56,45.13,46.15,43.8912,226400,0,0
2021-01-29,46.47,47.92,46.11,47.56,45.2321,165000,0,0
2021-02-01,47.25,47.61,45.99,47.19,44.8802,155400,0,0
2021-02-02,47.22,47.22,45.9,46.41,44.1384,111500,0,0
2021-02-03,46.26,47.57,45.76,47.26,44.9468,123500,0,0
2021-02-04,47.68,52.09,47.68,50.96,48.4657,243700,0,0
2021-02-05,51.04,51.32,49.56,49.96,47.5147,138500,0,0
2021-02-08,50.8,51.82,50.27,51.49,48.9698,131000,0,0
2021-02-09,51.61,52.24,51.11,51.98,49.4358,79600,0,0
2021-02-10,52.43,52.5,51,51.42,48.9032,81200,0,0
2021-02-11,51.33,51.87,50.23,51.28,48.77,81300,0,0
2021-02-12,50.9,51.87,49.94,50.64,48.1614,85900,0,0
2021-02-16,50.41,50.93,50.01,50.53,48.0568,89300,0,0
2021-02-17,50.67,51.99,50.27,51.61,49.0839,107300,0,0
2021-02-18,52.04,52.04,50.75,50.93,48.4372,97200,0,0
2021-02-19,50.87,51.35,50.25,50.79,48.304,75800,0,0
2021-02-22,50.55,51.66,50.27,51.32,48.8081,117400,0,0
2021-02-23,51.4,51.8,50.92,51.37,48.8556,84400,0,0
2021-02-24,51.49,51.95,51.06,51.8,49.2646,100700,0,0
2021-02-25,51.97,54.4,51.67,52.11,49.5594,151100,0,0
2021-02-26,52.15,53.24,51.96,51.96,49.4168,140300,0,0
2021-03-01,52.44,54.93,51.75,54.75,52.0702,155200,0,0
2021-03-02,54.87,55.81,53.75,55.27,52.5648,146300,0,0
2021-03-03,55.62,58.48,55.6,57.23,54.4288,180600,0,0
2021-03-04,57.66,59.56,57.16,58.16,55.3133,247600,0,0
2021-03-05,58.43,59.29,57.14,58.48,55.6176,236800,0,0
2021-03-08,58.66,60.55,58.1,60.27,57.32,265100,0,0
2021-03-09,60.31,60.9,58.64,59.99,57.0537,159600,0,0
2021-03-10,60.15,61.35,59.83,60.93,57.9477,142900,0,0
2021-03-11,61.33,61.71,60.76,61.59,58.5754,145300,0,0
2021-03-12,62,63.11,62,62.86,59.7832,128300,0,0
2021-03-15,62.01,63.14,61.66,62.24,59.1936,142500,0,0
2021-03-16,62.28,62.88,61.64,62.08,59.0414,139400,0,0
2021-03-17,62.21,62.21,60.49,61.45,58.4423,151200,0,0
2021-03-18,61.61,61.87,59.52,60.85,57.8716,218600,0,0
2021-03-19,60.49,61.8,60.3,60.88,57.9002,285100,0,0
2021-03-22,62.56,63.35,61.21,63.22,60.1256,139800,0,0
2021-03-23,63.01,64.65,62.77,63.53,60.4205,141800,0,0
2021-03-24,64.06,64.93,62.61,62.69,59.6216,134300,0,0
2021-03-25,62.48,63.94,61.8,63.81,60.6868,160500,0,0
2021-03-26,64,65.1,63.49,64.39,61.2384,93700,0,0
2021-03-29,64.4,65.65,63.08,63.2,60.1066,117300,0,0
2021-03-30,63.45,64.42,63.36,63.93,60.8009,104000,0,0
2021-03-31,64.14,64.41,61.56,61.65,58.6325,131100,0,0
2021-04-01,61.8,62.46,60.99,62.33,59.2792,77200,0,0
2021-04-05,62.4,63.33,62.04,63.07,59.983,53500,0,0
2021-04-06,63.07,63.38,62.31,62.63,59.5645,91600,0,0
2021-04-07,62.9,62.9,61.63,61.78,58.9113,66800,0.165,0
2021-04-08,61.88,62.81,61.64,62.77,59.8554,79000,0,0
2021-04-09,62.78,62.84,61.72,62.03,59.1497,44500,0,0
2021-04-12,62,62.76,61.84,62.51,59.6074,42000,0,0
2021-04-13,62.55,63.9,62.39,62.51,59.6074,60400,0,0
2021-04-14,62.58,63.46,61.94,62.43,59.5311,131500,0,0
2021-04-15,62.44,62.79,61.53,62.71,59.7981,69700,0,0
2021-04-16,63.08,64.14,63.08,63.15,60.2177,76400,0,0
2021-04-19,63.07,63.52,62.16,62.33,59.4358,103300,0,0
2021-04-20,62.56,63.03,61.74,62.39,59.493,77300,0,0
2021-04-21,62.39,64.51,62.19,62.78,59.8649,89100,0,0
2021-04-22,62.66,63.86,62.02,62.26,59.369,79100,0,0
2021-04-23,62.33,62.68,61.93,62.26,59.369,62500,0,0
2021-04-26,62.38,62.38,60.4,60.74,57.9196,147000,0,0
2021-04-27,60.57,61.61,60.57,61.32,58.4727,77000,0,0
2021-04-28,61.15,61.72,60.62,60.95,58.1199,55800,0,0
2021-04-29,61.37,62.1,61.15,61.27,58.425,69000,0,0
2021-04-30,61.27,61.65,60.98,61.29,58.4441,69300,0,0
2021-05-03,61.3,63.76,61.3,63.09,60.1605,84500,0,0
2021-05-04,63.57,63.57,61.88,62.74,59.8267,75500,0,0
2021-05-05,62.83,64.49,62.51,64.39,61.4001,142300,0,0
2021-05-06,64.77,66.67,64.7,65.96,62.8972,191700,0,0
2021-05-07,66.3,66.48,63.66,65.71,62.6588,94300,0,0
2021-05-10,66.06,67.6,64.77,65.45,62.4109,167100,0,0
2021-05-11,65.01,65.17,62.18,62.18,59.2927,211400,0,0
2021-05-12,62.05,62.36,60.91,61.23,58.3869,110400,0,0
2021-05-13,61.28,63.96,61.28,62.5,59.5979,210100,0,0
2021-05-14,62.77,63.17,62.04,62.55,59.6456,127900,0,0
2021-05-17,62.7,63,61.03,61.58,58.7206,116200,0,0
2021-05-18,61.84,62.92,61.31,62.17,59.2832,87100,0,0
2021-05-19,62,62.77,60.61,61.67,58.8064,97200,0,0
2021-05-20,61.63,61.64,60.16,61.43,58.5776,82600,0,0
2021-05-21,61.74,63.04,61.13,62.05,59.1688,71800,0,0
2021-05-24,62.05,62.77,61.1,61.57,58.7111,48000,0,0
2021-05-25,61.86,61.86,60.36,60.36,57.5573,79500,0,0
2021-05-26,60.27,61.47,60.27,61.01,58.1771,81300,0,0
2021-05-27,61.02,61.97,60.52,60.74,57.9196,92100,0,0
2021-05-28,61.08,62.28,60.87,61.94,59.0639,73100,0,0
2021-06-01,62.03,62.97,62.03,62.53,59.6265,62600,0,0
2021-06-02,62.82,63.41,62.09,63.24,60.3035,62900,0,0
2021-06-03,63.17,64.24,62.89,64.06,61.0854,46800,0,0
2021-06-04,63.99,64.27,63.11,63.75,60.7898,31100,0,0
2021-06-07,63.5,64.29,63.21,64.11,61.1331,71200,0,0
2021-06-08,63.88,65.31,63.76,64.65,61.648,57900,0,0
2021-06-09,64.45,64.76,63.58,63.73,60.7708,89600,0,0
2021-06-10,64.01,64.49,63.25,63.42,60.4752,76300,0,0
2021-06-11,63.31,63.68,62.59,62.87,59.9507,77900,0,0
2021-06-14,62.9,62.9,61.53,62.49,59.5884,110400,0,0
2021-06-15,62.41,62.41,61,61.44,58.5871,109200,0,0
2021-06-16,61.15,61.85,61,61.42,58.568,104500,0,0
2021-06-17,61.53,61.53,60.25,60.91,58.0817,108700,0,0
2021-06-18,60.81,61,59.02,59.72,56.947,251400,0,0
2021-06-21,60.2,60.84,59.62,60.76,57.9387,156300,0,0
2021-06-22,60.71,61.28,60.02,61.17,58.3296,110200,0,0
2021-06-23,61.31,61.67,60.61,60.77,57.9482,93400,0,0
2021-06-24,60.8,60.84,59.55,59.85,57.0709,63300,0,0
2021-06-25,59.97,60.25,59.18,59.49,56.7277,241900,0,0
2021-06-28,59.45,59.84,57.78,58.05,55.3545,98500,0,0
2021-06-29,58.01,58.08,57.02,57.11,54.4582,126100,0,0
2021-06-30,57.09,58.66,57.09,58.27,55.5643,92200,0,0
2021-07-01,58.52,58.89,58.17,58.57,55.8504,119400,0,0
2021-07-02,58.53,58.75,58.03,58.07,55.3736,54600,0,0
2021-07-06,58.1,58.16,56.95,57.62,54.9445,87100,0,0
2021-07-07,57.15,58.48,57.15,57.87,55.3414,72000,0.165,0
2021-07-08,57.53,58.22,57.06,58.06,55.523,66700,0,0
2021-07-09,58.59,60.23,58.05,59.99,57.3687,82600,0,0
2021-07-12,59.98,60.5,59.32,59.82,57.2062,53600,0,0
2021-07-13,59.5,61.14,58.86,58.95,56.3742,68400,0,0
2021-07-14,59.1,59.77,59,59.54,56.9384,47200,0,0
2021-07-15,59.53,60.42,59.18,59.4,56.8045,67200,0,0
2021-07-16,59.77,60.4,59.41,59.69,57.0818,62300,0,0
2021-07-19,59.25,59.6,58.21,59.26,56.6706,85700,0,0
2021-07-20,59.36,60.72,59.17,59.72,57.1105,116700,0,0
2021-07-21,60.29,60.7,59.68,60.24,57.6078,68600,0,0
2021-07-22,59.95,60.06,58.75,59.01,56.4315,44200,0,0
2021-07-23,59.26,59.52,58.54,59.39,56.7949,36200,0,0
2021-07-26,59.81,60.73,59.27,59.38,56.7854,44100,0,0
2021-07-27,59.04,59.74,58.57,59.25,56.661,36000,0,0
2021-07-28,59.19,59.84,58.58,59.58,56.9766,51500,0,0
2021-07-29,59.76,60.68,59.76,60.22,57.5887,53200,0,0
2021-07-30,60.32,60.78,59.59,59.76,57.1488,74400,0,0
2021-08-02,59.89,60.06,59.04,59.19,56.6037,57700,0,0
2021-08-03,59.27,60.05,58.91,59.49,56.8906,153900,0,0
2021-08-04,59.3,59.3,57.57,57.85,55.3222,130500,0,0
2021-08-05,61.43,63.96,59.87,63.29,60.5245,311500,0,0
2021-08-06,63.41,64.32,61.69,63.67,60.8879,124000,0,0
2021-08-09,63.78,63.97,62.89,62.89,60.142,96100,0,0
2021-08-10,62.92,65.79,62.92,65.51,62.6475,95000,0,0
2021-08-11,66.04,67.59,65.84,67.1,64.168,106500,0,0
2021-08-12,66.55,67.13,64.36,64.45,61.6338,78400,0,0
2021-08-13,64.64,65.3,63.57,65.01,62.1694,64800,0,0
2021-08-16,64.46,64.99,63.59,64.33,61.5191,66500,0,0
2021-08-17,63.98,64.89,63.9,64.73,61.9016,87900,0,0
2021-08-18,64.6,65.98,64.21,64.77,61.9398,69400,0,0
2021-08-19,64.29,64.82,62.89,64.14,61.3374,117700,0,0
2021-08-20,63.89,65.5,63.89,65.43,62.571,123500,0,0
2021-08-23,65.8,65.99,64.3,65.49,62.6284,73900,0,0
2021-08-24,65.49,65.77,64.84,65.05,62.2076,86000,0,0
2021-08-25,65.32,66.06,65.13,65.83,62.9535,77500,0,0
2021-08-26,65.83,66.4,65.2,65.3,62.4467,81200,0,0
2021-08-27,65.47,66.39,65.06,66.09,63.2022,62500,0,0
2021-08-30,66.63,68.43,66.58,66.92,63.9959,61100,0,0
2021-08-31,67.17,68.06,66.9,67.89,64.9235,104700,0,0
2021-09-01,67.85,68.5,67.01,68.24,65.2582,59500,0,0
2021-09-02,68.51,70.72,68.5,70.41,67.3334,86000,0,0
2021-09-03,70.33,70.5,69.55,70.13,67.0656,44700,0,0
2021-09-07,70.1,70.79,69.35,69.5,66.4632,78500,0,0
2021-09-08,69.5,69.5,68.37,68.98,65.9659,54900,0,0
2021-09-09,68.8,69.96,68.43,69.57,66.5301,56600,0,0
2021-09-10,69.5,69.5,67.67,67.93,64.9618,77300,0,0
2021-09-13,68.36,69,65.38,65.74,62.8675,119100,0,0
2021-09-14,66.02,66.02,64.56,64.9,62.0642,77900,0,0
2021-09-15,64.93,65.44,64.66,65.44,62.5806,76500,0,0
2021-09-16,65.75,65.75,64.77,65.08,62.2363,77200,0,0
2021-09-17,65.28,65.33,64.25,64.87,62.0355,237300,0,0
2021-09-20,64.74,65.17,63.21,63.99,61.1939,113900,0,0
2021-09-21,64.23,64.62,63.72,63.99,61.1939,63100,0,0
2021-09-22,64.43,65.7,63.91,64.71,61.8825,89600,0,0
2021-09-23,64.75,65.94,64.75,65.83,62.9535,47600,0,0
2021-09-24,65.64,66.49,65.39,65.49,62.6284,61200,0,0
2021-09-27,65.38,66.46,65.38,66,63.1161,69300,0,0
2021-09-28,66.03,66.81,65.5,66.49,63.5847,104700,0,0
2021-09-29,66.84,68.07,66.1,67.31,64.3689,62200,0,0
2021-09-30,67.35,67.51,66.03,66.03,63.1448,65500,0,0
2021-10-01,65.77,66.52,65.08,65.95,63.0683,86400,0,0
2021-10-04,66.3,67.4,66.3,66.48,63.5752,71000,0,0
2021-10-05,66.85,67.91,66.52,67.84,64.8757,45100,0,0
2021-10-06,67.54,68.04,66.38,66.96,64.1903,69200,0.165,0
2021-10-07,68.16,68.27,66.7,67.83,65.0243,83800,0,0
2021-10-08,68.01,68.75,67.73,68.05,65.2352,38100,0,0
2021-10-11,68.19,68.74,66.54,67.27,64.4874,52100,0,0
2021-10-12,67.55,68.37,67.5,68.05,65.2352,56000,0,0
2021-10-13,68.14,68.19,67.44,68.04,65.2256,108200,0,0
2021-10-14,68.35,68.35,67.35,67.65,64.8517,68300,0,0
2021-10-15,68.61,68.88,66.98,67.05,64.2766,64400,0,0
2021-10-18,67.26,67.58,65.9,66,63.27,50200,0,0
2021-10-19,66.13,66.83,64.44,65.39,62.6852,82800,0,0
2021-10-20,65.47,66.16,65.29,65.3,62.599,55500,0,0
2021-10-21,65.39,66.69,65.29,66.69,63.9315,56500,0,0
2021-10-22,66.62,67.7,66.4,67.16,64.382,42700,0,0
2021-10-25,67.07,69.02,66.83,68.59,65.7528,72300,0,0
2021-10-26,68.41,68.74,67.7,67.72,64.9188,59500,0,0
2021-10-27,67.67,68.1,66.4,66.51,63.7589,44200,0,0
2021-10-28,66.78,68.27,66.53,68.08,65.2639,69800,0,0
2021-10-29,67.76,69.42,67.76,69.19,66.328,92000,0,0
2021-11-01,69.37,70.16,68.71,69.98,67.0854,75600,0,0
2021-11-02,69.94,70.19,69.2,69.82,66.932,72000,0,0
2021-11-03,69.87,74.32,69.87,73.24,70.2105,217700,0,0
2021-11-04,75.45,75.45,72.15,75.03,71.9265,145600,0,0
2021-11-05,75.46,76.4,73.98,75.61,72.4825,92600,0,0
2021-11-08,75.59,76.39,75.17,76.06,72.9139,63400,0,0
2021-11-09,76.05,77.41,76,76.9,73.7191,67500,0,0
2021-11-10,76.79,77.38,76.01,76.57,73.4028,74100,0,0
2021-11-11,76.88,78.04,76.87,77.47,74.2656,45900,0,0
2021-11-12,77.86,77.95,77.14,77.61,74.3998,54800,0,0
2021-11-15,78.07,79.1,77.86,78.97,75.7035,64900,0,0
2021-11-16,78.59,78.84,77.44,78.29,75.0516,98700,0,0
2021-11-17,78.23,78.51,76.56,77.09,73.9012,103600,0,0
2021-11-18,77.19,77.94,76.37,77.59,74.3806,74600,0,0
2021-11-19,77.71,77.79,76.67,77.22,74.0259,78200,0,0
2021-11-22,77.66,80.37,77.56,79.97,76.6621,96700,0,0
2021-11-23,79.76,80.27,77.2,79.43,76.1445,89500,0,0
2021-11-24,80.1,80.77,78.62,80.38,77.0552,146500,0,0
2021-11-26,79.03,79.5,76.32,77.48,74.2751,104900,0,0
2021-11-29,77.98,79.51,77.2,77.58,74.371,91900,0,0
2021-11-30,76.98,78.19,76.18,76.78,73.6041,184300,0,0
2021-12-01,77.65,78.52,76.26,76.41,73.2494,152600,0,0
2021-12-02,76.96,79.49,76.96,79.07,75.7994,134400,0,0
2021-12-03,79.66,80.75,77.89,78.36,75.1187,66200,0,0
2021-12-06,78.89,79.62,78.1,79.06,75.7898,102500,0,0
2021-12-07,79.41,80.04,78.78,79.05,75.7802,87000,0,0
2021-12-08,79.55,79.74,78.53,79.39,76.1061,130200,0,0
2021-12-09,79.12,80.94,78.44,80.38,77.0552,78200,0,0
2021-12-10,80.66,83.71,80.49,83.43,79.979,90200,0,0
2021-12-13,83.5,84.92,82.31,84.07,80.5925,99500,0,0
2021-12-14,84.08,86.28,83.47,85.72,82.1743,168600,0,0
2021-12-15,85.8,92.18,85.74,91.25,87.4756,284300,0,0
2021-12-16,91.25,92.76,89.04,89.17,85.4816,182000,0,0
2021-12-17,88.86,89.3,86.09,87.5,83.8807,336800,0,0
2021-12-20,87.16,89.67,87.09,89.51,85.8075,98700,0,0
2021-12-21,89.73,90.46,86.1,86.59,83.0083,153500,0,0
2021-12-22,86.3,87.45,84.87,87.41,83.7944,91100,0,0
2021-12-23,87.6,88.35,86.71,87.15,83.5452,66700,0,0
2021-12-27,87.26,88.68,86.58,88.1,84.4558,87400,0,0
2021-12-28,87.8,89.59,87.67,88.42,84.7626,129900,0,0
2021-12-29,89.64,89.86,87.73,88.26,84.6092,98200,0,0
2021-12-30,88.71,88.71,86.61,87.12,83.5164,80600,0,0
2021-12-31,86.96,88.75,86.22,86.34,82.7687,133900,0,0
2022-01-03,86.62,88.59,86.44,87.35,83.7369,105300,0,0
2022-01-04,87.19,88.57,87.19,87.71,84.082,94500,0,0
2022-01-05,87.18,88.73,86.62,86.77,83.3376,92200,0.165,0
2022-01-06,87.27,88.37,86.83,87.4,83.9427,89400,0,0
2022-01-07,87,87.49,86.3,86.57,83.1456,66600,0,0
2022-01-10,86.96,87.06,85.07,86.1,82.6941,123900,0,0
2022-01-11,86.23,86.67,83.16,84.25,80.9173,142100,0,0
2022-01-12,84.15,84.51,81.6,82.01,78.7659,112700,0,0
2022-01-13,82.49,84.18,82.1,82.5,79.2366,97500,0,0
2022-01-14,82.26,82.4,79.89,80.56,77.3733,81500,0,0
2022-01-18,80,80.85,79.04,80.51,77.3253,86800,0,0
2022-01-19,80.33,80.4,79.05,79.3,76.1631,80800,0,0
2022-01-20,79.34,79.34,75.96,76.23,73.2146,152000,0,0
2022-01-21,75.85,78.71,75.85,76.03,73.0225,121200,0,0
2022-01-24,75.77,80.24,75.44,80.11,76.9411,124100,0,0
2022-01-25,79.44,79.44,76.92,77.44,74.3767,129900,0,0
2022-01-26,77.37,78.4,76.22,76.75,73.714,114300,0,0
2022-01-27,76.92,78.42,76.33,76.48,73.4547,97000,0,0
2022-01-28,76.13,77.02,74.74,76.5,73.4739,111900,0,0
2022-01-31,76.21,76.93,74.63,76.93,73.8869,134300,0,0
2022-02-01,76.98,77.9,75,76.64,73.6084,100700,0,0
2022-02-02,76.41,76.74,75.2,76.4,73.3778,77700,0,0
2022-02-03,76.4,79.69,76.4,79.41,76.2688,147400,0,0
2022-02-04,78.97,82.64,78.97,82,78.7563,134900,0,0
2022-02-07,82.28,82.69,80.42,80.89,77.6902,85400,0,0
2022-02-08,81.06,83.85,80.71,83.7,80.3891,116000,0,0
2022-02-09,84.19,84.93,82.75,83.7,80.3891,91600,0,0
2022-02-10,82.48,83.97,81.66,83.39,80.0913,125800,0,0
2022-02-11,83.6,86.48,83.6,85.61,82.2235,149100,0,0
2022-02-14,86.15,86.4,82.53,84.33,80.9942,136800,0,0
2022-02-15,84.24,86.4,84.24,85.59,82.2043,84800,0,0
2022-02-16,85.65,86.69,83.87,83.94,80.6196,61400,0,0
2022-02-17,83.75,85.07,83.44,84.16,80.8309,68300,0,0
2022-02-18,84,85.6,84,84.55,81.2055,71700,0,0
2022-02-22,84.81,84.81,81.51,81.9,78.6603,89700,0,0
2022-02-23,80.94,82.5,79.89,81.29,78.0744,101800,0,0
2022-02-24,80.38,80.38,77.73,80.19,77.0179,130700,0,0
2022-02-25,80.31,83.21,80.31,82.96,79.6784,100400,0,0
2022-02-28,82.19,83.1,81.16,82.22,78.9676,103300,0,0
2022-03-01,82.73,83.45,80.8,82.42,79.1597,117700,0,0
2022-03-02,82.56,85.48,82.56,84.67,81.3207,98400,0,0
2022-03-03,85.43,88.71,85.37,88.67,85.1625,116000,0,0
2022-03-04,87.93,93.74,87.82,92.98,89.302,144900,0,0
2022-03-07,92.8,93.49,88.38,88.39,84.8936,192300,0,0
2022-03-08,87.72,91.1,87.34,88.67,85.1625,116800,0,0
2022-03-09,89.07,89.62,85.55,88.35,84.8551,75100,0,0
2022-03-10,87.49,89.84,86.45,89.5,85.9597,113800,0,0
2022-03-11,89.5,91.61,88,88.26,84.7687,100500,0,0
2022-03-14,88.41,89.68,87.05,89.31,85.7772,75600,0,0
2022-03-15,89.89,91.34,88.21,90.7,87.1122,110700,0,0
2022-03-16,91,92.46,89.52,91.94,88.3031,117900,0,0
2022-03-17,91.57,93.43,91.06,93.17,89.4845,87900,0,0
2022-03-18,93.39,93.39,91.59,92.58,88.9178,191500,0,0
2022-03-21,92.76,95.75,91.89,92.29,88.6393,68600,0,0
2022-03-22,92.96,93.87,91.17,92.63,88.9658,93200,0,0
2022-03-23,92.64,93.01,90.81,91.58,87.9574,98200,0,0
2022-03-24,92,92.91,91,92.5,88.841,90500,0,0
2022-03-25,93,93.17,90.99,92.43,88.7738,87500,0,0
2022-03-28,92.71,92.71,91.74,92.13,88.4856,105500,0,0
2022-03-29,92.47,93.36,91.72,92.96,89.2828,132500,0,0
2022-03-30,93.27,94.57,90.23,90.81,87.2178,141100,0,0
2022-03-31,90.56,91.76,88.78,89.05,85.5275,130600,0,0
2022-04-01,89.07,89.65,88.16,89.36,85.8252,126900,0,0
2022-04-04,89.01,90.25,88.15,90.08,86.5167,160700,0,0
2022-04-05,89.94,91.54,88.58,88.89,85.3738,109200,0,0
2022-04-06,88.87,92.14,88.47,90.88,87.4474,127800,0.165,0
2022-04-07,90.9,93.29,90.42,91.94,88.4673,193200,0,0
2022-04-08,92.56,94.57,92.56,93.98,90.4303,92700,0,0
2022-04-11,94.15,96.8,94.11,94.68,91.1039,199600,0,0
2022-04-12,94.5,96.5,94.14,94.49,90.921,124200,0,0
2022-04-13,95.04,96.09,92.08,93.68,90.1416,113500,0,0
2022-04-14,94,96.42,93.87,95.1,91.508,96900,0,0
2022-04-18,94.71,96.49,94.52,95.53,91.9217,143900,0,0
2022-04-19,95.91,100.04,95.91,99.94,96.1652,151900,0,0
2022-04-20,100.48,101.98,99.02,99.4,95.6456,99300,0,0
2022-04-21,99.85,100.43,98.5,99.33,95.5782,91300,0,0
2022-04-22,98.9,99.49,95.99,96.12,92.4895,86100,0,0
2022-04-25,95.15,95.78,94,95.5,91.8929,107000,0,0
2022-04-26,94.71,96.14,93.2,94.12,90.565,129400,0,0
2022-04-27,94.67,95.5,93.01,93.52,89.9877,95700,0,0
2022-04-28,94.02,94.85,92.61,94.05,90.4976,115800,0,0
2022-04-29,94,94.29,92.64,93.12,89.6028,138300,0,0
2022-05-02,93.28,95.67,92.97,94.66,91.0846,125500,0,0
2022-05-03,94.66,96.9,93.53,95.12,91.5272,113700,0,0
2022-05-04,95.12,97.21,94.52,97.18,93.5094,108200,0,0
2022-05-05,97.74,97.74,90.53,92.98,89.4681,173700,0,0
2022-05-06,93.83,96,92.58,94.13,90.5746,87300,0,0
2022-05-09,92.98,96.1,92.08,94.65,91.075,149500,0,0
2022-05-10,94.65,96.48,94.49,96.36,92.7204,130200,0,0
2022-05-11,96.31,97.92,94.03,94.3,90.7382,112000,0,0
2022-05-12,92.9,95.36,92.6,93.78,90.2379,103500,0,0
2022-05-13,93.98,94.55,91.84,93.21,89.6894,112900,0,0
2022-05-16,93.36,93.95,92.25,92.7,89.1986,116500,0,0
2022-05-17,93.27,93.27,90.97,91.68,88.2172,102500,0,0
2022-05-18,90,90.41,84.38,85.52,82.2898,184200,0,0
2022-05-19,84.43,86.86,83.49,84.67,81.4719,155300,0,0
2022-05-20,85.02,85.72,82.29,84.46,81.2699,112300,0,0
2022-05-23,84.76,87.02,84.56,85.93,82.6843,71100,0,0
2022-05-24,85.04,86.38,84.58,86.28,83.0211,87000,0,0
2022-05-25,85.8,88.05,85.18,87.66,84.349,116700,0,0
2022-05-26,87.8,90.78,87.8,88.12,84.7916,101500,0,0
2022-05-27,88,89.98,87.62,89.69,86.3023,110200,0,0
2022-05-31,89.5,89.62,87.81,89.06,85.6961,185100,0,0
2022-06-01,89.22,89.45,87.31,88.84,85.4844,104700,0,0
2022-06-02,89.14,92.15,88.11,92.15,88.6694,111700,0,0
2022-06-03,91.96,92.4,89.74,90.56,87.1395,68100,0,0
2022-06-06,90.75,91.36,89.76,90.13,86.7257,101000,0,0
2022-06-07,89.21,90.64,88.82,90.21,86.8027,92700,0,0
2022-06-08,90,90,87.46,87.82,84.503,112200,0,0
2022-06-09,88.06,88.19,85.79,85.98,82.7325,71200,0,0
2022-06-10,85.3,86.79,84.65,85.94,82.694,88300,0,0
2022-06-13,84.74,85.83,84.14,84.4,81.2121,95000,0,0
2022-06-14,85.16,87.94,84.28,87.86,84.5414,101600,0,0
2022-06-15,88.7,90.29,88.62,88.95,85.5903,94300,0,0
2022-06-16,87.85,89.71,87.04,89.2,85.8308,83400,0,0
2022-06-17,89.29,89.75,83.51,83.91,80.7406,227200,0,0
2022-06-21,84.39,89.89,83.91,89,85.6384,110300,0,0
2022-06-22,88.37,88.91,85.01,85.63,82.3957,80500,0,0
2022-06-23,86.97,87.96,85.85,86.95,83.6658,82100,0,0
2022-06-24,87.47,88.19,86.75,87.24,83.9449,197900,0,0
2022-06-27,88.06,89.45,87.82,88.69,85.3401,89400,0,0
2022-06-28,88.7,89.23,87.41,87.7,84.3875,80900,0,0
2022-06-29,87.43,88.56,85.87,86.32,83.0596,58200,0,0
2022-06-30,85.32,87.16,84.37,86.75,83.4734,97500,0,0
2022-07-01,86.5,87.92,85.75,87.65,84.3394,138900,0,0
2022-07-05,87.45,87.92,85.02,87.52,84.2143,124400,0,0
2022-07-06,86.82,87.5,85.64,86.8,83.6793,62700,0.165,0
2022-07-07,87.26,88.38,87.17,88.04,84.8747,65000,0,0
2022-07-08,88.28,89.32,87.68,88.08,84.9132,81000,0,0
2022-07-11,87.61,89.47,87.61,88.09,84.9229,58800,0,0
2022-07-12,88.34,89.96,88.34,89.3,86.0894,105600,0,0
2022-07-13,89.02,90.83,88.77,89.57,86.3496,69300,0,0
2022-07-14,88.57,89.9,87.78,89.9,86.6678,91800,0,0
2022-07-15,91.45,91.68,89.86,90.5,87.2462,132300,0,0
2022-07-18,91.01,93.45,90.78,91.21,87.9307,104700,0,0
2022-07-19,91.72,93.56,91.72,92.14,88.8273,121400,0,0
2022-07-20,92,93.08,91,92.87,89.531,86400,0,0
2022-07-21,92.87,93.25,91.32,92.33,89.0104,74700,0,0
2022-07-22,92.5,93.37,91.89,92.98,89.6371,78100,0,0
2022-07-25,93.41,93.96,92.39,92.89,89.5503,67300,0,0
2022-07-26,92.21,93.52,91.03,93.52,90.1576,81000,0,0
2022-07-27,94.15,95.39,91.86,94.95,91.5362,106900,0,0
2022-07-28,94.9,95.5,94.04,95.07,91.6519,60600,0,0
2022-07-29,94.6,95.65,94.08,95.46,92.0279,121000,0,0
2022-08-01,94.82,97.94,94.82,96.95,93.4643,108000,0,0
2022-08-02,97.16,97.16,94.96,96.14,92.6834,68700,0,0
2022-08-03,96.74,98.48,95.65,97.7,94.1874,100300,0,0
2022-08-04,97.7,100.73,96.78,98.38,94.8429,155700,0,0
2022-08-05,98.44,100,97.51,97.98,94.4573,134400,0,0
2022-08-08,97.75,99.65,97.65,98.17,94.6405,109500,0,0
2022-08-09,98.15,99.35,95.05,95.42,91.9893,103200,0,0
2022-08-10,96.42,97.39,95.85,96.07,92.616,117200,0,0
2022-08-11,96.32,97.15,95.53,95.7,92.2593,113900,0,0
2022-08-12,96,96.67,94.48,95.91,92.4617,143400,0,0
2022-08-15,94.59,96.33,94.59,95.9,92.4521,87300,0,0
2022-08-16,96,98,96,97.55,94.0428,130700,0,0
2022-08-17,97.37,97.54,96.01,96.82,93.339,63400,0,0
2022-08-18,97.37,99.73,97.18,99.42,95.8455,68200,0,0
2022-08-19,98.99,99.89,97.82,99.71,96.1251,87800,0,0
2022-08-22,99.48,99.76,97.82,99.43,95.8551,92300,0,0
2022-08-23,99.67,102.88,99.4,100.56,96.9445,309500,0,0
2022-08-24,100.12,100.48,96.81,97.93,94.4091,151200,0,0
2022-08-25,97.56,97.6,91.19,94.95,91.5362,304500,0,0
2022-08-26,94.32,95.99,92.14,92.34,89.0201,116300,0,0
2022-08-29,92.23,92.26,90.49,91.31,88.0271,91600,0,0
2022-08-30,90.86,91.62,89.41,89.72,86.4943,106700,0,0
2022-08-31,89.13,89.36,87.14,87.53,84.383,107900,0,0
2022-09-01,87.26,90,86.35,88.59,85.4049,108400,0,0
2022-09-02,89.01,89.95,87.82,88.35,85.1735,79900,0,0
2022-09-06,88.63,90.86,88.08,89.86,86.6292,104900,0,0
2022-09-07,90.13,91.35,89.46,91.17,87.8921,84300,0,0
2022-09-08,90.78,90.78,87.59,88.55,85.3663,87400,0,0
2022-09-09,88.86,92.05,88.86,91.48,88.191,98500,0,0
2022-09-12,91.65,92.27,89.92,90.32,87.0727,85000,0,0
2022-09-13,89.56,90.27,86.97,87.17,84.0359,95100,0,0
2022-09-14,87.37,87.92,85.17,85.85,82.7634,80500,0,0
2022-09-15,85.3,86.16,83.32,83.75,80.7389,124000,0,0
2022-09-16,83.68,84.13,82.03,83.33,80.334,173700,0,0
2022-09-19,83.35,84.95,83.04,84.18,81.1534,78100,0,0
2022-09-20,83.5,83.89,82.24,83.63,80.6232,67400,0,0
2022-09-21,83.57,84.75,82.77,82.77,79.7941,88700,0,0
2022-09-22,82.56,83.04,82.05,82.4,79.4374,71600,0,0
2022-09-23,81.18,82.26,80.96,81.78,78.8397,83700,0,0
2022-09-26,81.36,82.96,81.19,82.41,79.4471,81000,0,0
2022-09-27,82.6,83.13,81.19,81.58,78.6469,75300,0,0
2022-09-28,81.57,83,80.91,82.36,79.3989,121600,0,0
2022-09-29,81.86,81.89,78.54,79.62,76.7574,117000,0,0
2022-09-30,79.86,80.66,78.32,79.21,76.3621,88400,0,0
2022-10-03,80.01,81.72,78.53,81.26,78.3384,108500,0,0
2022-10-04,81.9,83.37,81.9,82.72,79.7459,104200,0,0
2022-10-05,82,83.09,81.34,81.55,78.7751,99300,0.165,0
2022-10-06,81.56,82.63,81.56,82.17,79.3741,88000,0,0
2022-10-07,81.68,82.45,81.26,82.1,79.3064,129400,0,0
2022-10-10,82.64,85.24,82.64,85.15,82.2526,60800,0,0
2022-10-11,84.92,88.26,84.92,87.1,84.1363,99300,0,0
2022-10-12,87.03,88.08,86.47,86.47,83.5277,73700,0,0
2022-10-13,86.1,90.76,85.43,90.28,87.2081,92000,0,0
2022-10-14,90.21,91.25,84.46,85.27,82.3685,87200,0,0
2022-10-17,85.65,86.8,84.79,85.74,82.8226,81700,0,0
2022-10-18,86.75,87.1,85,85.56,82.6487,138900,0,0
2022-10-19,85.35,87.61,85.35,87.55,84.571,86200,0,0
2022-10-20,87.71,87.71,85.8,86.17,83.2379,55400,0,0
2022-10-21,86.86,91.03,86,90.07,87.0052,88200,0,0
2022-10-24,89.77,91,89.63,90.27,87.1984,66000,0,0
2022-10-25,90.11,92.76,90.11,92.09,88.9565,67900,0,0
2022-10-26,92.44,93.25,91.06,92.01,88.8792,49200,0,0
2022-10-27,93,93.34,91.87,92.25,89.1111,71200,0,0
2022-10-28,92.02,96.01,92.02,95.14,91.9027,72300,0,0
2022-10-31,94.35,95.47,94.12,94.37,91.1589,63100,0,0
2022-11-01,94.47,94.47,91.67,91.89,88.7633,93300,0,0
2022-11-02,91.88,93.18,90.47,90.47,87.3916,65500,0,0
2022-11-03,89.54,92.24,88.87,91.53,88.4155,39700,0,0
2022-11-04,92.53,92.96,90.43,92.61,89.4588,49300,0,0
2022-11-07,92.61,93.7,91.58,93.02,89.8548,49700,0,0
2022-11-08,93.02,94.12,92.74,93.13,89.9611,60700,0,0
2022-11-09,93.13,94.6,93.13,93.66,90.4731,61000,0,0
2022-11-10,95.33,96.91,94.17,96.06,92.7914,98600,0,0
2022-11-11,96.74,96.74,92.1,92.28,89.14,79500,0,0
2022-11-14,92.14,94.75,92.14,93.5,90.3185,71200,0,0
2022-11-15,94.94,98.88,94.94,96.64,93.3517,117800,0,0
2022-11-16,96.15,97.77,96.15,97.23,93.9216,59700,0,0
2022-11-17,96.79,97.58,95.2,96.91,93.6125,47700,0,0
2022-11-18,98.49,98.49,97.03,97.29,93.9795,58800,0,0
2022-11-21,97,97.68,96.11,96.5,93.2164,55500,0,0
2022-11-22,96.71,97.68,96.36,97.64,94.3176,48500,0,0
2022-11-23,98.19,99.4,96.25,97.4,94.0858,47200,0,0
2022-11-25,98.25,98.94,98.14,98.62,95.2643,27200,0,0
2022-11-28,98.32,100.06,97.84,99.91,96.5104,71700,0,0
2022-11-29,99.91,100.89,99.36,100.54,97.119,72600,0,0
2022-11-30,99.91,101.1,98.62,101.1,97.6599,99800,0,0
2022-12-01,101.55,101.55,99.25,100.76,97.3315,99800,0,0
2022-12-02,100.45,101.24,99.3,100.78,97.3508,38000,0,0
2022-12-05,99.86,100,97.37,97.72,94.3949,62600,0,0
2022-12-06,98.18,99.5,98.18,99.37,95.9888,43800,0,0
2022-12-07,98.95,100.47,98.25,99.43,96.0467,60800,0,0
2022-12-08,99.87,101.72,98.13,100.89,97.4571,54100,0,0
2022-12-09,100.28,101.18,99.8,100.35,96.9354,84100,0,0
2022-12-12,100.81,101.95,100.06,101.12,97.6792,62600,0,0
2022-12-13,102.1,102.99,99.9,100.15,96.7422,106200,0,0
2022-12-14,100.1,101.33,98,99.12,95.7473,70200,0,0
2022-12-15,98.48,98.96,94.01,94.3,91.0913,104800,0,0
2022-12-16,94.4,96.49,93.84,95.4,92.1539,194300,0,0
2022-12-19,95.8,98.28,95.8,97.64,94.3176,70000,0,0
2022-12-20,98.04,99.76,97.19,99.08,95.7086,88300,0,0
2022-12-21,99.69,100.51,98.89,99.45,96.066,85800,0,0
2022-12-22,99.25,99.27,96.7,97.09,93.7864,64200,0,0
2022-12-23,97,99.42,96.93,99.2,95.8246,49500,0,0
2022-12-27,99.35,99.71,97.17,97.45,94.1341,72600,0,0
2022-12-28,96.83,97.68,95.76,96.23,92.9556,47900,0,0
2022-12-29,96.96,97.37,95.73,97.23,93.9216,59800,0,0
2022-12-30,96.84,97,96.09,96.46,93.1778,75700,0,0
2023-01-03,96.71,97.15,95.02,95.4,92.1539,129900,0,0
2023-01-04,95.63,96.41,94.47,96.13,92.859,77700,0,0
2023-01-05,95.57,96.08,93.34,93.47,90.4448,102200,0.165,0
2023-01-06,94.5,98.17,94.01,97.47,94.3153,78000,0,0
2023-01-09,97.87,99.65,95.6,95.79,92.6897,67600,0,0
2023-01-10,95.99,96.95,94.87,96.18,93.0671,118800,0,0
2023-01-11,96.88,97.22,95.49,96.7,93.5702,69000,0,0
2023-01-12,96.99,97.68,96.4,97.02,93.8799,63100,0,0
2023-01-13,96.86,97.62,96.25,97.37,94.2186,43100,0,0
2023-01-17,97.35,98.23,96.43,97.57,94.4121,58400,0,0
2023-01-18,97.79,98.42,95.38,95.49,92.3994,64800,0,0
2023-01-19,95.73,96.35,94.14,94.67,91.6059,52000,0,0
2023-01-20,95.58,95.92,94.33,95.53,92.4381,67200,0,0
2023-01-23,95.83,97.8,95.5,96.96,93.8218,49800,0,0
2023-01-24,97.18,97.18,94.25,94.41,91.3544,63200,0,0
2023-01-25,93.9,95.17,93.41,95.03,91.9543,48400,0,0
2023-01-26,95.62,95.92,94.25,94.65,91.5866,37800,0,0
2023-01-27,94.84,94.84,92.17,92.22,89.2352,71900,0,0
2023-01-30,92.15,93.33,91.17,92.53,89.5352,66600,0,0
2023-01-31,92.47,95,91.94,95,91.9253,101400,0,0
2023-02-01,95.13,96.14,93.07,95.25,92.1672,76000,0,0
2023-02-02,92.8,94.77,92.44,94.34,91.2866,140100,0,0
2023-02-03,94.16,94.39,92.15,93.13,90.1158,125300,0,0
2023-02-06,93.42,93.95,92.63,92.7,89.6997,76900,0,0
2023-02-07,92.5,93.12,90.21,92.38,89.3901,123600,0,0
2023-02-08,91.72,93.28,91.38,92.79,89.7868,100900,0,0
2023-02-09,93.21,94.44,92.57,93.39,90.3674,114700,0,0
2023-02-10,93,94.35,92.2,94.05,91.006,86300,0,0
2023-02-13,94.05,95.05,93.06,94.71,91.6446,92100,0,0
2023-02-14,94.63,94.63,93.17,93.46,90.4351,82900,0,0
2023-02-15,93.18,94.55,92.7,94.39,91.335,87200,0,0
2023-02-16,94.05,95.13,93.89,94.32,91.2673,79500,0,0
2023-02-17,94.89,95.98,94.81,94.94,91.8672,61900,0,0
2023-02-21,94.64,95.18,93.8,94.41,91.3544,67100,0,0
2023-02-22,94.09,94.98,90.29,92.35,89.361,155000,0,0
2023-02-23,92.47,93.18,91.13,91.56,88.5966,68000,0,0
2023-02-24,91.89,91.89,90.44,91.24,88.2869,103800,0,0
2023-02-27,91.5,92.12,90.13,90.67,87.7354,86300,0,0
2023-02-28,90.59,90.74,89.07,89.4,86.5065,255700,0,0
2023-03-01,89.5,90.06,88.83,89.98,87.0677,83600,0,0
2023-03-02,90.09,92.6,90.09,92.23,89.2449,77700,0,0
2023-03-03,92.65,92.8,91.26,92.59,89.5933,51000,0,0
2023-03-06,92.78,92.78,91.08,91.4,88.4418,93500,0,0
2023-03-07,91.5,92.15,90.6,91.82,88.8482,61400,0,0
2023-03-08,91.58,93.25,91.08,93.25,90.2319,92500,0,0
2023-03-09,93.32,95.21,92.75,93.57,90.5415,108800,0,0
2023-03-10,93.23,93.62,91.02,91.89,88.9159,101300,0,0
2023-03-13,91.14,92.57,89.32,89.85,86.9419,78000,0,0
2023-03-14,90.46,91.13,89.74,90.2,87.2806,117400,0,0
2023-03-15,89.52,90.66,88.86,90.66,87.7257,101500,0,0
2023-03-16,89.92,91.59,89.28,91.23,88.2773,67800,0,0
2023-03-17,90.45,90.84,87.93,89,86.1195,143900,0,0
2023-03-20,89.42,90.62,89.33,89.57,86.671,103800,0,0
2023-03-21,90.06,90.53,89.63,90.06,87.1451,72700,0,0
2023-03-22,90.01,90.67,88.63,88.78,85.9066,76000,0,0
2023-03-23,88.7,88.84,86.76,87.55,84.7164,75700,0,0
2023-03-24,86.92,88.91,86.8,88.11,85.2583,73800,0,0
2023-03-27,88.11,89.54,88.11,88.88,86.0033,58200,0,0
2023-03-28,88.77,89.6,88.42,88.67,85.8001,66600,0,0
2023-03-29,88.98,89.44,87.65,87.84,84.997,80300,0,0
2023-03-30,88,88.4,86.4,87.35,84.5229,80500,0,0
2023-03-31,87.68,89.08,87.03,88.7,85.8291,118700,0,0
2023-04-03,89.07,91.96,88.92,91.68,88.7127,178200,0,0
2023-04-04,92.13,92.36,89.84,90.33,87.4064,75400,0,0
2023-04-05,89.9,90.32,89.42,90.1,87.3434,66500,0.165,0
2023-04-06,90,90.25,89.36,90,87.2465,53300,0,0
2023-04-10,89.99,91.87,89.96,91.69,88.8847,68400,0,0
2023-04-11,92.02,92.95,91.13,91.33,88.5358,64500,0,0
2023-04-12,91.41,91.5,89.57,90.23,87.4694,55300,0,0
2023-04-13,90.16,90.66,88.85,90.11,87.3531,52500,0,0
2023-04-14,90.22,91,89.53,90.48,87.7118,61700,0,0
2023-04-17,90.64,92.1,90.64,91.86,89.0495,52100,0,0
2023-04-18,91.86,92.48,91.25,91.25,88.4582,56700,0,0
2023-04-19,91.32,92.13,90.97,91.28,88.4873,56300,0,0
2023-04-20,91.56,93.23,91.56,93.15,90.3001,57000,0,0
2023-04-21,93.49,94.43,92.65,93.57,90.7072,68100,0,0
2023-04-24,93.87,94.68,93.18,94.18,91.2986,46300,0,0
2023-04-25,94.02,94.02,92.42,92.52,89.6894,54500,0,0
2023-04-26,92.13,92.92,91.96,92.77,89.9317,80100,0,0
2023-04-27,92.73,93.48,92.1,93.47,90.6103,41800,0,0
2023-04-28,93.44,94.42,91.88,92.04,89.224,67400,0,0
2023-05-01,91.98,92.47,91.46,92.47,89.6409,56600,0,0
2023-05-02,92.5,92.74,91.45,92.54,89.7088,57000,0,0
2023-05-03,92.75,93,91.07,91.18,88.3903,81600,0,0
2023-05-04,90.52,90.52,82.16,84.97,82.3703,174100,0,0
2023-05-05,85.21,85.21,81.6,81.8,79.2973,119700,0,0
2023-05-08,81.63,83,80.98,81.58,79.0841,69200,0,0
2023-05-09,81.54,82.09,80,81.09,78.609,62500,0,0
2023-05-10,81.72,82.2,80.02,80.69,78.2213,83600,0,0
2023-05-11,80.58,81.3,80.01,80.69,78.2213,89300,0,0
2023-05-12,81.26,82.01,80.72,81.31,78.8223,79500,0,0
2023-05-15,81.57,81.64,80.66,81.54,79.0453,68800,0,0
2023-05-16,81.13,81.5,80.6,81.29,78.8029,80100,0,0
2023-05-17,81.71,81.75,80.29,81.55,79.055,78600,0,0
2023-05-18,81.27,82,81,81.83,79.3264,68600,0,0
2023-05-19,82.3,82.71,81.46,82.61,80.0826,64000,0,0
2023-05-22,82.54,82.75,81.59,82.34,79.8208,67400,0,0
2023-05-23,82.22,83.09,81.83,82.91,80.3734,61600,0,0
2023-05-24,83.09,83.22,81.87,82.36,79.8402,73000,0,0
2023-05-25,81.72,82.23,81.21,81.83,79.3264,100700,0,0
2023-05-26,81.62,82.22,81.07,81.7,79.2004,101600,0,0
2023-05-30,81.55,83.05,81.35,82.45,79.9274,82700,0,0
2023-05-31,82.66,82.77,80,80.27,77.8141,132700,0,0
2023-06-01,80.26,81.68,80,81.56,79.0647,87200,0,0
2023-06-02,81.79,83.72,81.39,83.34,80.7902,93200,0,0
2023-06-05,83.8,83.8,81.97,82.17,79.656,71600,0,0
2023-06-06,81.89,84.8,81.64,84.28,81.7014,121500,0,0
2023-06-07,84.28,86.29,84,85.94,83.3107,139100,0,0
2023-06-08,85.6,86,84.58,85.81,83.1846,78700,0,0
2023-06-09,85.99,87.31,84.83,84.98,82.38,92800,0,0
2023-06-12,84.78,85.13,84.3,84.72,82.128,62700,0,0
2023-06-13,84.85,86.2,84.28,85.31,82.6999,83200,0,0
2023-06-14,85.72,86.03,84.78,85.12,82.5158,71200,0,0
2023-06-15,84.95,85.9,84.68,85.18,82.5739,52000,0,0
2023-06-16,85.56,86.22,84.25,84.5,81.9147,120100,0,0
2023-06-20,84.57,85.42,83.76,83.96,81.3913,75600,0,0
2023-06-21,83.75,84.47,83.51,83.88,81.3137,51700,0,0
2023-06-22,83.94,84.01,83.17,83.8,81.2361,52200,0,0
2023-06-23,83.46,84.62,82.81,83.61,81.0519,152900,0,0
2023-06-26,83.61,84.15,82.16,82.88,80.3443,76500,0,0
2023-06-27,83.1,84.53,82.71,82.83,80.2958,81300,0,0
2023-06-28,82.65,82.93,81.68,82.74,80.2085,62300,0,0
2023-06-29,82.61,83.67,82.46,82.83,80.2958,68200,0,0
2023-06-30,83.14,83.57,82.49,82.65,80.1213,216600,0,0
2023-07-03,82.51,83.72,82.51,83.33,80.7805,55000,0,0
2023-07-05,82.74,83.41,82.45,82.64,80.2706,94700,0.165,0
2023-07-06,82.26,83.11,81.99,82.76,80.3871,70900,0,0
2023-07-07,82.9,84.39,82.9,83.61,81.2128,74100,0,0
2023-07-10,83.36,85.14,83.36,83.7,81.3002,71400,0,0
2023-07-11,84,84.53,83.71,84.08,81.6693,57600,0,0
2023-07-12,84.55,84.65,83.73,84.14,81.7276,54900,0,0
2023-07-13,84,84.48,82.87,82.94,80.562,55900,0,0
2023-07-14,82.94,82.95,82.13,82.61,80.2414,69400,0,0
2023-07-17,82.67,83.37,82.32,82.5,80.1346,61600,0,0
2023-07-18,82.5,83.29,82.19,82.47,80.1055,70100,0,0
2023-07-19,82.5,83.55,82.48,83.14,80.7562,80300,0,0
2023-07-20,83.52,83.69,82.82,83.61,81.2128,114600,0,0
2023-07-21,84.05,84.25,83.21,83.57,81.1739,61700,0,0
2023-07-24,83.84,84.78,83.36,84.55,82.1258,48700,0,0
2023-07-25,84.55,84.72,83.72,84.32,81.9024,52300,0,0
2023-07-26,84.34,84.65,83.49,83.87,81.4653,65800,0,0
2023-07-27,84.22,84.49,82.24,83.26,80.8728,99400,0,0
2023-07-28,83.61,84.21,83,84.1,81.6887,64700,0,0
2023-07-31,83.97,85.35,83.92,84.8,82.3686,79600,0,0
2023-08-01,84.86,85.4,83.9,84.7,82.2715,71100,0,0
2023-08-02,84.61,86.68,84.5,85.99,83.5245,58000,0,0
2023-08-03,85.3,85.56,81.92,83.43,81.0379,141200,0,0
2023-08-04,83.75,84.79,82.53,84.09,81.679,83700,0,0
2023-08-07,84.13,84.28,82.91,83.39,80.9991,92800,0,0
2023-08-08,83.33,83.33,82.22,82.87,80.494,76700,0,0
2023-08-09,82.74,83.39,82.39,82.69,80.3191,67300,0,0
2023-08-10,82.77,83.6,82.57,82.78,80.4066,56400,0,0
2023-08-11,82.91,83.54,82.5,82.8,80.426,54200,0,0
2023-08-14,82.53,82.73,81.71,82.53,80.1637,60200,0,0
2023-08-15,82.09,82.44,81.67,82.41,80.0472,85800,0,0
2023-08-16,82.41,83.2,81.9,82.47,80.1055,69300,0,0
2023-08-17,82.47,82.92,81.84,82.04,79.6878,70300,0,0
2023-08-18,82.13,83.61,82.13,83.2,80.8145,74400,0,0
2023-08-21,83.08,84.4,82.86,84.25,81.8344,70100,0,0
2023-08-22,84.17,84.17,82.07,82.58,80.2123,78800,0,0
2023-08-23,82.49,82.8,81.65,81.91,79.5615,74500,0,0
2023-08-24,81.84,82.16,81.57,81.84,79.4935,56200,0,0
2023-08-25,81.77,81.88,80.67,80.97,78.6485,67600,0,0
2023-08-28,81.29,81.82,80.42,80.45,78.1434,62000,0,0
2023-08-29,80.79,80.79,78.67,78.71,76.4532,94000,0,0
2023-08-30,78.48,80.17,78.48,79.15,76.8806,72200,0,0
2023-08-31,79.03,79.04,77.37,78.13,75.8899,102700,0,0
2023-09-01,78.29,78.29,77.77,77.92,75.6859,80300,0,0
2023-09-05,77.8,77.8,74.74,74.77,72.6262,109900,0,0
2023-09-06,74.93,75.96,74.47,74.62,72.4805,67500,0,0
2023-09-07,74.85,74.85,73.38,74.04,71.9171,136500,0,0
2023-09-08,74.17,75.1,74.02,74.98,72.8302,85900,0,0
2023-09-11,75,75.3,74.67,75,72.8496,83500,0,0
2023-09-12,75.28,76.05,75.12,75.17,73.0147,77500,0,0
2023-09-13,75.43,75.83,74.72,75.19,73.0342,72700,0,0
2023-09-14,75.33,77.05,75.33,77.01,74.802,79700,0,0
2023-09-15,77.55,77.82,75.79,75.9,73.7238,150600,0,0
2023-09-18,76.16,76.63,75.5,75.86,73.685,68100,0,0
2023-09-19,76.06,76.06,75,75.01,72.8594,57600,0,0
2023-09-20,75.15,75.75,74.85,75.11,72.9565,64400,0,0
2023-09-21,74.94,75.61,74.41,75.37,73.209,56500,0,0
2023-09-22,75.2,75.59,74.75,75.24,73.0827,54600,0,0
2023-09-25,75.26,76.59,75.1,75.94,73.7627,89400,0,0
2023-09-26,75.64,75.64,74.55,75.04,72.8885,69700,0,0
2023-09-27,75.26,75.72,74.76,75.27,73.1119,81900,0,0
2023-09-28,75.4,75.9,75.06,75.51,73.345,66600,0,0
2023-09-29,75.54,75.54,74.56,75.33,73.1702,92200,0,0
2023-10-02,75.01,75.48,74.07,75.31,73.1507,98300,0,0
2023-10-03,75.13,78.51,75.13,77.19,74.9768,163000,0,0
2023-10-04,77.32,79.58,76.88,79.42,77.1429,146200,0,0
2023-10-05,79.42,80.78,78.22,79.9,77.6091,120400,0,0
2023-10-06,79.9,79.9,77.53,77.8,75.5693,71900,0,0
2023-10-09,77.36,79.33,77.1,78.86,76.5989,62300,0,0
2023-10-10,78.77,79.86,78.76,78.77,76.5115,51500,0,0
2023-10-11,78.92,79.04,78.25,78.67,76.5748,43700,0.165,0
2023-10-12,78.68,79.14,77.76,78.93,76.8279,63100,0,0
2023-10-13,78.83,79.27,76.96,77.05,74.998,59100,0,0
2023-10-16,77.3,78.89,77.3,78.67,76.5748,95400,0,0
2023-10-17,78.56,80.75,78.56,80.06,77.9278,70900,0,0
2023-10-18,80.02,80.98,79.37,80.65,78.5021,64000,0,0
2023-10-19,80.61,81.62,80.37,80.66,78.5118,79000,0,0
2023-10-20,81,81.39,80.41,80.42,78.2782,61300,0,0
2023-10-23,80.28,80.67,78.03,78.15,76.0687,57600,0,0
2023-10-24,78.54,78.9,77.4,77.67,75.6014,74300,0,0
2023-10-25,77.16,78.38,76.48,78.25,76.166,61300,0,0
2023-10-26,78.67,81.56,77.85,80.34,78.2003,75000,0,0
2023-10-27,80.25,80.87,79.27,80.11,77.9764,47400,0,0
2023-10-30,80.82,81.55,80.28,80.97,78.8136,61700,0,0
2023-10-31,80.59,80.97,80.07,80.22,78.0835,85200,0,0
2023-11-01,79.99,79.99,78.54,78.84,76.7403,53600,0,0
2023-11-02,79.07,80.88,79.07,80.84,78.687,74900,0,0
2023-11-03,81.65,83.15,81.26,82.6,80.4001,54800,0,0
2023-11-06,82.19,82.63,81.02,81.73,79.5533,72500,0,0
2023-11-07,81.73,81.88,80.8,81.12,78.9596,40000,0,0
2023-11-08,80.78,80.97,78.66,79.16,77.0518,57700,0,0
2023-11-09,79.63,79.63,78.31,79.42,77.3048,52100,0,0
2023-11-10,79.63,80.59,78.8,80.28,78.1419,45300,0,0
2023-11-13,79.61,79.83,78.85,79.57,77.4508,45200,0,0
2023-11-14,80.7,82.23,80.7,81.94,79.7577,75500,0,0
2023-11-15,82.06,82.74,80.55,81.76,79.5825,109300,0,0
2023-11-16,81.16,81.16,79.74,79.98,77.8499,62400,0,0
2023-11-17,80.76,81.11,80.07,80.86,78.7065,77600,0,0
2023-11-20,80.94,81.22,80.47,80.78,78.6286,56700,0,0
2023-11-21,80.78,80.94,79.94,80.37,78.2295,50600,0,0
2023-11-22,80.39,81.53,80.39,81.25,79.0861,57200,0,0
2023-11-24,81.59,82.02,80.95,81.73,79.5533,32800,0,0
2023-11-27,81.48,81.82,80.32,80.41,78.2685,69100,0,0
2023-11-28,80.01,80.46,79.18,80.16,78.0251,72400,0,0
2023-11-29,80.11,80.97,79.34,80.91,78.7552,54900,0,0
2023-11-30,80.69,82.07,80.28,81.62,79.4462,101400,0,0
2023-12-01,81.69,82.96,81.4,82.81,80.6045,87700,0,0
2023-12-04,82.49,83.86,82.49,83.73,81.5,66400,0,0
2023-12-05,83.59,84.16,83.14,83.3,81.0815,60700,0,0
2023-12-06,83.61,84.2,83.13,83.68,81.4514,62000,0,0
2023-12-07,84.12,84.76,83.51,84.66,82.4053,53000,0,0
2023-12-08,84.68,86.3,84.66,84.82,82.561,48000,0,0
2023-12-11,84.44,85.59,84.42,85.38,83.1061,53300,0,0
2023-12-12,85.58,85.85,83.84,83.92,81.685,53000,0,0
2023-12-13,84.33,85.95,83.56,85.85,83.5636,90900,0,0
2023-12-14,86.75,87.07,85.23,85.42,83.145,87900,0,0
2023-12-15,86.47,86.47,83.67,83.69,81.4611,197400,0,0
2023-12-18,83.7,84.46,83.02,84.33,82.0841,83400,0,0
2023-12-19,84.77,85.32,84.05,84.61,82.3566,122700,0,0
2023-12-20,84.32,86.04,83.79,84.99,82.7265,73200,0,0
2023-12-21,85.41,85.55,84.64,85.23,82.9601,48600,0,0
2023-12-22,85.23,86.55,84.98,85.31,83.038,52900,0,0
2023-12-26,85.91,86.12,85,85.91,83.622,43300,0,0
2023-12-27,86.25,86.4,85.64,85.86,83.5733,33700,0,0
2023-12-28,85.74,86.65,85.74,85.95,83.6609,43200,0,0
2023-12-29,86.03,86.58,85.85,86.37,84.0697,108600,0,0
2024-01-02,86,89.41,86,89.13,86.7562,81400,0,0
2024-01-03,89.31,89.59,87.73,87.86,85.52,89000,0,0
2024-01-04,88.49,89.05,87.77,88.53,86.1722,80000,0,0
2024-01-05,88.24,89,88.01,88.28,85.9289,98100,0,0
2024-01-08,88.78,88.78,87.41,87.53,85.1988,61600,0,0
2024-01-09,87.2,87.26,85.88,87.05,84.7316,64000,0,0
2024-01-10,86.77,87.14,86.32,86.84,84.5272,71800,0,0
2024-01-11,86.41,86.67,85.84,86.52,84.3761,55900,0.165,0
2024-01-12,87.05,87.11,85.22,85.33,83.2155,89500,0,0
2024-01-16,85.09,85.55,84.41,84.91,82.806,63500,0,0
2024-01-17,84.63,85.95,84.62,85.88,83.7519,132900,0,0
2024-01-18,86.01,86.16,83.93,84.35,82.2598,72600,0,0
2024-01-19,84.77,84.77,83.37,83.95,81.8697,60900,0,0
2024-01-22,84.5,85.22,83.36,84.57,82.4744,48300,0,0
2024-01-23,85.1,85.34,83.92,83.99,81.9088,54200,0,0
2024-01-24,84.63,85.02,83.49,83.63,81.5577,54600,0,0
2024-01-25,84.36,85.15,83.63,85.12,83.0108,71400,0,0
2024-01-26,85.49,85.49,84.01,84.65,82.5524,47400,0,0
2024-01-29,84.79,84.95,83.01,83.44,81.3724,70300,0,0
2024-01-30,83.4,84.26,82.34,84.07,81.9868,40800,0,0
2024-01-31,84.06,85.87,83.94,84.25,82.1623,122300,0,0
2024-02-01,83.89,84.02,82.15,83.1,81.0408,63900,0,0
2024-02-02,82.7,84.97,82.5,83.1,81.0408,89200,0,0
2024-02-05,82.41,82.5,81.06,82.07,80.0363,155400,0,0
2024-02-06,82.13,82.77,81.87,82.16,80.1241,52200,0,0
2024-02-07,82.16,82.49,81.76,82.11,80.0753,47400,0,0
2024-02-08,81.16,82.76,81.08,81.83,79.8023,65300,0,0
2024-02-09,81.41,81.52,77.96,78.38,76.4377,137700,0,0
2024-02-12,78.5,78.83,77.24,77.5,75.5796,121100,0,0
2024-02-13,77.14,77.65,74.79,75.72,73.8437,139700,0,0
2024-02-14,75.98,76.28,75.1,76.21,74.3215,104700,0,0
2024-02-15,76.01,77.44,75.98,76.98,75.0724,96800,0,0
2024-02-16,76.82,77.43,76.16,76.28,74.3898,59600,0,0
2024-02-20,75.68,77.37,75.68,76.22,74.3313,80500,0,0
2024-02-21,76.22,76.87,75.91,76.64,74.7409,56400,0,0
2024-02-22,76.18,76.66,74.68,76.4,74.5068,106500,0,0
2024-02-23,76.35,77.26,76.35,77.13,75.2187,67700,0,0
2024-02-26,76.88,77.25,76.25,76.26,74.3703,68000,0,0
2024-02-27,76.59,77.26,76.37,76.99,75.0822,73000,0,0
2024-02-28,76.57,77,75.82,75.87,73.99,68100,0,0
2024-02-29,76.55,77.32,76.15,77.01,75.1017,94600,0,0
2024-03-01,76.87,77.36,75.66,76.27,74.3801,115300,0,0
2024-03-04,76.91,78.41,76.42,76.71,74.8091,96400,0,0
2024-03-05,76.75,78,76.25,76.35,74.458,60400,0,0
2024-03-06,76.35,77.39,76.28,76.52,74.6238,69000,0,0
2024-03-07,76.97,77.75,76.28,76.41,74.5166,69200,0,0
2024-03-08,76.21,76.67,75.56,75.84,73.9607,68500,0,0
2024-03-11,75.49,75.83,74.86,75.34,73.4731,62300,0,0
2024-03-12,75.02,75.14,74.23,74.3,72.4589,78600,0,0
2024-03-13,74.3,75.19,74.28,74.84,72.9855,91400,0,0
2024-03-14,74.69,74.69,73.49,73.84,72.0103,72500,0,0
2024-03-15,73.59,76.73,73,74.7,72.849,197500,0,0
2024-03-18,74.26,75.44,74.07,74.32,72.4783,77700,0,0
2024-03-19,74.32,75.24,74.23,74.23,72.3906,65500,0,0
2024-03-20,74.15,75.52,73.84,75.28,73.4146,90700,0,0
2024-03-21,75.35,76.46,75.19,76.46,74.5653,103200,0,0
2024-03-22,76.29,76.64,74.91,75.52,73.6486,122300,0,0
2024-03-25,75.23,76.01,74.99,75.91,74.029,65800,0,0
2024-03-26,75.79,76.12,75,75.5,73.6291,73700,0,0
2024-03-27,75.4,76.05,74.95,75.44,73.5706,80800,0,0
2024-03-28,75.4,76.93,75.18,76.68,74.7799,143300,0,0
2024-04-01,76.68,76.97,75.61,75.82,73.9412,90800,0,0
2024-04-02,75.98,76.05,74.58,75.37,73.5024,81600,0,0
2024-04-03,75.44,75.44,74.65,75.01,73.1513,67700,0,0
2024-04-04,75.49,75.97,75.09,75.73,73.8534,77600,0,0
2024-04-05,75.72,75.72,74.54,75.42,73.5511,56100,0,0
2024-04-08,75.28,75.5,73.6,74.01,72.1761,96400,0,0
2024-04-09,74.01,74.9,73.78,74.16,72.3223,83600,0,0
2024-04-10,73.98,74.11,72.77,74.03,72.3565,85500,0.165,0
2024-04-11,74.03,74.41,73.22,74.22,72.5422,74100,0,0
2024-04-12,74.2,74.2,72.94,73.01,71.3596,64800,0,0
2024-04-15,73.25,73.94,73,73.34,71.6821,111000,0,0
2024-04-16,73.35,73.67,72.72,73.27,71.6137,72900,0,0
2024-04-17,73.31,73.97,72.8,73.1,71.4476,68700,0,0
2024-04-18,72.99,73.52,72.99,73.36,71.7017,76300,0,0
2024-04-19,73.32,75.38,73.32,75.34,73.6369,62800,0,0
2024-04-22,75,76.04,73.04,74.28,72.6009,135200,0,0
2024-04-23,74.24,76.5,73.1,73.1,71.4476,59900,0,0
2024-04-24,73.01,73.81,72.7,73.22,71.5649,66900,0,0
2024-04-25,73.02,73.21,72.26,72.86,71.213,52300,0,0
2024-04-26,72.47,73.19,72.17,72.71,71.0664,50600,0,0
2024-04-29,72.9,73.61,72.66,73.28,71.6235,65100,0,0
2024-04-30,72.82,72.82,71.7,71.75,70.1281,96000,0,0
2024-05-01,72.03,72.55,71.79,71.97,70.3431,52000,0,0
2024-05-02,71.99,72.99,71.99,72.7,71.0566,48600,0,0
2024-05-03,72.77,73.17,72.15,72.3,70.6656,80600,0,0
2024-05-06,72.1,72.53,71.97,72.17,70.5386,56700,0,0
2024-05-07,72.09,73,72.03,72.17,70.5386,52900,0,0
2024-05-08,71.9,72.6,71.49,72.48,70.8416,84700,0,0
2024-05-09,71.93,72.5,69.62,70.97,69.3657,188300,0,0
2024-05-10,70.98,72.75,70.47,72.66,71.0175,112900,0,0
2024-05-13,73.05,74.39,72.71,73.75,72.0829,96000,0,0
2024-05-14,74.48,75.38,73.69,75.21,73.5099,99700,0,0
2024-05-15,75.12,75.4,74.06,74.24,72.5618,71100,0,0
2024-05-16,74.56,77.3,74.51,77.3,75.5526,117200,0,0
2024-05-17,77.2,77.2,75.51,75.92,74.2038,60700,0,0
2024-05-20,75.61,75.7,73.04,73.48,71.819,78500,0,0
2024-05-21,73.2,73.96,73.2,73.84,72.1708,69700,0,0
2024-05-22,73.52,74.39,73.52,74.13,72.4543,60100,0,0
2024-05-23,74.07,74.15,72.75,73.35,71.6919,64000,0,0
2024-05-24,73.64,73.64,72.55,72.8,71.1543,49300,0,0
2024-05-28,73.26,73.3,72.12,72.34,70.7048,68900,0,0
2024-05-29,71.86,72.28,71.4,71.55,69.9326,75700,0,0
2024-05-30,71.55,72.84,71.38,71.47,69.8544,55300,0,0
2024-05-31,71.47,73.21,71.47,73.14,71.4867,87100,0,0
2024-06-03,72.93,73.33,71.95,72.33,70.695,94800,0,0
2024-06-04,71.63,71.74,70.42,71.27,69.6589,96400,0,0
2024-06-05,71.19,71.19,69.99,70.36,68.7695,60100,0,0
2024-06-06,69.99,71.42,69.88,70.7,69.1018,75100,0,0
2024-06-07,70.31,71.03,70.01,70.12,68.5349,63800,0,0
2024-06-10,70.32,70.61,69.56,70.22,68.6327,76200,0,0
2024-06-11,70,71.16,69.85,71.11,69.5025,106700,0,0
2024-06-12,71.26,71.54,68.73,68.73,67.1764,93400,0,0
2024-06-13,68.71,69.2,67.68,68.31,66.7658,89900,0,0
2024-06-14,68.27,68.4,67.1,68.32,66.7756,78700,0,0
2024-06-17,68.11,69.55,68.02,69.55,67.9778,136000,0,0
2024-06-18,69.47,69.9,69.4,69.73,68.1537,89700,0,0
2024-06-20,69.57,70.38,68.95,69.23,67.665,73700,0,0
2024-06-21,69.39,70.17,69.09,69.44,67.8703,229800,0,0
2024-06-24,69.6,71.07,69.5,70.01,68.4274,210400,0,0
2024-06-25,69.98,70,68.95,69.52,67.9485,72300,0,0
2024-06-26,68.97,69.13,68.16,68.45,66.9027,88000,0,0
2024-06-27,68.34,68.54,67.31,68.4,66.8538,98800,0,0
2024-06-28,69,69,67.97,68.61,67.0591,209600,0,0
2024-07-01,68.59,69.16,68.01,68.56,67.0102,82500,0,0
2024-07-02,68.68,68.96,68.03,68.31,66.7658,66700,0,0
2024-07-03,68.55,68.69,67.48,68.02,66.4824,43100,0,0
2024-07-05,67.87,67.99,67.29,67.82,66.2869,88300,0,0
2024-07-08,67.82,69.2,67.82,69.06,67.4989,82400,0,0
2024-07-09,68.84,69.15,67.89,69.02,67.4598,134000,0,0
2024-07-10,69.36,69.94,68.87,69.9,68.3199,87100,0,0
2024-07-11,70.51,73.36,70.35,73.03,71.548,113100,0.165,0
2024-07-12,73.37,74.21,72.94,73.67,72.175,84100,0,0
2024-07-15,73.96,74.1,72.14,72.39,70.921,162400,0,0
2024-07-16,72.94,75.18,72.91,74.96,73.4389,115000,0,0
2024-07-17,74.4,77.07,74.4,76.81,75.2513,90000,0,0
2024-07-18,76.59,77.3,75.92,76,74.4578,87900,0,0
2024-07-19,76.13,76.13,74.55,75.4,73.8699,59300,0,0
2024-07-22,75.3,76.77,75.14,76.4,74.8497,64400,0,0
2024-07-23,76.09,77.5,76,77.32,75.751,84700,0,0
2024-07-24,76.99,77.5,76.57,76.69,75.1338,55600,0,0
2024-07-25,76.76,79.04,76.76,78.97,77.3675,93300,0,0
2024-07-26,78.9,80,78.9,79.73,78.1121,49600,0,0
2024-07-29,79.65,79.89,78.85,79.69,78.0729,50200,0,0
2024-07-30,80.1,81.04,79.91,80.92,79.2779,77600,0,0
2024-07-31,80.91,81.76,79.69,81.05,79.4053,106200,0,0
2024-08-01,80.99,82.01,78.86,79.29,77.681,88400,0,0
2024-08-02,77.44,79.13,77.44,77.85,76.2702,75500,0,0
2024-08-05,77.07,77.5,73.13,74.31,72.8021,87700,0,0
2024-08-06,74.1,74.5,73.47,74.09,72.5865,81300,0,0
2024-08-07,74.72,75.05,73.52,74.27,72.7629,61800,0,0
2024-08-08,74.27,75.09,73,74.44,72.9294,75500,0,0
2024-08-09,74.38,74.39,73.29,74.26,72.7531,83500,0,0
2024-08-12,73.98,74.03,72.16,72.2,70.7349,81000,0,0
2024-08-13,72.75,72.75,71.32,72.05,70.5879,61700,0,0
2024-08-14,72.45,72.45,70.94,71.07,69.6278,52800,0,0
2024-08-15,72.01,73.78,71.11,72.25,70.7839,109800,0,0
2024-08-16,72.19,73.62,72.19,72.33,70.8622,64900,0,0
2024-08-19,72.28,73.08,72.18,72.59,71.117,71600,0,0
2024-08-20,72.75,72.75,71,71.07,69.6278,49600,0,0
2024-08-21,71.43,71.68,70.82,71.12,69.6768,85500,0,0
2024-08-22,71.15,71.35,70.31,70.45,69.0204,80200,0,0
2024-08-23,70.3,72.66,70.24,71.94,70.4801,70900,0,0
2024-08-26,72.48,73.81,71.92,73.47,71.9791,86300,0,0
2024-08-27,73.55,73.81,73.02,73.55,72.0575,65600,0,0
2024-08-28,73.9,74.09,73.14,73.33,71.8419,43400,0,0
2024-08-29,73.88,73.88,72.29,73.5,72.0085,59600,0,0
2024-08-30,73.74,74.19,73.4,74,72.4984,128400,0,0
2024-09-03,73.45,74.27,73.22,73.81,72.3122,85100,0,0
2024-09-04,73.78,73.84,73,73.47,71.9791,124000,0,0
2024-09-05,73.96,73.96,72.47,72.68,71.2051,61400,0,0
2024-09-06,72.76,73.35,72,72.15,70.6859,59300,0,0
2024-09-09,72.17,73.36,71.31,71.65,70.196,110100,0,0
2024-09-10,71.86,72.76,71.86,72.53,71.0582,78500,0,0
2024-09-11,72.16,72.44,70.68,71.38,69.9315,68100,0,0
2024-09-12,71.85,72.17,71.26,71.88,70.4214,62900,0,0
2024-09-13,72.31,73.74,72.13,73.43,71.9399,83500,0,0
2024-09-16,73.9,74,73.28,73.49,71.9987,84600,0,0
2024-09-17,73.88,74.34,73.34,73.36,71.8713,95600,0,0
2024-09-18,72.89,74.24,72.82,73.1,71.6166,80900,0,0
2024-09-19,73.86,73.97,73.2,73.5,72.0085,158800,0,0
2024-09-20,73.43,73.54,72.66,73.04,71.5578,244600,0,0
2024-09-23,73.01,73.07,72,72.34,70.872,74400,0,0
2024-09-24,72.75,73.1,72.23,72.7,71.2247,93800,0,0
2024-09-25,72.83,73.18,72.29,72.69,71.2149,82300,0,0
2024-09-26,73.16,73.67,72.29,73.65,72.1554,154500,0,0
2024-09-27,74.11,75.2,73.89,74.35,72.8413,257600,0,0
2024-09-30,74.31,75.27,73.1,74.6,73.0862,166600,0,0
2024-10-01,74.2,74.2,69.25,69.31,67.9035,260800,0,0
2024-10-02,69.25,69.89,65.54,66.14,64.7979,287900,0,0
2024-10-03,65.19,65.19,61.2,62.79,61.5158,461900,0,0
2024-10-04,62.62,66,62.62,63.67,62.378,343400,0,0
2024-10-07,63.68,63.68,60.44,60.85,59.6152,348400,0,0
2024-10-08,60.76,61.65,60.6,61.5,60.252,211300,0,0
2024-10-09,61.43,63.7,61.43,61.61,60.3598,221200,0,0
2024-10-10,61.25,61.42,59.73,60.97,59.8932,265300,0.165,0
2024-10-11,60.82,61.97,60.8,61.6,60.512,217800,0,0
2024-10-14,61.74,62.11,60.8,62.1,61.0032,164000,0,0
2024-10-15,62.1,64.11,62.1,62.87,61.7596,172900,0,0
2024-10-16,63.4,63.91,62.25,62.3,61.1997,149800,0,0
2024-10-17,62.29,64.31,61.85,64.24,63.1054,165100,0,0
2024-10-18,64.39,65.15,63.69,63.72,62.5946,162200,0,0
2024-10-21,63.95,66.13,63.65,63.68,62.5553,191600,0,0
2024-10-22,63.44,64.14,63.34,63.49,62.3687,122000,0,0
2024-10-23,63.01,63.22,61.75,63.03,61.9168,124100,0,0
2024-10-24,62.94,62.94,62.11,62.45,61.347,92300,0,0
2024-10-25,62.32,62.57,61.57,61.62,60.5317,85600,0,0
2024-10-28,61.94,62.45,61.46,61.89,60.7969,107800,0,0
2024-10-29,61.31,62.15,61.03,61.51,60.4236,131300,0,0
2024-10-30,65.5,67.26,63.48,65.12,63.9699,247800,0,0
2024-10-31,65.15,65.36,63.1,63.86,62.7321,169400,0,0
2024-11-01,63.97,65.12,63.89,65.05,63.9011,172200,0,0
2024-11-04,65.06,66.44,65.06,65.69,64.5298,99800,0,0
2024-11-05,65.26,67.47,65.1,67.32,66.131,121200,0,0
2024-11-06,69.34,72.02,68.8,71.05,69.7951,251400,0,0
2024-11-07,70.91,71.55,69.83,71.04,69.7853,115100,0,0
2024-11-08,70.83,71.69,70.04,71.38,70.1193,213600,0,0
2024-11-11,71.72,73.39,71.57,71.91,70.6399,133000,0,0
2024-11-12,71.65,72.61,71.01,71.7,70.4336,130200,0,0
2024-11-13,72,72.8,71.52,72.41,71.1311,97600,0,0
2024-11-14,72.23,72.93,71.5,72.65,71.3669,107000,0,0
2024-11-15,71.65,71.94,69.86,70.05,68.8128,156700,0,0
2024-11-18,69.69,71.61,69.69,69.83,68.5967,93800,0,0
2024-11-19,69.1,70.16,68.34,69.68,68.4493,85200,0,0
2024-11-20,69.18,69.53,68.4,69.46,68.2332,72100,0,0
2024-11-21,69.9,70.7,69.03,70.33,69.0879,64500,0,0
2024-11-22,70.11,72.32,70.11,72.18,70.9052,83100,0,0
2024-11-25,73.01,75.63,73.01,75.3,73.9701,148100,0,0
2024-11-26,75.37,75.37,72.61,74.2,72.8895,176000,0,0
2024-11-27,74.73,74.73,72.78,73.34,72.0447,138000,0,0
2024-11-29,74.34,75,73.26,73.9,72.5948,57100,0,0
2024-12-02,73.5,73.5,70.55,72.91,71.6223,115200,0,0
2024-12-03,72.61,73.37,72,72.46,71.1802,80100,0,0
2024-12-04,72.55,72.86,71.4,72.1,70.8266,84400,0,0
2024-12-05,71.63,72.9,70.68,70.99,69.7362,122200,0,0
2024-12-06,71.33,71.41,69.16,69.63,68.4002,105300,0,0
2024-12-09,69.5,70.8,68.83,69.83,68.5967,167500,0,0
2024-12-10,70.25,71.37,69.22,71.01,69.7558,101800,0,0
2024-12-11,71.76,72.22,70.42,71.06,69.805,134000,0,0
2024-12-12,71.37,72.17,70.27,70.37,69.1272,103400,0,0
2024-12-13,69.93,70.25,68.56,69.2,67.9778,107500,0,0
2024-12-16,68.71,68.96,67.5,68.18,66.9758,121800,0,0
2024-12-17,67.99,68.47,67.32,68.33,67.1232,108000,0,0
2024-12-18,67.87,69.22,66.51,67.27,66.0819,155000,0,0
2024-12-19,67.5,68.5,66.68,67.05,65.8658,132200,0,0
2024-12-20,66.44,67.74,66.15,66.34,65.1683,344800,0,0
2024-12-23,65.89,66.1,64.43,64.6,63.459,144000,0,0
2024-12-24,64.59,65.56,64.25,65.53,64.3726,68500,0,0
2024-12-26,65.15,66.32,64.61,66.26,65.0897,83900,0,0
2024-12-27,65.49,66.52,65.15,65.32,64.1663,154600,0,0
2024-12-30,65.48,65.48,62.88,63.71,62.5848,252600,0,0
2024-12-31,63.75,64.76,63.46,64.44,63.3019,114100,0,0
2025-01-02,64.86,65.21,63.92,64.28,63.1447,180900,0,0
2025-01-03,64.32,64.89,63.32,64.1,62.9679,155800,0,0
2025-01-06,64.26,64.47,63.04,63.36,62.241,128300,0,0
2025-01-07,63.37,63.86,62.5,63.35,62.2311,119300,0,0
2025-01-08,62.97,64.03,62.13,63.99,62.8598,103600,0,0
2025-01-10,63.23,63.64,62.2,62.38,61.4367,135700,0.165,0
2025-01-13,62.3,64.36,62.07,64.21,63.239,114500,0,0
2025-01-14,64.34,64.46,63.32,63.79,62.8254,95800,0,0
2025-01-15,64.58,64.58,63.54,63.78,62.8155,87800,0,0
2025-01-16,63.66,64.72,63.08,64.3,63.3276,104800,0,0
2025-01-17,64.77,64.77,63.01,63.07,62.1162,103600,0,0
2025-01-21,63.37,64.73,63.37,64.43,63.4557,120600,0,0
2025-01-22,64.14,64.14,62.39,63.26,62.3034,125300,0,0
2025-01-23,62.95,64.41,62.95,64.26,63.2883,111200,0,0
2025-01-24,64.06,65.89,64,65.63,64.6375,81700,0,0
2025-01-27,65.85,67.99,65.84,66.84,65.8292,116400,0,0
2025-01-28,66.71,67.05,65.99,66.17,65.1694,118500,0,0
2025-01-29,66.16,67.48,65.81,67.28,66.2626,76500,0,0
2025-01-30,66.35,68.09,66.35,67.01,65.9967,122000,0,0
2025-01-31,66.55,67.43,66.18,66.22,65.2186,102900,0,0
2025-02-03,65.08,66.72,64.98,66.09,65.0906,91200,0,0
2025-02-04,66.09,66.95,65.76,66.91,65.8982,92400,0,0
2025-02-05,66.94,67.69,66.71,67.47,66.4497,70200,0,0
2025-02-06,67.84,70.44,66.42,66.47,65.4648,91600,0,0
2025-02-07,66.15,66.84,61.05,64.46,63.4852,169900,0,0
2025-02-10,64.52,65.17,63.68,64.48,63.5049,125400,0,0
2025-02-11,64.53,65.64,64.08,65.58,64.5883,113300,0,0
2025-02-12,64.68,65.98,63.98,64.24,63.2686,130700,0,0
2025-02-13,64.11,64.98,63.73,64.75,63.7708,90700,0,0
2025-02-14,64.85,65.88,64.36,65.56,64.5686,120800,0,0
2025-02-18,65.58,65.99,64.41,64.57,63.5936,103900,0,0
2025-02-19,64.41,65.05,64.23,64.71,63.7314,88400,0,0
2025-02-20,64.21,64.66,63.77,64.41,63.436,92300,0,0
2025-02-21,64.9,64.9,63.1,64.03,63.0617,200100,0,0
2025-02-24,64.36,64.68,63.63,64.14,63.1701,158000,0,0
2025-02-25,64.17,65.54,64,64.72,63.7413,111400,0,0
2025-02-26,64.38,65.04,63.61,64,63.0322,154400,0,0
2025-02-27,64,64.14,61.88,61.89,60.9541,105200,0,0
2025-02-28,62.23,62.75,60.68,61.44,60.5109,170200,0,0
2025-03-03,62.45,62.89,60.23,60.61,59.6934,134300,0,0
2025-03-04,60.28,61.1,59.83,60.24,59.329,142200,0,0
2025-03-05,60.11,61.25,58.92,59.95,59.0434,104400,0,0
2025-03-06,59.61,61.69,59.61,61.51,60.5798,103800,0,0
2025-03-07,61.07,63.9,60.87,62.86,61.9094,121000,0,0
2025-03-10,62.73,64.87,62.73,63.99,63.0223,173000,0,0
2025-03-11,64.17,64.17,62.2,62.57,61.6238,122100,0,0
2025-03-12,62.49,62.49,61.11,61.32,60.3927,107600,0,0
2025-03-13,61.68,62.43,61.01,61.78,60.8457,79100,0,0
2025-03-14,61.76,62.16,61.36,61.59,60.6586,144400,0,0
2025-03-17,61.49,63.08,61.43,62.56,61.614,119200,0,0
2025-03-18,62.38,62.75,61.72,62.31,61.3677,89900,0,0
2025-03-19,62.35,63.42,62.08,62.89,61.939,84100,0,0
2025-03-20,61.84,63.32,61.77,63.01,62.0572,85300,0,0
2025-03-21,62.59,62.63,60.95,61.6,60.6685,289200,0,0
2025-03-24,61.66,62.18,61.16,61.7,60.767,70100,0,0
2025-03-25,61.72,61.95,61.09,61.22,60.2942,102200,0,0
2025-03-26,61.13,63.16,60.64,62.99,62.0375,76900,0,0
2025-03-27,63.27,65.19,63.17,64.56,63.5837,90100,0,0
2025-03-28,64.68,64.68,62.59,63.79,62.8254,79200,0,0
2025-03-31,63.4,65.35,63,65.13,64.1451,129100,0,0
2025-04-01,64.81,65.9,64.62,65.15,64.1648,63000,0,0
2025-04-02,64.93,65.93,64.38,65.64,64.6474,84000,0,0
2025-04-03,63.92,64.95,61.94,62.55,61.6041,229300,0,0
2025-04-04,61.83,63.67,61.26,62.12,61.1806,182900,0,0
2025-04-07,61.98,64,59.61,62.22,61.2791,277400,0,0
2025-04-08,63.24,63.67,61.94,62.74,61.7912,173200,0,0
2025-04-09,62.09,67.55,62.09,64.49,63.5148,174200,0,0
2025-04-10,63.39,64.72,63.05,63.87,63.0655,112700,0.165,0
2025-04-11,64.23,64.23,62.39,63.22,62.4237,105000,0,0
2025-04-14,63.14,64.91,62.61,63.75,62.947,196600,0,0
2025-04-15,63.54,64.32,61.06,61.51,60.7352,164400,0,0
2025-04-16,61.73,63.2,61,61.32,60.5476,112500,0,0
2025-04-17,61.32,62.14,61.13,62.09,61.3079,100100,0,0
2025-04-21,62.24,63.84,61.97,63.66,62.8582,122100,0,0
2025-04-22,64.15,64.67,63.17,64.28,63.4703,160500,0,0
2025-04-23,64.61,65.62,64,64.31,63.5,129100,0,0
2025-04-24,64.04,64.04,62.58,63,62.2065,131900,0,0
2025-04-25,62.74,63,60.85,61.12,60.3501,102800,0,0
2025-04-28,60.79,61.32,60.29,60.7,59.9354,129600,0,0
2025-04-29,60.6,62.09,60.15,62.09,61.3079,106500,0,0
2025-04-30,61.86,62.55,60.88,61.69,60.913,211600,0,0
2025-05-01,61.63,62.3,60.39,61.92,61.1401,103500,0,0
2025-05-02,62.07,63.34,62.07,63.2,62.4039,105800,0,0
2025-05-05,62.84,63.74,62.75,63.55,62.7495,90100,0,0
2025-05-06,63.16,63.46,61.72,62.44,61.6535,103500,0,0
2025-05-07,62.82,62.82,60.97,61.04,60.2711,92400,0,0
2025-05-08,61.29,61.53,59.41,61.09,60.3205,162700,0,0
2025-05-09,61,61.95,60.32,61.49,60.7155,135400,0,0
2025-05-12,63.48,65.2,62,62.81,62.0189,165100,0,0
2025-05-13,63,63.6,60.61,61.69,60.913,139900,0,0
2025-05-14,61.28,62.07,61.04,61.8,61.0216,168900,0,0
2025-05-15,61.8,62.71,61.8,62.26,61.4758,124700,0,0
2025-05-16,62.12,63.34,61.9,62.82,62.0287,126800,0,0
2025-05-19,62.24,62.43,61.7,61.98,61.1993,94600,0,0
2025-05-20,61.93,62.31,61.11,61.63,60.8537,90700,0,0
2025-05-21,61,61.63,59.78,60,59.2442,102500,0,0
2025-05-22,59.9,60.36,59.33,59.82,59.0665,156600,0,0
2025-05-23,59.55,61.15,59.09,59.91,59.1554,101900,0,0
2025-05-27,60.46,61.7,60.36,61.7,60.9228,117600,0,0
2025-05-28,61.82,62.83,61.42,62.53,61.7424,178100,0,0
2025-05-29,62.47,63.12,61.51,63.11,62.3151,103300,0,0
2025-05-30,63.12,63.88,62.2,62.3,61.5153,163300,0,0
2025-06-02,61.88,62.29,61.5,61.61,60.834,87700,0,0
2025-06-03,61.79,62.21,60.67,60.94,60.1724,166900,0,0
2025-06-04,61.1,61.1,59.42,60.61,59.8466,131500,0,0
2025-06-05,60.49,60.9,59.94,60.47,59.7083,107100,0,0
2025-06-06,61.03,61.03,60.45,60.97,60.202,79800,0,0
2025-06-09,61.21,61.55,60.58,60.76,59.9947,94600,0,0
2025-06-10,61.08,61.94,61.08,61.51,60.7352,86500,0,0
2025-06-11,61.73,61.73,60.12,60.21,59.4516,108400,0,0
2025-06-12,60.21,61.58,59.55,60.52,59.7577,112400,0,0
2025-06-13,60.53,61.08,60.17,60.55,59.7873,126200,0,0
2025-06-16,60.78,61.26,60.46,61.25,60.4785,86800,0,0
2025-06-17,61.01,61.27,60.61,60.86,60.0934,90400,0,0
2025-06-18,60.8,61.59,60.8,61.15,60.3798,94800,0,0
2025-06-20,61.42,62.58,61.42,62.16,61.377,249900,0,0
2025-06-23,62.16,63.64,62.15,63.46,62.6607,121400,0,0
2025-06-24,63.54,64.5,63.11,63.52,62.7199,97000,0,0
2025-06-25,63.21,63.23,62.13,62.43,61.6436,71800,0,0
2025-06-26,62.62,63.29,61.69,63.09,62.2953,140200,0,0
2025-06-27,63.29,63.34,62.42,62.54,61.7523,222500,0,0
2025-06-30,62.44,63.52,62.12,63.38,62.5817,162900,0,0
2025-07-01,63.16,66.35,63.16,66.05,65.218,147700,0,0
2025-07-02,65.86,66.95,65.27,66.76,65.9191,117300,0,0
2025-07-03,66.42,67.04,65.79,66.31,65.4748,49300,0,0
2025-07-07,66.14,66.61,65.44,66.59,65.7512,100400,0,0
2025-07-08,66.54,66.64,65.52,66.06,65.2279,89200,0,0
2025-07-09,66.23,66.6,65.56,66.3,65.4649,102400,0,0
2025-07-10,65.88,67.8,65.88,67.03,66.3508,102400,0.165,0
2025-07-11,67.03,67.82,66.32,66.57,65.8955,77700,0,0
2025-07-14,66.3,67.35,65.34,67.21,66.529,90500,0,0
2025-07-15,66.91,66.91,66,66.12,65.45,140600,0,0
2025-07-16,66.29,67.42,65.83,66.99,66.3112,97000,0,0
2025-07-17,66.8,67.89,66.57,67.51,66.826,92300,0,0
2025-07-18,67.63,67.63,66.5,66.91,66.232,126300,0,0
2025-07-21,67.07,67.74,66.78,66.78,66.1034,63600,0,0
2025-07-22,67.17,68.42,67.08,67.34,66.6577,88200,0,0
2025-07-23,67.64,68.35,66.83,67.51,66.826,89200,0,0
2025-07-24,67.25,67.32,66.29,66.33,65.6579,106000,0,0
2025-07-25,66.6,66.6,65.08,65.11,64.4503,81500,0,0
2025-07-28,64.96,65.25,64.1,64.12,63.4703,89500,0,0
2025-07-29,64.54,64.54,62.38,62.55,61.9162,98900,0,0
2025-07-30,62.84,64.56,62.45,63,62.3617,214500,0,0
2025-07-31,62.38,63.37,62.34,62.93,62.2924,151400,0,0
2025-08-01,62.6,63.36,62.5,63.2,62.5596,184200,0,0
2025-08-04,63.03,63.91,62.24,62.56,61.9261,213500,0,0
2025-08-05,62.36,62.61,59.27,59.62,59.0159,200300,0,0
2025-08-06,59.79,63.36,59.79,63.35,62.7081,179500,0,0
2025-08-07,61,62.78,60.07,61.63,61.0055,144200,0,0
2025-08-08,61.14,62.16,60.9,61.26,60.6393,104600,0,0
2025-08-11,61.51,61.98,60.17,61.82,61.1936,101300,0,0
2025-08-12,61.82,64.51,61.6,64.32,63.6683,113700,0,0
2025-08-13,64.12,65.1,63.68,64.79,64.1335,113000,0,0
2025-08-14,64.06,64.3,62.65,63.76,63.114,145800,0,0
2025-08-15,63.94,64.62,63.58,64.17,63.5198,103200,0,0
2025-08-18,64.16,65.63,63.69,65.47,64.8066,116900,0,0
2025-08-19,65.89,66.66,64.91,65.6,64.9353,95000,0,0
2025-08-20,65.73,66.1,65.02,65.09,64.4305,109800,0,0
2025-08-21,64.51,65.54,63.75,65.48,64.8165,108500,0,0
2025-08-22,65.9,68.39,65.9,67.98,67.2912,154600,0,0
2025-08-25,67.88,67.9,66.83,67.58,66.8952,81200,0,0
2025-08-26,67.58,67.81,67.08,67.36,66.6775,98100,0,0
2025-08-27,67.07,67.92,66.97,67.69,67.0041,89000,0,0
2025-08-28,67.7,68.2,66.41,67.62,66.9348,148700,0,0
2025-08-29,67.64,68.66,67.52,67.69,67.0041,113400,0,0
2025-09-02,67.46,69.12,67.46,69.08,68.3801,126300,0,0
2025-09-03,68.57,69.64,67.82,69.64,68.9344,132100,0,0
2025-09-04,69.89,70.51,69.46,70.5,69.7857,102300,0,0
2025-09-05,70.25,71.23,69.7,70.59,69.8748,101000,0,0
2025-09-08,70.39,70.39,69.09,69.82,69.1126,113200,0,0
2025-09-09,69.79,69.79,67.56,68.97,68.2712,134700,0,0
2025-09-10,68.51,68.73,66.98,67.95,67.2615,100100,0,0
2025-09-11,67.98,69.84,67.6,69.75,69.0433,85400,0,0
2025-09-12,69.95,69.95,68.98,69.28,68.578,68500,0,0
2025-09-15,69.23,69.24,68.19,69.04,68.3405,88500,0,0
2025-09-16,69.05,70.56,68.36,70.23,69.5184,90200,0,0
2025-09-17,70.64,71.88,69.92,70.2,69.4887,111500,0,0
2025-09-18,69.92,70.83,69.67,70.62,69.9044,80400,0,0
2025-09-19,70.62,70.62,68.71,69.42,68.7166,287400,0,0
2025-09-22,69.05,69.3,67.2,68.17,67.4793,87900,0,0
2025-09-23,68.46,68.83,68.06,68.69,67.994,67300,0,0
2025-09-24,68.56,69.63,68.53,68.77,68.0732,75200,0,0
2025-09-25,69,69.64,66.88,67.16,66.4795,77600,0,0
2025-09-26,67.39,69.12,66.63,68.71,68.0138,112000,0,0
2025-09-29,68.92,69.71,67.94,69.56,68.8552,243400,0,0
2025-09-30,69.56,70.16,68.86,69.56,68.8552,106400,0,0
2025-10-01,69.16,70.5,68.3,70.5,69.7857,70900,0,0
2025-10-02,70.04,70.26,68.91,70.22,69.5085,108800,0,0
2025-10-03,70.26,72.36,70.04,72.32,71.5872,97600,0,0
2025-10-06,72.32,72.87,71.11,71.31,70.5875,84100,0,0
2025-10-07,71.12,71.37,69.98,71.21,70.4885,83100,0,0
2025-10-08,71.41,72.81,71.05,72.56,71.8248,85700,0,0
2025-10-09,72.4,72.62,70.36,70.98,70.4209,65100,0.165,0
2025-10-10,71.27,71.27,69.7,70.21,69.657,131200,0,0
2025-10-13,70.4,72.49,70.32,72.45,71.8794,109000,0,0
2025-10-14,72.56,74.35,71.1,74.19,73.6057,99400,0,0
2025-10-15,74.53,75.25,73.48,74.81,74.2208,99800,0,0
2025-10-16,75,75.2,73.27,73.48,72.9012,76300,0,0
2025-10-17,73.52,74.26,72.99,73.5,72.9211,59700,0,0
2025-10-20,73.95,73.95,72.65,73.88,73.2981,66600,0,0
2025-10-21,73.95,73.95,72.52,72.64,72.0679,65100,0,0
2025-10-22,72.5,73.41,71.52,73.18,72.6036,81600,0,0
2025-10-23,73.13,73.35,71.87,72.62,72.048,59400,0,0
2025-10-24,72.86,72.97,71.93,72.07,71.5024,60400,0,0
2025-10-27,72.07,72.94,71.53,71.85,71.2841,63800,0,0
2025-10-28,71.63,72.75,71.5,71.95,71.3833,88000,0,0
2025-10-29,71.93,72.97,68.54,69.45,68.903,90100,0,0
2025-10-30,69.4,69.4,67.11,68.63,68.0894,197400,0,0
2025-10-31,68.25,69.72,67.52,69.1,68.5557,132200,0,0
2025-11-03,69.1,71.69,68.18,71.58,71.0162,130600,0,0
2025-11-04,71.52,72.2,71.42,71.77,71.2047,104300,0,0
2025-11-05,71.99,74.25,69.39,73.85,73.2683,163000,0,0
2025-11-06,73.23,73.49,72.31,72.99,72.4151,133500,0,0
2025-11-07,73.24,74.94,72.73,74.03,73.4469,85400,0,0
2025-11-10,74,74,72.2,73.31,72.7326,99400,0,0
2025-11-11,73.67,74.02,72.9,73,72.425,66000,0,0
2025-11-12,72.75,74.08,72.72,73.31,72.7326,61600,0,0
2025-11-13,73.21,73.74,73.06,73.34,72.7623,91000,0,0
2025-11-14,73.43,74.57,73.02,74.51,73.9231,92800,0,0
2025-11-17,74.53,75.09,73.71,73.99,73.4072,79600,0,0
2025-11-18,74,74.63,73.79,74.08,73.4965,56700,0,0
2025-11-19,73.74,74.38,73.42,73.84,73.2584,54100,0,0
2025-11-20,74.44,74.57,73.19,73.66,73.0798,83300,0,0
2025-11-21,73.85,76.36,73.85,75.92,75.322,107800,0,0
2025-11-24,75.62,76.93,75.01,75.35,74.7565,135000,0,0
2025-11-25,75.9,78.59,74.87,77.01,76.4034,122300,0,0
2025-11-26,77.77,78.59,75.87,77.29,76.6812,103800,0,0
2025-11-28,77.86,78,76.23,76.92,76.3141,62800,0,0
2025-12-01,76.74,77.35,74.89,75.07,74.4787,130600,0,0
2025-12-02,75.2,77.45,74.67,76.2,75.5998,152800,0,0
2025-12-03,76.12,77.86,75.49,77.63,77.0185,146300,0,0
2025-12-04,77.1,77.1,75.43,76.18,75.58,70900,0,0
2025-12-05,75.85,75.9,73.87,74.25,73.6652,96500,0,0
2025-12-08,74.5,74.74,72.48,72.65,72.0778,114700,0,0
2025-12-09,72.69,74.21,72.54,74.06,73.4767,92600,0,0
2025-12-10,73.58,74.51,70.02,70.91,70.3515,132700,0,0
2025-12-11,71.1,71.72,69.77,71.09,70.5301,120400,0,0
2025-12-12,70.83,71.65,70.32,70.44,69.8852,131900,0,0
2025-12-15,70.43,72.05,69.3,71.56,70.9964,135800,0,0
2025-12-16,71.56,72.12,70.69,71.31,70.7483,94900,0,0
2025-12-17,70.97,72.37,70.97,72.37,71.8,103000,0,0
2025-12-18,71.99,73.43,71.19,73.23,72.6532,105900,0,0
2025-12-19,72.82,72.82,71.08,71.7,71.1353,242700,0,0
2025-12-22,71.39,71.92,71.1,71.41,70.8476,109400,0,0
2025-12-23,71.4,71.44,70.29,70.65,70.0935,77800,0,0
2025-12-24,70.58,71.44,70.58,71.13,70.5698,51900,0,0
2025-12-26,70.79,71.4,69.99,70.26,69.7066,59300,0,0
2025-12-29,70.55,71,69.27,69.67,69.1213,94000,0,0
2025-12-30,69.47,69.85,68.63,68.72,68.1787,118200,0,0
2025-12-31,68.61,69.07,67.92,68.55,68.0101,135600,0,0
2026-01-02,68.35,70.69,68.35,69.67,69.1213,166600,0,0
2026-01-05,69.41,70.83,69.17,69.3,68.7542,94000,0,0
2026-01-06,69.01,69.45,68.4,69.22,68.6748,103800,0,0
2026-01-07,69.42,70.07,68.3,68.85,68.3077,119200,0,0
2026-01-08,68.27,70.67,68.27,69.86,69.4763,90700,0.165,0
2026-01-09,69.78,70.47,68.52,69.49,69.1083,116200,0,0
2026-01-12,69.67,71.46,69.34,70.62,70.2321,143300,0,0
2026-01-13,70.6,70.95,69.94,70,69.6155,94000,0,0
2026-01-14,70.18,71.12,69.41,69.66,69.2774,91000,0,0
2026-01-15,69.37,71.22,68.83,70.85,70.4608,106500,0,0
2026-01-16,70.49,70.95,69.99,70.87,70.4807,117200,0,0
2026-01-20,70.06,70.91,69.54,70.43,70.0431,125000,0,0
2026-01-21,70.38,71.86,70.38,71.35,70.9581,142100,0,0
2026-01-22,71.08,72.32,71.05,72.32,71.9227,104100,0,0
2026-01-23,72.24,73,71.52,72.58,72.1813,90000,0,0
2026-01-26,72.38,73.04,71.36,72.92,72.5194,147200,0,0
2026-01-27,72.66,72.79,71.68,72.25,71.8531,74100,0,0
2026-01-28,72.48,72.48,70.79,71.38,70.9879,135400,0,0
2026-01-29,71.63,73.52,70.74,72.86,72.4598,146000,0,0
2026-01-30,72.87,75.2,72.16,74.86,74.4488,173900,0,0
2026-02-02,74.62,77.44,74.62,77.44,77.0146,112400,0,0
2026-02-03,77.07,80.85,77.07,80.77,80.3263,185000,0,0
2026-02-04,80.67,84.14,78.66,83.28,82.8225,180300,0,0
2026-02-05,84.27,85,83.3,84.33,83.8668,170100,0,0
2026-02-06,84.28,85.53,83.06,84.9,84.4336,263900,0,0
2026-02-09,83.09,87,83.09,86.28,85.8061,151800,0,0
2026-02-10,85.88,86.17,84.12,85.05,84.5828,112500,0,0
2026-02-11,85.14,86.88,84.84,86.73,86.2536,123300,0,0
2026-02-12,86.72,88.84,86.72,88.55,88.0636,155400,0,0
2026-02-13,88.24,90.49,87.21,89.34,88.8493,170300,0,0
2026-02-17,88.5,89.99,85.84,86.32,85.8458,149200,0,0
2026-02-18,86.47,86.86,85.25,86.52,86.0447,134100,0,0
2026-02-19,86.24,87.83,85.33,86.93,86.4525,135300,0,0
2026-02-20,86.88,87.97,85.31,87.35,86.8702,200100,0,0
2026-02-23,87.14,87.56,85.12,87.44,86.9597,159600,0,0
2026-02-24,87.38,90,86.31,88.85,88.3619,128300,0,0
2026-02-25,88.79,88.79,87.09,87.95,87.4669,125900,0,0
2026-02-26,87.88,89,84.34,84.62,84.1552,120000,0,0
2026-02-27,84.62,86.42,84.62,85.1,84.6326,165800,0,0
2026-03-02,84.87,86.84,84.5,86.56,86.0845,105600,0,0
2026-03-03,86.12,86.93,84.88,86.23,85.7563,112500,0,0
2026-03-04,87.07,87.07,85.03,85.87,85.3983,117700,0,0
2026-03-05,84.91,86,83.39,83.82,83.3596,103500,0,0
2026-03-06,83.65,85.46,82.88,85.38,84.911,145200,0,0
2026-03-09,85.05,85.05,81.59,83.91,83.4491,157800,0,0
2026-03-10,83.44,85.81,82.82,84.05,83.5883,150700,0,0
2026-03-11,83.92,85.34,79.35,85.18,84.7121,115100,0,0
2026-03-12,84.61,86.61,83.76,86.39,85.9155,137800,0,0
2026-03-13,87.29,88.78,85.97,88.53,88.0437,128400,0,0
2026-03-16,88.42,88.42,86.72,87,86.5221,108700,0,0
2026-03-17,87.12,88.48,86.5,87.17,86.6912,82600,0,0
2026-03-18,86.3,86.93,84.28,84.43,83.9662,106700,0,0
2026-03-19,84.48,84.7,82.92,83.76,83.2999,144600,0,0
2026-03-20,83.89,84.27,82.14,83.56,83.101,368500,0,0
2026-03-23,84,85.69,82.7,85.12,84.6524,195000,0,0
2026-03-24,85.18,87.5,84.58,86.61,86.1343,91200,0,0
2026-03-25,87.45,87.45,85.38,86.57,86.0945,86900,0,0
2026-03-26,86.47,87.74,86.47,87.65,87.1685,103900,0,0
2026-03-27,87.52,89.32,83.98,89,88.5111,159500,0,0
2026-03-30,89.47,91.05,89.2,90.03,89.5355,157400,0,0
2026-03-31,90.51,91.29,88.98,89.89,89.3962,145800,0,0
2026-04-01,90,91.4,89.42,90.21,89.7145,116100,0,0
2026-04-02,90.35,91.5,90,91.12,90.6195,128800,0,0
2026-04-06,91.21,92.79,91.1,92.76,92.2505,110200,0,0
2026-04-07,93,93.21,91.73,92.54,92.0317,120900,0,0
2026-04-08,93.06,94.32,92.12,94.13,93.6129,194600,0,0
2026-04-09,93.63,95.62,92.65,95.23,94.8732,176000,0.165,0
2026-04-10,94.89,95.44,92.97,94.04,93.6877,136600,0,0
2026-04-13,93.94,94.01,91.96,92.37,92.0239,117100,0,0
2026-04-14,91.61,92.07,90.14,90.59,90.2506,110600,0,0
2026-04-15,90.01,91.05,89.2,90.17,89.8322,110500,0,0
2026-04-16,89.51,90.55,88.28,89.32,88.9854,127900,0,0
2026-04-17,89.12,92.12,88.81,91.39,91.0476,138400,0,0
2026-04-20,91.2,91.2,88.04,88.11,87.7799,134100,0,0
2026-04-21,88.07,89.2,86.93,87.97,87.6404,135700,0,0
2026-04-22,88.75,90.9,87.88,90.5,90.1609,130300,0,0
2026-04-23,91.1,92.27,90.43,90.85,90.5096,103500,0,0
2026-04-24,90.76,91.48,89.93,90.69,90.3502,107200,0,0
2026-04-27,90.57,92,89.91,90.03,89.6927,121200,0,0
2026-04-28,90.73,92.05,90.2,90.64,90.3004,141700,0,0
2026-04-29,90.5,91.18,88.59,89.04,88.7064,111500,0,0
2026-04-30,88.92,92.5,88.53,91.47,91.1273,195000,0,0
2026-05-01,91.78,92.84,90.95,91.31,90.9679,87200,0,0
2026-05-04,90.64,91.65,87.61,87.66,87.3316,161500,0,0
2026-05-05,88.33,89.79,88.19,89.45,89.1149,125700,0,0
2026-05-06,89.96,90.98,88.3,88.4,88.0688,129600,0,0
2026-05-07,86.05,86.68,82.71,85.78,85.4586,197900,0,0
2026-05-08,85.78,86.9,84.61,86.6,86.2755,98600,0,0
2026-05-11,87.04,87.88,85.22,85.41,85.09,138800,0,0
2026-05-12,85.41,85.91,83.7,84.49,84.1734,136900,0,0
2026-05-13,83.77,85.67,83.26,85.24,84.9206,152000,0,0
2026-05-14,85.94,87.49,85.6,86.1,85.7774,133600,0,0
2026-05-15,86.5,87.43,85.51,86.16,85.8372,191000,0,0
2026-05-18,85.47,87.01,82.75,85.98,85.6579,150100,0,0
2026-05-19,85.79,89.37,84.94,87.77,87.4412,156500,0,0
2026-05-20,87.76,88.16,86.23,86.51,86.1859,201600,0,0
2026-05-21,85.39,87.74,83.09,87.36,87.0327,184500,0,0
2026-05-22,87.68,88.45,85.79,88.42,88.0887,124100,0,0
2026-05-26,88.6,89.25,86.13,87.44,87.1124,120300,0,0
2026-05-27,87.44,89.65,87.44,89.11,88.7761,155100,0,0
2026-05-28,88.94,89.9,87.88,89.26,88.9256,136700,0,0
2026-05-29,89.26,89.99,87.43,88.46,88.1286,113100,0,0
2026-06-01,88.2,89.97,87.42,88.81,88.4773,133300,0,0
2026-06-02,88.28,89.5,87.33,88.61,88.278,166500,0,0
2026-06-03,88.59,90.08,87.36,87.36,87.0327,189100,0,0
2026-06-04,88.6,89.2,85.69,87.14,86.8135,149100,0,0
2026-06-05,87.63,91.48,87.5,91.15,90.8085,128600,0,0
2026-06-08,91.37,93.03,90.74,92.8,92.4523,135300,0,0
2026-06-09,93.02,94.22,91.8,92.85,92.5021,124900,0,0
2026-06-10,93,94.51,92.51,93.61,93.2593,179600,0,0
2026-06-11,93.61,94.69,92.72,93.05,92.7014,138000,0,0
2026-06-12,93.05,93.84,91.52,92.01,91.6653,117500,0,0
2026-06-15,91.16,92,87.95,88.32,87.9891,147900,0,0
2026-06-16,88.81,89.81,86.78,88.51,88.1784,126900,0,0
2026-06-17,87.87,88.38,86.05,87.07,86.7438,133400,0,0
2026-06-18,87.41,87.93,85.72,87.43,87.1024,320300,0,0
2026-06-22,87.83,89.97,87.83,89.75,89.4137,209300,0,0
2026-06-23,89.54,90.03,88.47,89.03,88.6964,152700,0,0
2026-06-24,89.21,90.94,89,90.18,89.8421,144400,0,0
2026-06-25,89.54,90.49,87.49,88.28,87.9492,120000,0,0
2026-06-26,89.25,90.07,88.26,89.39,89.0551,308300,0,0
2026-06-29,89.23,89.61,88.15,88.37,88.0389,133200,0,0
2026-06-30,88.71,88.85,86.71,88.58,88.2481,123400,0,0
2026-07-01,88.65,90.02,88.05,89.61,89.2743,116100,0,0
2026-07-02,89.73,90.89,88.27,90.17,89.8322,131800,0,0
2026-07-06,90.14,90.74,89.18,90.52,90.1808,96100,0,0
2026-07-07,91.43,93.73,91.07,92.14,91.7948,115400,0,0
2026-07-08,92.14,94,90.66,91.02,90.679,130000,0,0
2026-07-09,90.11,91.56,89.72,91.21,91.0333,133600,0.165,0
2026-07-10,90.79,92.96,90.33,90.75,90.5742,75500,0,0
2026-07-13,90.94,91.6,89.17,90.71,90.5343,133400,0,0
2026-07-14,90.88,91.78,89.34,89.95,89.7757,86300,0,0
2026-07-15,89.64,92.16,89.41,90.81,90.6341,86000,0,0
2026-07-16,90.87,93.62,90.87,92.7,92.5204,122000,0,0
2026-07-17,92.84,94,89.88,90.15,89.9753,101300,0,0
2026-07-20,90.15,90.96,89.2,90.47,90.2947,86300,0,0
2026-07-21,89.86,90.36,88.86,89.69,89.5162,123900,0,0
2026-07-22,89.64,89.97,89.19,89.63,89.4564,91700,0,0
2026-07-23,88.46,88.46,83.93,84.88,84.7156,220600,0,0
2026-07-24,85,86,84.28,85.83,85.6637,120300,0,0
2026-07-27,86.07,88.96,86.07,87.88,87.7097,95700,0,0
2026-07-28,89.38,91.2,89.11,89.97,89.7957,153100,0,0
2026-07-29,89.18,91.47,89.18,90.76,90.5842,95600,0,0
2026-07-30,90.22,90.78,89.12,89.7,89.5262,88600,0,0
2026-07-31,89.2,90.31,88.23,90.01,89.8356,118200,0,0
2026-08-03,91,92.69,90.38,91.8,91.6222,96700,0,0
2026-08-04,90.91,92.3,89.65,91.74,91.5623,129800,0,0
2026-08-05,92.95,92.95,86.98,87.85,87.6798,213700,0,0
2026-08-06,87.42,89.47,86.32,86.71,86.542,169700,0,0
2026-08-07,85.5,89.39,84.5,88.11,87.9393,141600,0,0
2026-08-10,87.26,88.14,85.3,85.51,85.3443,141000,0,0
2026-08-11,85.54,88.21,85.2,86.71,86.542,120500,0,0
2026-08-12,85.91,88.64,85.91,87.53,87.3604,112600,0,0
2026-08-13,88.49,89.83,87.99,88.5,88.3285,144400,0,0
2026-08-14,87.82,88.66,86.75,87.01,86.8414,109900,0,0
2026-08-17,86.17,87.91,86.1,86.52,86.3524,116500,0,0
2026-08-18,87.19,88.04,84.85,85.78,85.6138,131100,0,0
2026-08-19,85.87,87.05,84.95,85.05,84.8852,98700,0,0
2026-08-20,83.74,84.89,82.67,84.82,84.6557,144800,0,0
2026-08-21,85.34,85.43,83.81,84.94,84.7754,123200,0,0
2026-08-24,85.05,86.48,83.5,85.45,85.2845,106600,0,0
2026-08-25,85.45,87.19,84.4,84.7,84.5359,127900,0,0
2026-08-26,84.88,85.48,83.39,83.54,83.3782,103400,0,0
2026-08-27,82.46,82.91,81.65,82.26,82.1006,102900,0,0
2026-08-28,82.86,82.86,81.95,82.12,81.9609,77400,0,0
2026-08-31,82.18,82.6,81.06,81.8,81.6415,114000,0,0
2026-09-01,81.63,82.15,80.17,80.59,80.4339,94300,0,0
2026-09-02,81.14,82.29,80.2,81.4,81.2423,92300,0,0
2026-09-03,81.91,83.32,80.76,82.63,82.4699,94500,0,0
2026-09-04,82.21,83.79,82.11,83.07,82.9091,78000,0,0
2026-09-08,82.65,83.24,81.5,81.91,81.7513,113100,0,0
2026-09-09,81.27,81.6,80.83,80.96,80.8032,94300,0,0
2026-09-10,81.56,83.53,80.68,82.02,81.8611,96200,0,0
2026-09-11,82.79,83.17,81.81,83.12,82.959,90000,0,0
2026-09-14,83.31,84.55,83.12,83.19,83.0288,116200,0,0
2026-09-15,82.56,83.33,81.97,82.75,82.5897,102500,0,0
2026-09-16,82.96,83.73,82.09,82.68,82.5198,89200,0,0
2026-09-17,83.34,84.06,82.75,82.95,82.7893,100100,0,0
2026-09-18,82.82,83.41,81.69,82.74,82.5797,361700,0,0
2026-09-21,82.58,83.17,82.08,83.1,82.939,102300,0,0
2026-09-22,83.87,84.82,83.02,83.84,83.6776,88600,0,0
2026-09-23,83.61,84.49,82.76,83.07,82.9091,78400,0,0
2026-09-24,83.47,84.14,83.05,84.11,83.9471,80000,0,0
2026-09-25,84.11,84.47,83.12,83.77,83.6077,103300,0,0
2026-09-28,83.56,85.33,83.15,85.09,84.9251,82600,0,0
2026-09-29,84.75,85.72,84.25,84.96,84.7954,96700,0,0
2026-09-30,85.85,86,84.04,84.82,84.6557,144400,0,0
2026-10-01,84.82,86.13,83.55,84.72,84.5559,94200,0,0
2026-10-02,85.58,86.65,85.15,86.65,86.4821,81400,0,0
2026-10-05,86.45,86.57,85.12,86.51,86.3424,91100,0,0
2026-10-06,87.01,87.17,85.28,85.42,85.2545,96400,0,0
2026-10-07,84.97,86.94,84.55,85.17,85.005,186700,0,0
2026-10-08,85.22,86.39,84.43,85.59,85.59,135700,0.165,0
