date,open,high,low,close,adj_close,volume,dividend,split
2014-04-17,15,17.38,15,16.99,9.42433,951100,0,0
2014-04-21,16.97,17.37,16.33,16.82,9.33003,444300,0,0
2014-04-22,16.63,17,16.63,16.8,9.31894,576700,0,0
2014-04-23,16.81,16.85,16.71,16.78,9.30785,1608900,0,0
2014-04-24,16.85,16.86,16.45,16.63,9.22464,368900,0,0
2014-04-25,16.9,16.92,16.32,16.89,9.36886,1086500,0,0
2014-04-28,16.93,16.93,16.38,16.67,9.24684,1187900,0,0
2014-04-29,16.62,16.88,16.45,16.68,9.25238,648500,0,0
2014-04-30,16.7,16.7,16.36,16.55,9.18027,26746200,0,0
2014-05-01,16.12,17.36,16.12,17,9.42988,3650100,0,0
2014-05-02,17.01,17.3,16.87,16.95,9.40215,2995000,0,0
2014-05-05,16.93,17.26,16.53,16.81,9.32449,3978400,0,0
2014-05-06,16.69,16.8,16.25,16.34,9.06378,14309200,0,0
2014-05-07,16.36,16.61,16.26,16.6,9.208,5692900,0,0
2014-05-08,16.5,16.64,16.35,16.45,9.1248,5668200,0,0
2014-05-09,16.3,16.51,16.03,16.28,9.0305,2797000,0,0
2014-05-12,16.28,16.55,15.775,15.95,8.84745,6980100,0,0
2014-05-13,15.78,16.13,15.78,15.85,8.79198,8292000,0,0
2014-05-14,15.77,16.04,15.5,15.74,8.73096,4577500,0,0
2014-05-15,15.66,16,15.59,15.74,8.73096,4919000,0,0
2014-05-16,15.66,15.95,15.66,15.86,8.79753,2786900,0,0
2014-05-19,15.76,16.04,15.664,16.02,8.88628,4532400,0,0
2014-05-20,16.1,16.165,15.82,15.94,8.8419,9754800,0,0
2014-05-21,15.93,16.13,15.82,15.93,8.83636,1743600,0,0
2014-05-22,15.84,16.04,15.8,15.97,8.85854,2128900,0,0
2014-05-23,16,16.13,15.97,16.07,8.91401,2826400,0,0
2014-05-27,16.09,16.34,15.79,15.98,8.86409,1726900,0,0
2014-05-28,16.02,16.05,15.665,15.68,8.69768,4219100,0,0
2014-05-29,15.73,15.82,15.53,15.68,8.69768,3463400,0,0
2014-05-30,15.63,15.91,15.63,15.8,8.76424,5261300,0,0
2014-06-02,15.84,15.94,15.79,15.81,8.76979,2986800,0,0
2014-06-03,16.6,16.6,15.74,15.83,8.78088,3483500,0,0
2014-06-04,15.6,15.96,15.58,15.89,8.89849,3231500,0.15,0
2014-06-05,16.03,16.68,15.9,16.67,9.33529,4582400,0,0
2014-06-06,16.76,16.95,16.61,16.67,9.33529,1622700,0,0
2014-06-09,16.61,16.81,16.37,16.81,9.41369,3169300,0,0
2014-06-10,16.72,17,16.7,16.8,9.40809,3441800,0,0
2014-06-11,16.73,16.97,16.73,16.88,9.45289,1857100,0,0
2014-06-12,16.81,17,16.68,16.74,9.37449,2336400,0,0
2014-06-13,16.72,16.86,16.55,16.67,9.33529,1485600,0,0
2014-06-16,16.66,16.89,16.6,16.78,9.39689,804900,0,0
2014-06-17,16.69,16.96,16.64,16.84,9.43049,1268800,0,0
2014-06-18,16.76,17.12,16.69,17.06,9.55369,2268100,0,0
2014-06-19,17.01,17.32,16.725,17.19,9.62649,3754000,0,0
2014-06-20,17.28,17.53,17.15,17.46,9.77769,3907900,0,0
2014-06-23,17.45,17.77,17.45,17.68,9.9009,4460000,0,0
2014-06-24,17.66,17.76,17.58,17.655,9.8869,2609200,0,0
2014-06-25,17.6,17.76,17.52,17.61,9.86169,5173500,0,0
2014-06-26,17.58,17.68,17.53,17.67,9.89529,931700,0,0
2014-06-27,17.61,17.91,17.61,17.84,9.9905,4649500,0,0
2014-06-30,17.76,17.98,17.64,17.71,9.91769,2023700,0,0
2014-07-01,17.79,17.97,17.77,17.772,9.95241,2274000,0,0
2014-07-02,17.75,17.94,17.635,17.77,9.95129,2509900,0,0
2014-07-03,17.76,17.89,17.68,17.7,9.9121,1953700,0,0
2014-07-07,17.65,17.77,17.6,17.65,9.88409,1747300,0,0
2014-07-08,17.6,17.7,17.44,17.6,9.85609,4540600,0,0
2014-07-09,17.6,17.74,17.57,17.72,9.92329,2496900,0,0
2014-07-10,17.54,17.87,17.5,17.78,9.95689,2692500,0,0
2014-07-11,17.81,17.935,17.74,17.89,10.0185,6752700,0,0
2014-07-14,17.97,18.065,17.82,18,10.0801,2796700,0,0
2014-07-15,17.99,18.09,17.645,17.7,9.9121,3716200,0,0
2014-07-16,17.71,17.915,17.49,17.82,9.9793,3180600,0,0
2014-07-17,17.69,18.28,17.69,17.7,9.9121,2805800,0,0
2014-07-18,17.75,17.75,17.5,17.69,9.90649,2191700,0,0
2014-07-21,17.65,17.9,17.57,17.86,10.0017,2268500,0,0
2014-07-22,17.88,17.99,17.83,17.97,10.0633,1774500,0,0
2014-07-23,17.95,18.02,17.91,17.98,10.0689,1414400,0,0
2014-07-24,17.92,18.15,17.92,17.97,10.0633,2131800,0,0
2014-07-25,17.9,18.15,17.78,17.87,10.0073,1967600,0,0
2014-07-28,17.8,18.05,17.66,17.99,10.0745,2900400,0,0
2014-07-29,17.93,18.11,17.65,17.7,9.9121,3500400,0,0
2014-07-30,17.7,17.97,17.48,17.58,9.84489,3032300,0,0
2014-07-31,17.53,17.96,17.19,17.2,9.63209,3568000,0,0
2014-08-01,17.2,17.5,17.14,17.34,9.71049,1832500,0,0
2014-08-04,17.32,17.34,16.98,17.17,9.61529,1700400,0,0
2014-08-05,17.07,17.25,16.88,16.95,9.49209,2083500,0,0
2014-08-06,16.92,17.15,16.86,16.99,9.51449,2538600,0,0
2014-08-07,17.04,17.19,16.761,16.86,9.44169,1392800,0,0
2014-08-08,16.9,17.345,16.76,17.28,9.67689,3591800,0,0
2014-08-11,17.35,17.39,17.09,17.1,9.57609,1096300,0,0
2014-08-12,17.11,17.17,16.94,17.1,9.57609,1166900,0,0
2014-08-13,17.15,17.235,17.07,17.17,9.61529,940900,0,0
2014-08-14,17.15,17.17,17.04,17.15,9.60409,1448200,0,0
2014-08-15,17.16,17.25,16.86,17.02,9.53129,1595100,0,0
2014-08-18,17.13,17.51,17.07,17.38,9.73289,2932800,0,0
2014-08-19,17.35,17.46,17.185,17.32,9.69929,1413900,0,0
2014-08-20,17.18,17.565,17.11,17.5,9.80009,1279200,0,0
2014-08-21,17.5,17.54,17.29,17.46,9.77769,1167200,0,0
2014-08-22,17.42,17.6,17.37,17.45,9.7721,1062000,0,0
2014-08-25,17.48,17.74,17.45,17.63,9.87289,769600,0,0
2014-08-26,17.6,17.74,17.53,17.61,9.86169,917000,0,0
2014-08-27,17.58,17.77,17.58,17.71,9.91769,840200,0,0
2014-08-28,17.62,17.8,17.53,17.72,9.92329,911200,0,0
2014-08-29,17.72,18,17.65,17.94,10.0465,1990200,0,0
2014-09-02,17.94,18.13,17.88,17.98,10.0689,1560700,0,0
2014-09-03,18.01,18.09,17.91,17.98,10.0689,1309400,0,0
2014-09-04,17.96,18.175,17.96,17.96,10.0577,1609900,0,0
2014-09-05,17.9,18.05,17.63,17.79,9.9625,2305200,0,0
2014-09-08,17.78,18.05,17.53,17.69,9.90649,1883300,0,0
2014-09-09,17.62,17.7,17.38,17.48,9.78889,1588800,0,0
2014-09-10,17.46,17.46,17.19,17.35,9.80019,1206100,0.15,0
2014-09-11,17.26,17.515,17.26,17.46,9.86233,1300400,0,0
2014-09-12,17.36,17.66,17.36,17.62,9.9527,1343100,0,0
2014-09-15,17.6,17.6,17.2,17.36,9.80584,1394400,0,0
2014-09-16,17.33,17.59,17.23,17.5,9.88492,981500,0,0
2014-09-17,17.5,17.95,17.5,17.82,10.0657,1182700,0,0
2014-09-18,17.84,17.96,17.8,17.85,10.0826,1817400,0,0
2014-09-19,17.94,17.95,17.8,17.86,10.0883,2140300,0,0
2014-09-22,17.79,17.95,17.68,17.82,10.0657,1560000,0,0
2014-09-23,17.82,17.95,17.565,17.6,9.9414,1776000,0,0
2014-09-24,17.59,17.91,17.48,17.91,10.1165,1968600,0,0
2014-09-25,17.83,17.93,17.61,17.73,10.0148,1543600,0,0
2014-09-26,17.71,17.77,17.54,17.68,9.98659,956200,0,0
2014-09-29,17.53,17.85,17.47,17.65,9.96965,1386700,0,0
2014-09-30,17.64,17.87,17.61,17.71,10.0035,1678900,0,0
2014-10-01,17.71,17.84,17.42,17.44,9.85103,2330400,0,0
2014-10-02,17.38,17.6,17.235,17.4,9.82843,1741500,0,0
2014-10-03,17.45,17.678,17.34,17.43,9.84538,1739300,0,0
2014-10-06,17.48,17.78,17.41,17.57,9.92446,3435200,0,0
2014-10-07,17.52,17.665,17.3,17.3,9.77195,2699000,0,0
2014-10-08,17.27,17.38,16.98,17.34,9.79454,4953200,0,0
2014-10-09,17.28,17.38,17.095,17.26,9.74935,3039100,0,0
2014-10-10,17.29,17.49,17.08,17.125,9.6731,4295200,0,0
2014-10-13,17.58,17.77,17.29,17.3,9.77195,3456600,0,0
2014-10-14,17.38,17.59,17.38,17.47,9.86797,3239700,0,0
2014-10-15,17.3,17.78,17.19,17.42,9.83973,3793100,0,0
2014-10-16,17.19,17.86,17.18,17.64,9.964,3868300,0,0
2014-10-17,17.73,18.62,17.71,18.61,10.5119,4878500,0,0
2014-10-20,18.51,18.92,18.38,18.64,10.5289,2516000,0,0
2014-10-21,18.85,18.9,18.55,18.79,10.6136,3410500,0,0
2014-10-22,18.8,19.08,18.49,18.53,10.4667,4271000,0,0
2014-10-23,18.65,18.91,18.49,18.71,10.5684,2625000,0,0
2014-10-24,18.75,19.08,18.75,18.9,10.6757,1436600,0,0
2014-10-27,18.87,18.91,18.7,18.84,10.6418,1602400,0,0
2014-10-28,18.87,19.1,18.78,19.04,10.7548,1842500,0,0
2014-10-29,19.01,19.33,18.85,19.26,10.8791,1961000,0,0
2014-10-30,19.24,19.54,19.16,19.5,11.0146,1859700,0,0
2014-10-31,19.66,19.86,19.555,19.78,11.1728,3215100,0,0
2014-11-03,19.73,20.1,19.58,20,11.2971,2863200,0,0
2014-11-04,19.69,19.71,19.39,19.46,10.992,2013700,0,0
2014-11-05,19.68,19.73,19.18,19.62,11.0824,3538800,0,0
2014-11-06,19.72,20.11,19.62,20.1,11.3535,2726300,0,0
2014-11-07,20.05,20.26,19.91,20.21,11.4157,2476300,0,0
2014-11-10,20.17,20.355,20.11,20.2,11.41,2319400,0,0
2014-11-11,20.18,20.33,20.011,20.3,11.4665,1819400,0,0
2014-11-12,20.32,20.47,20.05,20.13,11.3705,2179900,0,0
2014-11-13,20.44,20.78,20.27,20.78,11.7376,2629700,0,0
2014-11-14,20.75,20.78,20.27,20.41,11.5286,2158100,0,0
2014-11-17,20.33,20.84,20.31,20.81,11.7546,1436800,0,0
2014-11-18,20.71,21.055,20.66,20.87,11.7885,1472100,0,0
2014-11-19,20.54,20.78,20.54,20.71,11.6981,1031300,0,0
2014-11-20,20.71,20.87,20.62,20.7,11.6924,2741900,0,0
2014-11-21,20.97,21.22,20.83,21.18,11.9636,2867100,0,0
2014-11-24,21.18,21.32,20.89,20.94,11.828,2107200,0,0
2014-11-25,20.93,21.02,20.86,20.95,11.8337,2540100,0,0
2014-11-26,20.95,21.02,20.81,20.91,11.8111,1734100,0,0
2014-11-28,20.99,21.49,20.85,20.96,11.8393,632400,0,0
2014-12-01,20.88,21.23,20.73,20.91,11.8111,2833400,0,0
2014-12-02,21,21.27,20.81,20.97,11.845,1333700,0,0
2014-12-03,20.87,21.03,20.52,20.9,11.8905,2040300,0.15,0
2014-12-04,20.8,21,20.621,20.82,11.845,1446700,0,0
2014-12-05,20.85,21.23,20.85,21,11.9474,2982800,0,0
2014-12-08,21.01,21.49,20.95,21.29,12.1123,2178000,0,0
2014-12-09,21.12,21.49,21.076,21.49,12.2261,2390600,0,0
2014-12-10,21.4,21.79,21.26,21.28,12.1067,2887500,0,0
2014-12-11,21.35,21.62,21.25,21.49,12.2261,4588900,0,0
2014-12-12,21.43,21.74,20.81,20.83,11.8506,1537000,0,0
2014-12-15,20.98,21.19,20.89,21.07,11.9872,1976800,0,0
2014-12-16,21.04,21.35,20.87,20.88,11.8791,2667800,0,0
2014-12-17,20.94,21.27,20.83,21.26,12.0953,1731700,0,0
2014-12-18,21.39,21.58,21.22,21.5,12.2318,1684500,0,0
2014-12-19,21.51,22.4,21.51,22.35,12.7154,7128000,0,0
2014-12-22,22.43,22.64,22.25,22.57,12.8406,2311800,0,0
2014-12-23,22.71,22.71,22.33,22.35,12.7154,1287300,0,0
2014-12-24,22.45,22.69,22.16,22.17,12.613,616900,0,0
2014-12-26,22.15,22.19,21.925,21.96,12.4935,836100,0,0
2014-12-29,21.99,22.1,21.82,21.84,12.4253,1055400,0,0
2014-12-30,21.83,22.04,21.81,21.985,12.5078,1645200,0,0
2014-12-31,22.09,22.25,21.6,21.61,12.2944,1057800,0,0
2015-01-02,21.71,22.01,21.52,21.82,12.4139,942400,0,0
2015-01-05,21.67,21.78,21.04,21.1,12.0043,1100600,0,0
2015-01-06,21.17,21.325,20.715,20.9,11.8905,1419900,0,0
2015-01-07,21,21.12,20.66,20.92,11.9018,2889300,0,0
2015-01-08,21.1,21.51,20.4,20.6,11.7198,3124300,0,0
2015-01-09,20.56,20.78,20.36,20.54,11.6857,1664500,0,0
2015-01-12,20.51,20.688,20.02,20.17,11.4752,1431600,0,0
2015-01-13,20.28,20.58,19.965,20.22,11.5036,2188800,0,0
2015-01-14,20.1,20.32,19.844,20.14,11.4581,1753500,0,0
2015-01-15,20.07,20.44,19.87,20.11,11.441,1608200,0,0
2015-01-16,20.01,20.268,19.81,20.15,11.4638,1804300,0,0
2015-01-20,20.24,20.275,19.57,19.67,11.1907,1791700,0,0
2015-01-21,19.22,20.09,17.16,19.96,11.3557,3084100,0,0
2015-01-22,20,20.38,19.277,19.69,11.2021,2551700,0,0
2015-01-23,19.57,20.09,19.34,19.47,11.0769,2134500,0,0
2015-01-26,19.36,19.62,19.27,19.55,11.1224,2113500,0,0
2015-01-27,19.43,19.88,19.41,19.8,11.2647,3047900,0,0
2015-01-28,19.8,19.8,19.45,19.47,11.0769,2720600,0,0
2015-01-29,19.12,19.58,19.1,19.5,11.094,5054300,0,0
2015-01-30,19.38,19.97,19.2,19.74,11.2305,4173900,0,0
2015-02-02,19.75,20.15,19.57,20.05,11.4069,3120700,0,0
2015-02-03,20.12,21.1,20.07,21.08,11.9929,2543100,0,0
2015-02-04,20.93,21.21,20.629,21,11.9474,2554300,0,0
2015-02-05,20.95,21.39,20.77,21.31,12.1237,2165700,0,0
2015-02-06,21.38,21.46,21.18,21.35,12.1465,1764100,0,0
2015-02-09,22.17,22.17,21.19,21.57,12.2716,2107300,0,0
2015-02-10,21.6,21.71,21.35,21.67,12.3285,1598800,0,0
2015-02-11,21.57,22.05,21.43,21.95,12.4878,1928500,0,0
2015-02-12,21.95,22.285,21.81,22.21,12.6358,2428000,0,0
2015-02-13,22.07,22.405,21.87,22.37,12.7268,2490600,0,0
2015-02-17,22.27,22.37,21.92,21.98,12.5049,3000000,0,0
2015-02-18,21.92,22.04,21.57,21.65,12.3172,1882300,0,0
2015-02-19,21.64,21.75,21.38,21.66,12.3229,1418300,0,0
2015-02-20,21.66,21.86,21.4,21.72,12.357,1670500,0,0
2015-02-23,21.63,21.83,21.455,21.81,12.4082,1290600,0,0
2015-02-24,21.76,21.98,21.68,21.68,12.3342,1657100,0,0
2015-02-25,21.73,21.915,21.63,21.7,12.3456,2443900,0,0
2015-02-26,21.71,22,21.61,21.85,12.4309,1742600,0,0
2015-02-27,21.76,21.91,21.33,21.4,12.1749,2271800,0,0
2015-03-02,19.07,19.67,18.44,19.51,11.0997,10895800,0,0
2015-03-03,19.4,20.18,19.15,20.05,11.4069,4901700,0,0
2015-03-04,19.74,20.38,19.53,20.01,11.4757,3011900,0.16,0
2015-03-05,20.02,20.115,19.76,19.99,11.4642,1830400,0,0
2015-03-06,19.91,20.23,19.6,19.64,11.2635,2117200,0,0
2015-03-09,19.62,19.77,19.59,19.59,11.2348,2075700,0,0
2015-03-10,19.37,19.66,19.212,19.37,11.1087,4398900,0,0
2015-03-11,19.46,19.58,18.97,19.16,10.9882,3948100,0,0
2015-03-12,19.28,19.59,19.28,19.54,11.2062,2605700,0,0
2015-03-13,19.45,19.53,19.21,19.28,11.0571,3043600,0,0
2015-03-16,19.36,19.81,19.34,19.66,11.275,2566800,0,0
2015-03-17,19.68,20.15,19.49,20.11,11.5331,2690900,0,0
2015-03-18,20,20.1,19.645,20.06,11.5044,1887800,0,0
2015-03-19,20,20.725,19.91,20.67,11.8542,2907600,0,0
2015-03-20,20.71,21.03,20.655,20.7,11.8714,4797600,0,0
2015-03-23,20.77,21.05,20.65,20.75,11.9001,2750100,0,0
2015-03-24,20.8,20.87,20.55,20.7,11.8714,1757300,0,0
2015-03-25,20.77,20.875,20.33,20.33,11.6592,2999600,0,0
2015-03-26,20.25,20.25,20.035,20.16,11.5617,1710400,0,0
2015-03-27,20.01,20.35,19.89,20.16,11.5617,1748400,0,0
2015-03-30,20.19,20.19,19.96,20.08,11.5159,2021000,0,0
2015-03-31,19.87,20.54,19.87,20.33,11.6592,3828200,0,0
2015-04-01,20.25,20.43,20.05,20.24,11.6076,2072400,0,0
2015-04-02,20.19,20.44,20.08,20.36,11.6764,1849400,0,0
2015-04-06,20.19,20.38,20.09,20.32,11.6535,1347600,0,0
2015-04-07,20.28,20.3,20.09,20.11,11.5331,1593300,0,0
2015-04-08,20.16,20.36,20.01,20.25,11.6133,1793100,0,0
2015-04-09,20.26,20.54,20.19,20.34,11.665,2456200,0,0
2015-04-10,20.27,20.52,20.21,20.26,11.6191,1910800,0,0
2015-04-13,20.21,20.61,20.21,20.43,11.7166,1251300,0,0
2015-04-14,20.37,20.64,20.28,20.39,11.6936,1517700,0,0
2015-04-15,20.35,20.51,20.27,20.34,11.665,1644500,0,0
2015-04-16,20.36,20.5,20.23,20.29,11.6363,2021100,0,0
2015-04-17,20.19,20.47,19.9,19.93,11.4298,1922800,0,0
2015-04-20,20.04,20.72,20.014,20.49,11.751,1566100,0,0
2015-04-21,20.5,20.72,20.36,20.53,11.7739,2664500,0,0
2015-04-22,20.51,20.95,20.32,20.61,11.8198,2811700,0,0
2015-04-23,20.53,20.79,20.42,20.49,11.751,1883500,0,0
2015-04-24,20.41,20.49,20.25,20.28,11.6305,1790400,0,0
2015-04-27,20.29,20.38,19.83,19.85,11.3839,1488000,0,0
2015-04-28,19.9,19.98,19.67,19.9,11.4126,2135900,0,0
2015-04-29,19.91,20,19.64,19.71,11.3037,1755800,0,0
2015-04-30,19.7,19.88,19.51,19.54,11.2062,2319500,0,0
2015-05-01,19.68,19.8,19.62,19.74,11.3209,2618500,0,0
2015-05-04,19.77,19.96,19.62,19.64,11.2635,1913200,0,0
2015-05-05,19.6,19.775,19.5,19.58,11.2291,2989300,0,0
2015-05-06,19.58,19.77,19.51,19.58,11.2291,1883600,0,0
2015-05-07,19.67,19.8,19.485,19.78,11.3438,1752600,0,0
2015-05-08,19.85,20.09,19.84,20.02,11.4814,1441300,0,0
2015-05-11,19.98,20.06,19.93,19.97,11.4528,3269900,0,0
2015-05-12,19.98,20.18,19.89,20.12,11.5388,1283500,0,0
2015-05-13,20.08,20.17,19.77,19.79,11.3495,2002400,0,0
2015-05-14,19.93,20.065,19.6,19.83,11.3725,3173300,0,0
2015-05-15,19.89,19.92,19.08,19.16,10.9882,2791100,0,0
2015-05-18,19.05,19.23,18.94,19.06,10.9309,2606600,0,0
2015-05-19,19.04,19.34,19.04,19.31,11.0743,3048600,0,0
2015-05-20,19.41,19.45,19.27,19.34,11.0915,1788800,0,0
2015-05-21,19.35,19.6,19.335,19.45,11.1545,2003100,0,0
2015-05-22,19.39,19.53,19.32,19.33,11.0857,1273700,0,0
2015-05-26,19.34,19.49,19.1,19.13,10.971,2441400,0,0
2015-05-27,19.25,19.505,19.13,19.37,11.1087,1625400,0,0
2015-05-28,19.32,19.47,19.21,19.29,11.0628,1390200,0,0
2015-05-29,19.35,19.35,19.13,19.27,11.0513,1855000,0,0
2015-06-01,19.38,19.54,19.16,19.34,11.0915,1257600,0,0
2015-06-02,19.23,19.44,19.23,19.38,11.1144,2236300,0,0
2015-06-03,19.29,19.543,19.25,19.44,11.2416,1495900,0.16,0
2015-06-04,19.35,19.45,19.04,19.06,11.0219,1638100,0,0
2015-06-05,19.12,19.36,19,19.09,11.0392,1449300,0,0
2015-06-08,19.05,19.23,19.01,19.06,11.0219,1270600,0,0
2015-06-09,19.12,19.19,18.85,18.9,10.9294,1779400,0,0
2015-06-10,18.94,19.4,18.83,19.4,11.2185,1741600,0,0
2015-06-11,19.38,19.595,19.31,19.53,11.2937,1745200,0,0
2015-06-12,19.52,19.57,19.32,19.43,11.2358,972300,0,0
2015-06-15,19.26,19.26,18.98,19.09,11.0392,1381600,0,0
2015-06-16,19.11,19.36,18.94,19.14,11.0681,1887700,0,0
2015-06-17,19.21,19.24,18.42,18.64,10.779,2300100,0,0
2015-06-18,18.63,19.035,18.6,18.985,10.9785,2723900,0,0
2015-06-19,18.89,18.95,18.72,18.93,10.9467,5057800,0,0
2015-06-22,19.09,19.205,19.01,19.06,11.0219,1546200,0,0
2015-06-23,19.1,19.255,19.09,19.1,11.045,1635600,0,0
2015-06-24,19.11,19.23,18.81,18.83,10.8889,2881300,0,0
2015-06-25,18.83,18.85,18.54,18.555,10.7299,1486600,0,0
2015-06-26,18.66,18.81,18.43,18.44,10.6633,3702100,0,0
2015-06-29,18.36,18.55,18.09,18.11,10.4725,1975700,0,0
2015-06-30,18.2,18.39,18.09,18.21,10.5303,1628900,0,0
2015-07-01,18.36,18.51,18.23,18.45,10.6691,2452600,0,0
2015-07-02,18.54,18.6,18.365,18.45,10.6691,1941300,0,0
2015-07-06,18.21,18.62,18.21,18.61,10.7617,2253700,0,0
2015-07-07,18.66,19,18.48,18.97,10.9698,2725000,0,0
2015-07-08,18.86,18.89,18.54,18.57,10.7385,1865500,0,0
2015-07-09,18.79,18.92,18.5,18.53,10.7154,1421500,0,0
2015-07-10,18.78,18.78,18.33,18.37,10.6229,2492900,0,0
2015-07-13,17.43,18.5,17.43,18.36,10.6171,2258700,0,0
2015-07-14,15.9,17.02,15.76,16.42,9.49524,8538100,0,0
2015-07-15,16.66,16.68,16.34,16.56,9.5762,4133500,0,0
2015-07-16,16.69,16.69,16.49,16.67,9.63981,3180500,0,0
2015-07-17,16.46,16.9,16.45,16.86,9.74968,3114800,0,0
2015-07-20,16.97,16.97,16.39,16.42,9.49524,4692600,0,0
2015-07-21,16.47,16.755,16.47,16.6,9.59933,3615900,0,0
2015-07-22,16.67,16.67,16.16,16.23,9.38537,3441300,0,0
2015-07-23,16.33,16.475,16.16,16.39,9.47789,2610800,0,0
2015-07-24,16.45,16.56,16.2,16.22,9.37958,2282200,0,0
2015-07-27,16.15,16.45,15.72,15.72,9.09045,2518500,0,0
2015-07-28,15.8,15.9,15.75,15.83,9.15406,2273000,0,0
2015-07-29,15.77,15.91,15.73,15.77,9.11936,2008200,0,0
2015-07-30,15.7,15.78,15.49,15.53,8.98058,2955200,0,0
2015-07-31,15.82,15.9,15.65,15.7,9.07888,2987200,0,0
2015-08-03,15.77,15.88,15.555,15.66,9.05575,2110000,0,0
2015-08-04,15.6,15.745,15.53,15.58,9.00949,1749400,0,0
2015-08-05,15.62,15.94,15.595,15.61,9.02684,2891300,0,0
2015-08-06,15.66,15.66,15.2,15.37,8.88805,3549600,0,0
2015-08-07,15.34,15.625,15.3,15.61,9.02684,2263100,0,0
2015-08-10,15.69,16,15.69,15.91,9.20032,1713100,0,0
2015-08-11,15.53,15.9,15.36,15.39,8.89962,2697600,0,0
2015-08-12,15.49,15.49,15.11,15.31,8.85336,2995500,0,0
2015-08-13,15.25,15.32,14.75,14.79,8.55265,3443400,0,0
2015-08-14,14.83,14.87,14.58,14.76,8.5353,4360300,0,0
2015-08-17,14.76,14.96,14.61,14.83,8.57578,3503000,0,0
2015-08-18,14.88,15,14.6,14.77,8.54109,2603700,0,0
2015-08-19,14.66,14.73,14.55,14.62,8.45435,1921600,0,0
2015-08-20,14.43,14.485,14.05,14.06,8.13052,3007700,0,0
2015-08-21,13.98,14.27,13.89,13.89,8.03221,2829300,0,0
2015-08-24,13.34,14,12.89,13.06,7.55224,7450700,0,0
2015-08-25,13.23,13.23,12.02,12.04,6.9624,9032800,0,0
2015-08-26,12.25,12.55,12.01,12.52,7.23997,4831200,0,0
2015-08-27,12.81,13.085,12.67,13,7.51755,4580200,0,0
2015-08-28,12.93,13.15,12.8,13.05,7.54646,2634700,0,0
2015-08-31,12.93,12.98,12.68,12.79,7.39611,5772300,0,0
2015-09-01,12.51,12.65,12.3,12.35,7.14167,3658500,0,0
2015-09-02,12.4,12.53,11.97,12.16,7.12409,3843300,0.16,0
2015-09-03,12.2,12.37,12.09,12.15,7.11823,3555300,0,0
2015-09-04,11.96,12.1,11.79,11.94,6.99521,3019900,0,0
2015-09-08,12.74,12.99,12.13,12.3,7.20611,5676800,0,0
2015-09-09,12.44,12.54,12.21,12.29,7.20025,4643500,0,0
2015-09-10,12.31,12.68,12.26,12.64,7.40531,5694700,0,0
2015-09-11,12.52,12.57,12.225,12.45,7.29399,7487700,0,0
2015-09-14,12.44,12.52,12.28,12.44,7.28813,4123200,0,0
2015-09-15,12.74,12.74,12.275,12.37,7.24712,4439800,0,0
2015-09-16,12.37,12.71,12.37,12.65,7.41117,7558000,0,0
2015-09-17,12.66,12.91,12.48,12.55,7.35258,5278400,0,0
2015-09-18,12.39,12.76,12.273,12.66,7.41703,9403100,0,0
2015-09-21,12.72,12.8,12.595,12.65,7.41117,4150500,0,0
2015-09-22,12.5,12.64,12.11,12.4,7.2647,3926600,0,0
2015-09-23,12.38,12.54,12.28,12.47,7.30571,3997000,0,0
2015-09-24,12.34,12.53,12.27,12.5,7.32329,4376100,0,0
2015-09-25,12.58,12.65,12.34,12.44,7.28813,4674000,0,0
2015-09-28,12.4,12.485,11.995,12.16,7.12409,5161000,0,0
2015-09-29,12.16,12.23,11.59,11.63,6.81359,8504200,0,0
2015-09-30,11.75,11.87,10.945,11.24,6.5851,10417200,0,0
2015-10-01,11.24,11.29,10.68,10.96,6.42106,11040300,0,0
2015-10-02,10.74,11.11,10.62,11.04,6.46793,7013700,0,0
2015-10-05,11.08,11.66,11.08,11.48,6.72571,5702500,0,0
2015-10-06,11.43,11.75,11.39,11.63,6.81359,5159600,0,0
2015-10-07,11.73,12.1,11.7,11.98,7.01864,8565600,0,0
2015-10-08,12.13,12.26,12.01,12.1,7.08894,5464300,0,0
2015-10-09,12.14,12.37,11.9,11.96,7.00692,6033000,0,0
2015-10-12,11.98,12.06,11.8,11.88,6.96005,3388500,0,0
2015-10-13,11.84,11.965,11.78,11.87,6.95419,5283000,0,0
2015-10-14,11.92,12.06,11.7,11.77,6.89561,5383800,0,0
2015-10-15,11.81,12.065,11.77,12.03,7.04793,3922100,0,0
2015-10-16,12.09,12.33,11.95,12.26,7.18268,3073700,0,0
2015-10-19,12.17,12.28,11.98,12.27,7.18854,6179600,0,0
2015-10-20,12.32,12.735,12.281,12.66,7.41703,5913700,0,0
2015-10-21,12.82,13.13,12.65,12.89,7.55177,5366900,0,0
2015-10-22,12.99,13.17,12.71,12.96,7.59278,7368000,0,0
2015-10-23,13.09,13.77,13,13.55,7.93844,6200600,0,0
2015-10-26,13.56,13.585,13.16,13.5,7.90915,3931400,0,0
2015-10-27,13.39,13.45,13.1,13.41,7.85642,4673500,0,0
2015-10-28,13.43,13.83,13.26,13.8,8.08491,3507400,0,0
2015-10-29,13.71,13.83,13.17,13.24,7.75683,3052200,0,0
2015-10-30,13.28,13.34,13.17,13.19,7.72753,2088400,0,0
2015-11-02,13.23,13.51,13.21,13.48,7.89743,2363500,0,0
2015-11-03,13.42,13.6,12.51,13.4,7.85056,4316700,0,0
2015-11-04,13.47,13.925,13.355,13.41,7.85642,3981900,0,0
2015-11-05,13.41,13.532,12.97,13.23,7.75097,3037900,0,0
2015-11-06,13.32,13.4,13.075,13.26,7.76854,2480800,0,0
2015-11-09,13.28,13.37,12.81,12.95,7.58692,2205200,0,0
2015-11-10,12.93,13,12.47,12.72,7.45218,3285200,0,0
2015-11-11,12.73,12.79,12.4,12.51,7.32914,2600100,0,0
2015-11-12,12.41,12.545,12.14,12.24,7.17096,4548200,0,0
2015-11-13,12.44,12.44,11.91,12.02,7.04207,3754300,0,0
2015-11-16,11.99,12.16,11.77,11.98,7.01864,3678000,0,0
2015-11-17,12.03,12.07,11.81,11.89,6.96591,2199300,0,0
2015-11-18,11.93,12.06,11.78,12.04,7.05379,2368600,0,0
2015-11-19,12.06,12.17,11.68,11.7,6.8546,6968700,0,0
2015-11-20,11.76,11.9,11.62,11.85,6.94248,7120200,0,0
2015-11-23,11.84,12.16,11.74,11.9,6.97177,5254100,0,0
2015-11-24,11.8,12.02,11.65,11.87,6.95419,4027500,0,0
2015-11-25,11.85,11.86,11.72,11.73,6.87217,1470600,0,0
2015-11-27,11.78,11.82,11.61,11.77,6.89561,676000,0,0
2015-11-30,11.9,11.93,11.52,11.91,6.97763,5966600,0,0
2015-12-01,11.94,12.26,11.8,12.25,7.17682,4723900,0,0
2015-12-02,12.04,12.2,11.87,11.98,7.11152,5222300,0.16,0
2015-12-03,12.03,12.095,11.65,11.74,6.96905,4800000,0,0
2015-12-04,11.76,12.15,11.76,12.04,7.14714,3626300,0,0
2015-12-07,12,12.14,11.74,11.92,7.0759,3763300,0,0
2015-12-08,11.83,11.925,11.59,11.72,6.95718,3097300,0,0
2015-12-09,11.69,12.14,11.66,11.74,6.96905,3540200,0,0
2015-12-10,11.75,12.52,11.72,12.38,7.34897,4387800,0,0
2015-12-11,12.32,12.44,12.14,12.35,7.33116,5474900,0,0
2015-12-14,12.36,12.56,12.01,12.16,7.21837,4366100,0,0
2015-12-15,12.25,12.525,12.23,12.355,7.33413,3823600,0,0
2015-12-16,12.42,12.95,12.29,12.77,7.58048,7846300,0,0
2015-12-17,12.8,12.915,12.47,12.48,7.40833,5703500,0,0
2015-12-18,12.39,12.47,11.92,11.92,7.0759,12972300,0,0
2015-12-21,12.08,12.13,11.66,11.8,7.00467,3757300,0,0
2015-12-22,11.84,11.93,11.6,11.7,6.94531,7401200,0,0
2015-12-23,11.75,12.15,11.71,12.15,7.21244,11500300,0,0
2015-12-24,12.21,12.77,12.2,12.61,7.4855,1909400,0,0
2015-12-28,12.5,12.51,11.31,11.46,6.80284,9365300,0,0
2015-12-29,11.49,11.67,11.4,11.49,6.82065,4835300,0,0
2015-12-30,11.53,11.572,11.32,11.33,6.72567,3204500,0,0
2015-12-31,11.3,11.59,11.23,11.45,6.7969,2631800,0,0
2016-01-04,11.34,11.59,11.18,11.5,6.82659,7240700,0,0
2016-01-05,11.5,11.74,10.94,11.34,6.73161,5980700,0,0
2016-01-06,11.21,11.255,10.83,10.93,6.48822,5080500,0,0
2016-01-07,10.74,10.84,10.2,10.27,6.09644,6119100,0,0
2016-01-08,10.37,10.52,10.03,10.18,6.04301,7169800,0,0
2016-01-11,10.21,10.275,9.8,10,5.93616,5127800,0,0
2016-01-12,10.15,10.28,9.81,10.01,5.9421,4644400,0,0
2016-01-13,10.07,10.203,9.42,9.42,5.59187,5927800,0,0
2016-01-14,9.44,9.51,9.04,9.4,5.57999,5327600,0,0
2016-01-15,9.13,9.31,8.903,9,5.34255,6395700,0,0
2016-01-19,8.95,9.15,8.74,8.76,5.20008,5302600,0,0
2016-01-20,8.58,9.08,8.29,8.97,5.32474,7800100,0,0
2016-01-21,9.08,9.44,9,9.16,5.43752,4435700,0,0
2016-01-22,9.34,9.589,9.08,9.24,5.48501,5802000,0,0
2016-01-25,9.2,9.24,8.82,8.87,5.26538,5801300,0,0
2016-01-26,8.9,9.49,8.87,9.45,5.60967,3971200,0,0
2016-01-27,9.08,9.98,9.07,9.47,5.62155,7304000,0,0
2016-01-28,9.57,9.82,9,9.03,5.36036,5005200,0,0
2016-01-29,9.09,9.61,9.06,9.56,5.67497,5873500,0,0
2016-02-01,9.51,9.595,9.18,9.31,5.52657,4179600,0,0
2016-02-02,9.15,9.262,8.75,8.76,5.20008,4552900,0,0
2016-02-03,8.8,9.24,8.385,9.18,5.4494,3704300,0,0
2016-02-04,9.12,9.73,8.99,9.54,5.6631,3440600,0,0
2016-02-05,9.52,9.67,9.375,9.51,5.64529,3490500,0,0
2016-02-08,9.28,9.29,8.68,8.94,5.30693,3613100,0,0
2016-02-09,8.88,8.89,8.42,8.5,5.04574,10189500,0,0
2016-02-10,8.62,8.7,8.44,8.55,5.07542,5344300,0,0
2016-02-11,8.38,8.54,8.2,8.41,4.99231,3718300,0,0
2016-02-12,8.49,9.15,8.48,9.13,5.41972,4381700,0,0
2016-02-16,9.19,9.68,9.14,9.66,5.73433,3381900,0,0
2016-02-17,9.73,10.32,9.7,9.91,5.88274,4335300,0,0
2016-02-18,9.92,10.18,9.76,10.13,6.01333,3029500,0,0
2016-02-19,10.11,10.11,9.73,9.92,5.88867,2503400,0,0
2016-02-22,10.13,10.38,10.1,10.36,6.14987,2574500,0,0
2016-02-23,10.29,10.49,10.12,10.24,6.07863,2903500,0,0
2016-02-24,10.01,10.359,9.67,10.29,6.10831,2762700,0,0
2016-02-25,10.29,10.72,10.1,10.66,6.32795,3027600,0,0
2016-02-26,10.73,10.99,10.55,10.59,6.2864,3253300,0,0
2016-02-29,10.63,11.06,10.56,10.83,6.42887,4662300,0,0
2016-03-01,10.89,11.25,10.66,10.94,6.49416,5382700,0,0
2016-03-02,10.84,10.9,10.4,10.89,6.56043,3760000,0.16,0
2016-03-03,10.86,11.39,10.81,11.27,6.78935,3145200,0,0
2016-03-04,11.13,11.65,11.13,11.4,6.86767,3684000,0,0
2016-03-07,11.35,11.465,11.168,11.39,6.86164,4002200,0,0
2016-03-08,11.3,11.36,10.94,11.1,6.68694,3665600,0,0
2016-03-09,11.19,11.39,11.05,11.2,6.74718,2781000,0,0
2016-03-10,11.28,11.75,11.28,11.66,7.0243,5461000,0,0
2016-03-11,11.74,12,11.64,11.97,7.21105,3278400,0,0
2016-03-14,12,12.195,11.675,11.71,7.05442,5542600,0,0
2016-03-15,11.75,11.75,11.11,11.54,6.95201,5592600,0,0
2016-03-16,11.44,11.92,11.44,11.68,7.03635,3423300,0,0
2016-03-17,11.68,12.085,11.56,11.94,7.19298,3678300,0,0
2016-03-18,12.06,12.49,11.92,12.42,7.48214,9364100,0,0
2016-03-21,12.34,12.597,12.265,12.42,7.48214,2819700,0,0
2016-03-22,12.29,12.497,12.12,12.37,7.45202,2955500,0,0
2016-03-23,12.31,12.37,11.89,11.89,7.16285,2640600,0,0
2016-03-24,11.82,11.99,11.65,11.96,7.20503,2131400,0,0
2016-03-28,12.04,12.19,11.705,11.81,7.11466,2278100,0,0
2016-03-29,11.78,11.985,11.51,11.91,7.1749,3257800,0,0
2016-03-30,11.93,12.17,11.73,11.97,7.21105,4705300,0,0
2016-03-31,11.97,12.18,11.91,11.97,7.21105,3852300,0,0
2016-04-01,11.85,11.87,11.43,11.65,7.01827,4524500,0,0
2016-04-04,11.62,11.9,11.53,11.68,7.03635,2629200,0,0
2016-04-05,11.59,11.69,11.405,11.44,6.89177,4037100,0,0
2016-04-06,11.41,11.69,11.095,11.61,6.99417,2990600,0,0
2016-04-07,11.5,11.76,11.32,11.6,6.98815,5037400,0,0
2016-04-08,11.75,12.08,11.66,11.82,7.12069,3143100,0,0
2016-04-11,11.89,12.39,11.86,12.15,7.31949,3575600,0,0
2016-04-12,12.23,12.48,12.15,12.42,7.48214,5170200,0,0
2016-04-13,12.51,12.85,12.44,12.7,7.65082,4035300,0,0
2016-04-14,12.67,12.85,12.531,12.68,7.63877,2117300,0,0
2016-04-15,12.68,12.86,12.6,12.71,7.65685,2251800,0,0
2016-04-18,12.6,12.92,12.51,12.79,7.70504,2271600,0,0
2016-04-19,12.88,13.32,12.86,12.95,7.80143,4949200,0,0
2016-04-20,12.74,13.3,12.4,13.25,7.98216,3982400,0,0
2016-04-21,13.27,13.66,13.222,13.27,7.99421,3332200,0,0
2016-04-22,13.29,13.795,13.29,13.68,8.2412,4659700,0,0
2016-04-25,13.65,13.669,13.2,13.45,8.10264,2606500,0,0
2016-04-26,13.54,13.7,13.44,13.66,8.22915,2320500,0,0
2016-04-27,13.68,13.995,13.68,13.96,8.40988,3459900,0,0
2016-04-28,13.81,13.99,13.455,13.48,8.12071,3602200,0,0
2016-04-29,13.46,13.69,13.32,13.67,8.23518,4678700,0,0
2016-05-02,13.75,13.87,13.44,13.65,8.22312,2607000,0,0
2016-05-03,13.44,13.46,13.02,13.15,7.92192,3711600,0,0
2016-05-04,13,13.22,12.85,12.96,7.80745,3581600,0,0
2016-05-05,13.07,13.26,12.91,13.09,7.88577,3715000,0,0
2016-05-06,12.99,13.36,12.97,13.12,7.90384,3578300,0,0
2016-05-09,13.05,13.29,13,13.17,7.93396,2272600,0,0
2016-05-10,13.23,13.345,13.08,13.24,7.97613,2283200,0,0
2016-05-11,13.2,13.26,12.75,12.75,7.68095,5722600,0,0
2016-05-12,12.86,13.03,12.41,12.49,7.52431,3871700,0,0
2016-05-13,12.45,12.62,12.17,12.31,7.41587,2462900,0,0
2016-05-16,12.4,12.63,12.35,12.5,7.53034,2595500,0,0
2016-05-17,12.45,12.805,12.45,12.59,7.58455,2275500,0,0
2016-05-18,12.5,12.89,12.5,12.75,7.68095,3606100,0,0
2016-05-19,12.64,12.83,12.345,12.42,7.48214,3178700,0,0
2016-05-20,12.48,12.795,12.48,12.69,7.6448,3146600,0,0
2016-05-23,12.62,12.88,12.58,12.72,7.66287,2067100,0,0
2016-05-24,12.81,13,12.77,12.98,7.8195,2358000,0,0
2016-05-25,13.08,13.385,13,13.33,8.03035,1908200,0,0
2016-05-26,13.4,13.49,13.29,13.35,8.0424,2268600,0,0
2016-05-27,13.34,13.6,13.28,13.48,8.12071,2356300,0,0
2016-05-31,13.51,13.82,13.49,13.71,8.25927,5074000,0,0
2016-06-01,13.39,13.65,13.23,13.59,8.28365,3281300,0.16,0
2016-06-02,13.55,13.66,13.35,13.63,8.30803,2502700,0,0
2016-06-03,13.57,13.61,13.05,13.26,8.0825,2391500,0,0
2016-06-06,13.28,13.66,13.25,13.58,8.27756,2431800,0,0
2016-06-07,13.58,13.67,13.285,13.42,8.18003,2175300,0,0
2016-06-08,13.46,13.62,13.4,13.44,8.19222,1440400,0,0
2016-06-09,13.31,13.36,13.1,13.21,8.05203,1800900,0,0
2016-06-10,13.01,13.1,12.84,12.95,7.89355,2156900,0,0
2016-06-13,12.89,13.01,12.75,12.75,7.77164,3002800,0,0
2016-06-14,12.69,12.82,12.14,12.15,7.40592,3921500,0,0
2016-06-15,12.17,12.43,12.05,12.22,7.44858,3411900,0,0
2016-06-16,12.15,12.15,11.87,12.06,7.35106,2873700,0,0
2016-06-17,12.08,12.2,11.98,12.12,7.38763,5179900,0,0
2016-06-20,12.37,12.46,12.2,12.26,7.47297,1747200,0,0
2016-06-21,12.29,12.39,12.15,12.24,7.46077,2467800,0,0
2016-06-22,12.23,12.37,12.04,12.07,7.35715,2002800,0,0
2016-06-23,12.3,12.49,12.3,12.35,7.52782,4184000,0,0
2016-06-24,11.69,11.98,11.49,11.67,7.11334,6589000,0,0
2016-06-27,11.5,11.555,11.01,11.01,6.71104,2589600,0,0
2016-06-28,11.22,11.48,11.22,11.42,6.96095,2828700,0,0
2016-06-29,11.59,11.73,11.44,11.7,7.13162,2752500,0,0
2016-06-30,11.78,11.96,11.45,11.95,7.28401,2469700,0,0
2016-07-01,11.94,12.36,11.92,12.3,7.49735,3072300,0,0
2016-07-05,12.17,12.3,11.59,11.79,7.18648,2780500,0,0
2016-07-06,11.71,11.83,11.53,11.81,7.19867,2413000,0,0
2016-07-07,11.8,12.3,11.75,12.15,7.40592,2219600,0,0
2016-07-08,12.35,12.73,12.24,12.69,7.73507,2544700,0,0
2016-07-11,12.82,13.16,12.8,13.11,7.99108,2471200,0,0
2016-07-12,13.3,13.85,13.245,13.64,8.31413,3686900,0,0
2016-07-13,13.73,13.73,13.42,13.62,8.30194,3347300,0,0
2016-07-14,13.86,13.96,13.625,13.74,8.37509,1973600,0,0
2016-07-15,13.81,13.91,13.69,13.86,8.44823,2127400,0,0
2016-07-18,13.82,14,13.82,13.88,8.46042,2226500,0,0
2016-07-19,13.86,13.95,13.7,13.77,8.39337,3256300,0,0
2016-07-20,14,14.47,13.8,14.37,8.75909,4708000,0,0
2016-07-21,14.22,14.48,14.1,14.29,8.71033,3264100,0,0
2016-07-22,14.32,14.43,14.23,14.4,8.77738,2451100,0,0
2016-07-25,14.38,14.4,14.14,14.17,8.63719,2822700,0,0
2016-07-26,14.18,14.405,14.1,14.22,8.66766,2603800,0,0
2016-07-27,14.27,14.47,14.03,14.11,8.60062,3611300,0,0
2016-07-28,14.11,14.23,13.97,14.09,8.58843,2050400,0,0
2016-07-29,14,14.22,13.895,14.2,8.65547,3095900,0,0
2016-08-01,14.17,14.26,13.975,13.99,8.52747,1662400,0,0
2016-08-02,13.98,14.11,13.52,13.54,8.25318,3128400,0,0
2016-08-03,13.54,13.84,13.53,13.83,8.42994,3171900,0,0
2016-08-04,13.8,14.31,13.8,14.24,8.67986,3160400,0,0
2016-08-05,14.37,14.59,14.34,14.53,8.85662,3775500,0,0
2016-08-08,14.57,14.65,14.3,14.36,8.753,2848200,0,0
2016-08-09,14.39,14.5,14.19,14.21,8.66157,2324300,0,0
2016-08-10,14.21,14.22,13.55,13.61,8.29584,3735100,0,0
2016-08-11,13.7,13.818,13.59,13.64,8.31413,2455500,0,0
2016-08-12,13.61,13.62,13.32,13.49,8.2227,2496500,0,0
2016-08-15,13.57,13.84,13.49,13.82,8.42385,1824600,0,0
2016-08-16,13.72,13.96,13.572,13.91,8.47871,2510100,0,0
2016-08-17,13.98,14.62,13.89,14.54,8.86272,5110900,0,0
2016-08-18,14.57,14.655,14.41,14.56,8.87491,2712800,0,0
2016-08-19,14.47,14.52,14.14,14.15,8.625,1999000,0,0
2016-08-22,14.12,14.38,14.03,14.37,8.75909,1861100,0,0
2016-08-23,14.46,14.61,14.46,14.51,8.84443,1669200,0,0
2016-08-24,14.49,14.67,14.31,14.35,8.7469,2138700,0,0
2016-08-25,14.36,14.42,14.25,14.35,8.7469,1859500,0,0
2016-08-26,14.42,14.59,14.13,14.25,8.68595,1699200,0,0
2016-08-29,14.23,14.39,14.17,14.17,8.63719,2325800,0,0
2016-08-30,14.17,14.46,14.17,14.41,8.78348,2324600,0,0
2016-08-31,14.25,14.52,14.11,14.38,8.86361,5093900,0.16,0
2016-09-01,14.44,14.54,14.14,14.38,8.86361,2025800,0,0
2016-09-02,14.45,14.53,14.14,14.48,8.92525,1661600,0,0
2016-09-06,14.49,14.64,14.22,14.38,8.86361,2164000,0,0
2016-09-07,14.34,14.74,14.28,14.7,9.06085,2755000,0,0
2016-09-08,14.72,14.82,14.66,14.68,9.04853,2310400,0,0
2016-09-09,14.61,14.7,14.23,14.23,8.77115,2212200,0,0
2016-09-12,14.09,14.52,13.93,14.4,8.87594,3810500,0,0
2016-09-13,14.19,14.24,13.66,13.8,8.50611,3412300,0,0
2016-09-14,13.78,13.87,13.42,13.56,8.35817,3852200,0,0
2016-09-15,13.56,13.97,13.49,13.83,8.5246,2719900,0,0
2016-09-16,13.66,13.76,13.46,13.58,8.3705,5876500,0,0
2016-09-19,13.73,13.98,13.63,13.77,8.48761,3272500,0,0
2016-09-20,13.88,13.97,13.78,13.79,8.49994,2158600,0,0
2016-09-21,13.86,13.9,13.14,13.28,8.18558,6325800,0,0
2016-09-22,13.37,13.79,13.31,13.72,8.45679,3868400,0,0
2016-09-23,13.7,14.01,13.68,13.88,8.55541,3407100,0,0
2016-09-26,13.88,13.9,13.73,13.88,8.55541,2431900,0,0
2016-09-27,13.94,14.56,13.902,14.49,8.93141,4190800,0,0
2016-09-28,14.52,14.635,14.29,14.56,8.97456,2323500,0,0
2016-09-29,14.55,14.66,14.16,14.31,8.82046,3676100,0,0
2016-09-30,14.41,14.68,14.12,14.47,8.91908,3148300,0,0
2016-10-03,14.37,14.49,14.22,14.33,8.83279,3433900,0,0
2016-10-04,14.35,14.7,14.31,14.64,9.02387,2982900,0,0
2016-10-05,14.73,14.92,14.64,14.78,9.11016,3584700,0,0
2016-10-06,14.75,14.825,14.555,14.71,9.06702,2396200,0,0
2016-10-07,14.72,14.755,14.54,14.56,8.97456,2298700,0,0
2016-10-10,14.69,14.79,14.33,14.37,8.85744,3804000,0,0
2016-10-11,14.33,14.44,14.03,14.11,8.69718,3863500,0,0
2016-10-12,14.13,14.26,14.093,14.11,8.69718,2550400,0,0
2016-10-13,13.97,14.02,13.78,13.9,8.56774,2495900,0,0
2016-10-14,14.04,14.16,13.83,13.91,8.57391,2940300,0,0
2016-10-17,13.87,13.97,13.53,13.565,8.36126,4250800,0,0
2016-10-18,13.74,13.939,13.4,13.61,8.38899,3688300,0,0
2016-10-19,14,14.23,13.27,13.45,8.29037,6421400,0,0
2016-10-20,13.35,13.63,13.14,13.21,8.14244,3806400,0,0
2016-10-21,13.15,13.27,13.02,13.03,8.03149,3928600,0,0
2016-10-24,13.1,13.34,13.1,13.19,8.13011,2562100,0,0
2016-10-25,13.11,13.275,13.01,13.15,8.10545,2393500,0,0
2016-10-26,13.08,13.25,13.01,13.14,8.09929,2320600,0,0
2016-10-27,13.19,13.205,12.83,12.83,7.90821,2780400,0,0
2016-10-28,12.87,13.15,12.83,12.9,7.95136,2686700,0,0
2016-10-31,12.92,13.02,12.66,12.78,7.87739,3588800,0,0
2016-11-01,12.87,13.07,12.77,13.03,8.03149,4470200,0,0
2016-11-02,13.03,13.33,12.94,13.27,8.17942,4789200,0,0
2016-11-03,13.28,13.56,13.15,13.23,8.15477,3616900,0,0
2016-11-04,13.28,13.64,13.19,13.32,8.21024,3326100,0,0
2016-11-07,13.63,13.79,13.47,13.56,8.35817,3548800,0,0
2016-11-08,13.39,13.685,13.32,13.46,8.29654,3194300,0,0
2016-11-09,14.745,16.23,14.54,15.77,9.72038,12704600,0,0
2016-11-10,16.02,16.9,16.01,16.84,10.3799,8050200,0,0
2016-11-11,16.76,17.08,16.6,17.05,10.5094,5017900,0,0
2016-11-14,17.13,17.62,17.1,17.59,10.8422,5609700,0,0
2016-11-15,17.35,17.48,16.71,17.42,10.7374,5022600,0,0
2016-11-16,17.26,17.77,17.01,17.69,10.9038,3041700,0,0
2016-11-17,17.73,17.78,17.52,17.69,10.9038,3668400,0,0
2016-11-18,17.74,17.75,17.55,17.62,10.8607,2914900,0,0
2016-11-21,17.74,17.86,17.6,17.72,10.9223,2553000,0,0
2016-11-22,17.81,17.95,17.4,17.44,10.7497,4354500,0,0
2016-11-23,17.52,17.91,17.446,17.85,11.0025,2853900,0,0
2016-11-25,17.86,17.88,17.46,17.65,10.8792,1125100,0,0
2016-11-28,17.56,17.71,17.235,17.49,10.7806,2307300,0,0
2016-11-29,17.51,17.73,17.17,17.19,10.5956,2882100,0,0
2016-11-30,17.27,17.43,17.105,17.23,10.7201,3971200,0.16,0
2016-12-01,17.35,17.54,16.86,16.93,10.5334,3817000,0,0
2016-12-02,16.93,17.08,16.61,16.66,10.3654,2505100,0,0
2016-12-05,16.85,17.05,16.69,17,10.577,2593300,0,0
2016-12-06,16.97,17.16,16.67,17.03,10.5956,3161500,0,0
2016-12-07,17.01,17.48,16.86,17.28,10.7512,3364500,0,0
2016-12-08,17.1,17.32,16.625,17.09,10.633,3949600,0,0
2016-12-09,17.2,17.43,16.99,17.31,10.7699,2842400,0,0
2016-12-12,17.31,17.31,16.524,16.7,10.3903,3090400,0,0
2016-12-13,16.85,16.94,16.313,16.36,10.1788,2954300,0,0
2016-12-14,16.32,16.76,16.12,16.37,10.185,3237800,0,0
2016-12-15,16.42,16.975,16.28,16.8,10.4525,3628200,0,0
2016-12-16,16.74,16.89,16.25,16.37,10.185,10807500,0,0
2016-12-19,16.44,16.74,16.44,16.69,10.3841,2765200,0,0
2016-12-20,16.76,16.8,16.55,16.73,10.409,2635800,0,0
2016-12-21,16.75,16.82,16.62,16.69,10.3841,1293700,0,0
2016-12-22,16.68,16.72,16.43,16.63,10.3468,6470000,0,0
2016-12-23,16.58,16.71,16.48,16.66,10.3654,990500,0,0
2016-12-27,16.67,16.8,16.54,16.68,10.3779,1050100,0,0
2016-12-28,16.69,16.69,16.34,16.45,10.2348,1397000,0,0
2016-12-29,16.44,16.68,16.275,16.38,10.1912,1010900,0,0
2016-12-30,16.41,16.54,16.25,16.43,10.2223,1553000,0,0
2017-01-03,16.64,16.9,16.36,16.62,10.3406,2919700,0,0
2017-01-04,16.33,16.84,16.33,16.83,10.4712,2787100,0,0
2017-01-05,16.8,16.95,16.44,16.52,10.2783,1972400,0,0
2017-01-06,16.68,16.945,16.56,16.81,10.4588,2240200,0,0
2017-01-09,16.75,16.785,16.42,16.5,10.2659,1893700,0,0
2017-01-10,16.61,16.92,16.5,16.82,10.465,2685400,0,0
2017-01-11,16.8,16.86,16.63,16.85,10.4837,2505100,0,0
2017-01-12,16.77,16.81,16.29,16.55,10.297,2154000,0,0
2017-01-13,16.64,17.05,16.56,16.85,10.4837,2185500,0,0
2017-01-17,16.58,16.605,15.675,15.77,9.81171,3640600,0,0
2017-01-18,15.78,16.07,15.06,16.05,9.98592,6852700,0,0
2017-01-19,15.76,15.92,15.56,15.86,9.8677,2760200,0,0
2017-01-20,15.94,16.26,15.77,15.96,9.92992,3225000,0,0
2017-01-23,15.93,16.16,15.7,15.91,9.89881,1945400,0,0
2017-01-24,16,16.29,15.85,16.21,10.0855,2842700,0,0
2017-01-25,15.19,15.785,15.11,15.72,9.7806,4151400,0,0
2017-01-26,15.5,15.5,15.2,15.29,9.51306,2985700,0,0
2017-01-27,15.25,15.32,15.12,15.21,9.46329,2174900,0,0
2017-01-30,15.04,15.13,14.76,15.11,9.40107,2015200,0,0
2017-01-31,15.07,15.28,14.76,15.04,9.35752,3265100,0,0
2017-02-01,15.17,15.39,14.94,15,9.33263,3864100,0,0
2017-02-02,14.94,15.24,14.9,15.11,9.40107,2629700,0,0
2017-02-03,15.22,15.505,15.13,15.49,9.6375,2813700,0,0
2017-02-06,15.39,15.61,15.29,15.48,9.63128,1964800,0,0
2017-02-07,15.48,15.55,15.21,15.33,9.53795,1869600,0,0
2017-02-08,15.26,15.35,15.08,15.29,9.51306,1688100,0,0
2017-02-09,15.38,15.51,15.24,15.39,9.57528,2593700,0,0
2017-02-10,15.47,15.66,15.39,15.58,9.69349,1474600,0,0
2017-02-13,15.67,15.84,15.57,15.66,9.74327,1830200,0,0
2017-02-14,15.53,15.86,15.52,15.79,9.82415,1740200,0,0
2017-02-15,15.71,15.844,15.535,15.69,9.76193,2188400,0,0
2017-02-16,15.66,15.76,15.44,15.49,9.6375,1780700,0,0
2017-02-17,15.43,15.5,15.02,15.45,9.61261,1852600,0,0
2017-02-21,15.45,15.76,15.4,15.46,9.61883,2068300,0,0
2017-02-22,15.37,15.6,15.32,15.51,9.64994,1569300,0,0
2017-02-23,15.54,15.7,15.27,15.47,9.62505,1439500,0,0
2017-02-24,15.25,15.505,15.12,15.38,9.56906,1554700,0,0
2017-02-27,15.38,15.62,15.35,15.57,9.68727,1326700,0,0
2017-02-28,15.55,15.57,15.18,15.41,9.58773,3356900,0,0
2017-03-01,15.44,15.82,15.22,15.34,9.64431,2611300,0.16,0
2017-03-02,15.3,15.353,14.93,14.93,9.38654,2710500,0,0
2017-03-03,15.02,15.1,14.75,14.905,9.37082,3047300,0,0
2017-03-06,14.72,14.85,14.36,14.6,9.17907,2595400,0,0
2017-03-07,14.64,14.83,14.51,14.54,9.14134,2810900,0,0
2017-03-08,14.56,14.795,14.43,14.51,9.12248,2693400,0,0
2017-03-09,14.55,14.695,14.36,14.46,9.09105,2071300,0,0
2017-03-10,14.53,14.66,14.355,14.52,9.12877,1870000,0,0
2017-03-13,14.55,14.61,14.44,14.51,9.12248,1511300,0,0
2017-03-14,14.4,14.5,14.14,14.46,9.09105,1891100,0,0
2017-03-15,14.52,14.75,14.49,14.66,9.21679,1742100,0,0
2017-03-16,14.78,14.84,14.52,14.64,9.20421,3089700,0,0
2017-03-17,14.69,15.02,14.615,14.99,9.42426,6737600,0,0
2017-03-20,14.93,14.99,14.67,14.71,9.24823,2185000,0,0
2017-03-21,14.78,14.78,14.05,14.06,8.83957,2911900,0,0
2017-03-22,13.98,14.06,13.77,13.92,8.75155,3719000,0,0
2017-03-23,13.96,14.195,13.87,14.03,8.82071,2867100,0,0
2017-03-24,14.02,14.11,13.87,13.99,8.79556,1768200,0,0
2017-03-27,13.79,14.02,13.67,14,8.80185,2008600,0,0
2017-03-28,13.96,14.62,13.75,14.5,9.11619,2181600,0,0
2017-03-29,14.49,14.655,14.4,14.52,9.12877,1524100,0,0
2017-03-30,14.53,14.93,14.38,14.87,9.34882,1527700,0,0
2017-03-31,14.82,14.92,14.73,14.76,9.27966,1961400,0,0
2017-04-03,14.83,14.92,14.54,14.75,9.27337,2609700,0,0
2017-04-04,14.67,14.825,14.54,14.73,9.2608,2203600,0,0
2017-04-05,14.85,14.97,14.41,14.43,9.07219,2970500,0,0
2017-04-06,14.44,14.72,14.36,14.62,9.19164,2256400,0,0
2017-04-07,14.56,14.79,14.46,14.68,9.22937,1934500,0,0
2017-04-10,14.73,14.89,14.585,14.63,9.19793,1925200,0,0
2017-04-11,14.52,14.9,14.46,14.89,9.36139,1593800,0,0
2017-04-12,14.88,14.925,14.575,14.67,9.22308,2401200,0,0
2017-04-13,14.6,14.95,14.6,14.68,9.22937,2313200,0,0
2017-04-17,14.71,14.96,14.61,14.93,9.38654,1636700,0,0
2017-04-18,14.81,15.12,14.78,15.05,9.46198,3190500,0,0
2017-04-19,15.1,15.19,14.15,15.11,9.4997,4949300,0,0
2017-04-20,15.13,16.13,15.09,16.01,10.0655,4143600,0,0
2017-04-21,16,16.39,15.77,15.78,9.92094,4301300,0,0
2017-04-24,16.16,16.24,15.76,15.76,9.90836,3788600,0,0
2017-04-25,15.88,15.98,15.8,15.87,9.97752,2038100,0,0
2017-04-26,15.92,16.05,15.73,15.86,9.97123,1809400,0,0
2017-04-27,15.86,15.96,15.53,15.54,9.77005,2348000,0,0
2017-04-28,15.51,15.51,15.115,15.2,9.55629,2792700,0,0
2017-05-01,15.23,15.48,15.205,15.45,9.71346,3756400,0,0
2017-05-02,15.46,15.51,15.27,15.41,9.68832,2536000,0,0
2017-05-03,15.34,15.5,15.29,15.45,9.71346,1912200,0,0
2017-05-04,15.5,15.67,15.115,15.16,9.53114,1848100,0,0
2017-05-05,15.18,15.285,14.97,14.98,9.41797,1833500,0,0
2017-05-08,15.02,15.09,14.68,14.74,9.26708,1915200,0,0
2017-05-09,14.74,14.83,14.52,14.6,9.17907,2608700,0,0
2017-05-10,14.52,14.595,14.2,14.47,9.09733,2887900,0,0
2017-05-11,14.4,14.47,14.16,14.35,9.02189,2737000,0,0
2017-05-12,14.3,14.32,13.96,14,8.80185,1889500,0,0
2017-05-15,14.01,14.4,14,14.4,9.05333,2840200,0,0
2017-05-16,14.4,14.5,14.31,14.42,9.0659,2353600,0,0
2017-05-17,14.12,14.19,13.61,13.64,8.57551,2528300,0,0
2017-05-18,13.62,13.82,13.36,13.71,8.61952,2467100,0,0
2017-05-19,13.73,14.14,13.655,13.94,8.76412,1912800,0,0
2017-05-22,14.06,14.13,13.92,14.07,8.84585,1688100,0,0
2017-05-23,14.05,14.34,13.97,14.24,8.95273,3004100,0,0
2017-05-24,14.29,14.42,14.18,14.41,9.05962,2456700,0,0
2017-05-25,14.4,14.6,14.31,14.39,9.04704,2465000,0,0
2017-05-26,14.33,14.555,14.27,14.48,9.10362,1803600,0,0
2017-05-30,14.38,14.77,14.34,14.68,9.22937,3536500,0,0
2017-05-31,14.6,14.6,14.06,14.43,9.17215,5220300,0.16,0
2017-06-01,14.48,14.645,14.3,14.63,9.29928,2537900,0,0
2017-06-02,14.61,14.62,14.2,14.22,9.03868,3431000,0,0
2017-06-05,14.21,14.39,14.09,14.27,9.07046,2003100,0,0
2017-06-06,14.14,14.455,14.02,14.43,9.17215,2092500,0,0
2017-06-07,14.52,14.7,14.46,14.63,9.29928,2704400,0,0
2017-06-08,14.6,15.06,14.52,14.91,9.47726,3129500,0,0
2017-06-09,14.96,15.39,14.96,15.26,9.69973,2689900,0,0
2017-06-12,15.23,15.67,15.21,15.48,9.83957,3164100,0,0
2017-06-13,15.5,15.65,15.33,15.57,9.89677,2689500,0,0
2017-06-14,15.48,15.695,15.26,15.65,9.94762,1921600,0,0
2017-06-15,15.54,15.97,15.54,15.85,10.0748,1989300,0,0
2017-06-16,15.57,15.86,15.43,15.525,9.86817,7499600,0,0
2017-06-19,15.62,16.525,15.405,16.43,10.4434,4101300,0,0
2017-06-20,16.39,16.57,16.27,16.44,10.4498,3096400,0,0
2017-06-21,16.4,16.43,15.78,15.98,10.1574,3294700,0,0
2017-06-22,15.97,16.02,15.72,15.87,10.0875,2330600,0,0
2017-06-23,15.95,16.165,15.82,15.96,10.1447,3278500,0,0
2017-06-26,16.05,16.43,15.99,16.29,10.3544,1930300,0,0
2017-06-27,16.33,16.56,16.3,16.49,10.4816,2000000,0,0
2017-06-28,16.59,16.71,16.41,16.65,10.5833,2583500,0,0
2017-06-29,16.75,16.97,16.46,16.64,10.5769,1967000,0,0
2017-06-30,16.72,16.8,16.59,16.65,10.5833,2313700,0,0
2017-07-03,16.8,16.93,16.65,16.81,10.685,1557700,0,0
2017-07-05,16.82,16.89,16.46,16.68,10.6023,3164600,0,0
2017-07-06,16.62,16.7,16.035,16.05,10.2019,4329300,0,0
2017-07-07,16.13,16.25,15.95,16.18,10.2845,2868600,0,0
2017-07-10,16.19,16.53,16.05,16.39,10.418,2297700,0,0
2017-07-11,16.35,16.4,16.16,16.32,10.3735,1292900,0,0
2017-07-12,16.34,16.665,16.29,16.57,10.5324,1365200,0,0
2017-07-13,16.6,16.72,16.29,16.63,10.5705,1836100,0,0
2017-07-14,16.5,16.685,16.37,16.57,10.5324,1199100,0,0
2017-07-17,16.52,16.68,16.4,16.49,10.4816,1882700,0,0
2017-07-18,16.43,16.48,16.242,16.4,10.4243,2104400,0,0
2017-07-19,16.92,16.92,15.27,15.29,9.7188,4403700,0,0
2017-07-20,15.2,15.29,14.89,14.93,9.48997,3467700,0,0
2017-07-21,14.94,15.09,14.8,14.95,9.50268,2394200,0,0
2017-07-24,14.9,15.07,14.82,14.86,9.44548,1815900,0,0
2017-07-25,14.96,15.235,14.84,15,9.53447,2814900,0,0
2017-07-26,14.95,14.99,14.61,14.65,9.312,2018300,0,0
2017-07-27,14.63,14.73,14.46,14.59,9.27385,1550000,0,0
2017-07-28,14.59,14.735,14.56,14.68,9.33107,1227800,0,0
2017-07-31,14.73,14.955,14.69,14.75,9.37556,1641800,0,0
2017-08-01,14.75,14.95,14.7,14.85,9.43912,1919400,0,0
2017-08-02,14.79,14.88,14.32,14.32,9.10224,2661300,0,0
2017-08-03,14.31,14.59,14.195,14.22,9.03868,1957800,0,0
2017-08-04,14.29,14.4,14.09,14.27,9.07046,3011400,0,0
2017-08-07,14.295,14.68,14.295,14.55,9.24843,1404900,0,0
2017-08-08,14.5,14.665,14.365,14.48,9.20394,1452600,0,0
2017-08-09,14.34,14.41,14.08,14.15,8.99418,1689500,0,0
2017-08-10,14.04,14.15,13.69,13.7,8.70815,1797900,0,0
2017-08-11,13.77,13.91,13.56,13.68,8.69543,1485300,0,0
2017-08-14,13.78,14.1,13.78,13.93,8.85434,1459000,0,0
2017-08-15,13.98,14.06,13.79,13.81,8.77807,1288600,0,0
2017-08-16,13.9,14.15,13.88,14,8.89884,1668600,0,0
2017-08-17,13.93,14.05,13.635,13.64,8.67001,1380700,0,0
2017-08-18,13.6,13.71,13.54,13.6,8.64458,1600900,0,0
2017-08-21,13.57,13.64,13.36,13.51,8.58737,1411400,0,0
2017-08-22,13.57,13.7,13.51,13.66,8.68272,1291000,0,0
2017-08-23,13.54,13.81,13.44,13.63,8.66365,1154100,0,0
2017-08-24,13.69,13.74,13.6,13.62,8.65729,1000600,0,0
2017-08-25,13.67,13.79,13.63,13.63,8.66365,1077900,0,0
2017-08-28,13.67,13.72,13.51,13.6,8.64458,1127700,0,0
2017-08-29,13.38,13.64,13.38,13.52,8.59373,1563300,0,0
2017-08-30,13.38,13.455,13.25,13.28,8.54227,2187100,0.16,0
2017-08-31,13.39,13.39,13.17,13.2,8.49081,3318200,0,0
2017-09-01,13.25,13.8,13.25,13.75,8.8446,3378700,0,0
2017-09-05,13.86,13.96,13.62,13.84,8.90249,2894800,0,0
2017-09-06,13.91,14.205,13.76,13.8,8.87676,3066000,0,0
2017-09-07,13.78,13.8,13.09,13.14,8.45222,3294600,0,0
2017-09-08,13.36,13.91,13.27,13.51,8.69022,4252800,0,0
2017-09-11,13.61,14.21,13.61,14.13,9.08903,3198600,0,0
2017-09-12,14.14,14.57,14.04,14.42,9.27557,2487900,0,0
2017-09-13,14.41,14.58,14.36,14.44,9.28843,2254100,0,0
2017-09-14,14.22,14.351,13.76,13.78,8.86389,3936800,0,0
2017-09-15,13.75,13.94,13.55,13.94,8.96682,7229100,0,0
2017-09-18,14.03,14.16,13.84,13.96,8.97968,3333400,0,0
2017-09-19,13.95,14.12,13.87,14.07,9.05043,1803800,0,0
2017-09-20,14.05,14.15,13.8,14.06,9.044,2275500,0,0
2017-09-21,14.08,14.13,13.76,14.03,9.02471,2658000,0,0
2017-09-22,14.02,14.8,14,14.78,9.50713,2810100,0,0
2017-09-25,14.78,14.97,14.64,14.82,9.53287,2041200,0,0
2017-09-26,14.86,15.22,14.7,15.18,9.76444,2797300,0,0
2017-09-27,15.25,15.605,15.09,15.53,9.98957,2746100,0,0
2017-09-28,15.56,15.61,14.885,14.92,9.59719,3877000,0,0
2017-09-29,14.95,15.22,14.89,15.02,9.66151,2675500,0,0
2017-10-02,15.01,15.02,14.69,14.9,9.58433,4943600,0,0
2017-10-03,14.97,15.1,14.91,14.96,9.62292,1694800,0,0
2017-10-04,14.96,14.97,14.65,14.7,9.45568,2076700,0,0
2017-10-05,13.86,13.94,12.554,12.605,8.10809,15151900,0,0
2017-10-06,12.61,12.78,12.51,12.6,8.10487,5211000,0,0
2017-10-09,12.71,12.71,12.09,12.22,7.86043,4379500,0,0
2017-10-10,12.28,12.53,12.24,12.47,8.02125,4037600,0,0
2017-10-11,12.43,12.47,11.71,11.79,7.58384,6284000,0,0
2017-10-12,11.76,11.98,11.67,11.8,7.59027,6118700,0,0
2017-10-13,11.77,11.88,11.481,11.62,7.47449,3938700,0,0
2017-10-16,11.58,11.76,11.51,11.73,7.54524,3978000,0,0
2017-10-17,11.96,12.285,11.71,12.2,7.84757,8466400,0,0
2017-10-18,12.38,12.45,11.93,11.98,7.70606,5183900,0,0
2017-10-19,11.93,12.4,11.85,12.31,7.91833,3784600,0,0
2017-10-20,12.46,12.51,12.25,12.36,7.95049,4259800,0,0
2017-10-23,12.34,12.43,12.14,12.18,7.8347,2741700,0,0
2017-10-24,12.25,12.25,12.06,12.1,7.78325,2975800,0,0
2017-10-25,12.36,12.37,11.54,11.79,7.58384,6657100,0,0
2017-10-26,11.84,12.18,11.8,11.95,7.68676,5395500,0,0
2017-10-27,11.88,12.02,11.71,11.85,7.62243,3526700,0,0
2017-10-30,11.81,12.09,11.71,11.83,7.60957,5152800,0,0
2017-10-31,11.85,12.5,11.81,12.46,8.01481,5168900,0,0
2017-11-01,12.46,12.665,12.06,12.1,7.78325,5353400,0,0
2017-11-02,12.11,12.42,11.91,12.36,7.95049,6609500,0,0
2017-11-03,12.33,12.42,12.09,12.22,7.86043,3923200,0,0
2017-11-06,12.17,12.59,12.105,12.38,7.96335,3132600,0,0
2017-11-07,12.35,12.415,12.07,12.09,7.77681,2511900,0,0
2017-11-08,12.11,12.35,11.88,12.05,7.75108,2538000,0,0
2017-11-09,11.96,12.33,11.91,12.14,7.80898,2526000,0,0
2017-11-10,12.1,12.28,12.045,12.21,7.854,2371900,0,0
2017-11-13,12.16,12.17,11.84,12.08,7.77038,2585800,0,0
2017-11-14,12.01,12.43,11.865,12.35,7.94406,5162800,0,0
2017-11-15,12.19,12.67,11.94,12.61,8.1113,5210600,0,0
2017-11-16,12.62,12.95,12.4,12.76,8.20778,4847400,0,0
2017-11-17,12.55,12.84,12.43,12.49,8.03411,4874600,0,0
2017-11-20,12.5,12.83,12.43,12.82,8.24638,3530300,0,0
2017-11-21,12.85,12.9,12.325,12.59,8.09843,3921100,0,0
2017-11-22,12.62,12.73,12.39,12.45,8.00838,2174600,0,0
2017-11-24,12.49,12.54,12.28,12.34,7.93762,1252800,0,0
2017-11-27,12.35,12.35,11.95,11.98,7.70606,3549900,0,0
2017-11-28,11.94,12.5,11.86,12.46,8.01481,3668900,0,0
2017-11-29,12.16,12.88,11.88,12.83,8.25282,5452000,0,0
2017-11-30,12.69,12.83,12.36,12.61,8.21373,20582400,0.16,0
2017-12-01,12.65,13.1,12.41,13.01,8.47428,5355900,0,0
2017-12-04,13.25,13.37,13.06,13.27,8.64363,5168200,0,0
2017-12-05,13.3,13.42,13.03,13.13,8.55244,3389900,0,0
2017-12-06,13.16,13.175,12.825,12.91,8.40914,2958000,0,0
2017-12-07,12.88,13.02,12.67,12.73,8.29189,5089000,0,0
2017-12-08,12.82,12.87,12.19,12.76,8.31144,5990800,0,0
2017-12-11,12.83,12.94,12.6,12.76,8.31144,4837400,0,0
2017-12-12,12.8,13.21,12.77,12.96,8.44171,4229100,0,0
2017-12-13,12.94,13.305,12.9,12.94,8.42868,6669700,0,0
2017-12-14,12.91,13.14,12.58,12.62,8.22025,5138300,0,0
2017-12-15,12.64,13.27,12.56,13.2,8.59804,12664100,0,0
2017-12-18,13.34,13.53,13.21,13.27,8.64363,4178700,0,0
2017-12-19,13.31,13.38,13.13,13.13,8.55244,3371100,0,0
2017-12-20,13.2,13.22,13,13.09,8.52638,2911600,0,0
2017-12-21,13.16,13.285,13.07,13.12,8.54593,2370400,0,0
2017-12-22,13.27,13.38,13.16,13.35,8.69574,2534400,0,0
2017-12-26,13.38,13.64,13.35,13.46,8.76739,1736600,0,0
2017-12-27,13.46,13.58,13.16,13.21,8.60455,1750200,0,0
2017-12-28,13.23,13.4,13.144,13.37,8.70877,1343000,0,0
2017-12-29,13.4,13.515,13.27,13.32,8.6762,1856500,0,0
2018-01-02,13.45,13.77,13.34,13.63,8.87813,3568200,0,0
2018-01-03,13.57,13.79,13.55,13.78,8.97583,2737000,0,0
2018-01-04,13.86,14.03,13.805,13.94,9.08005,2975800,0,0
2018-01-05,14,14.03,13.82,14.01,9.12565,2062800,0,0
2018-01-08,13.97,13.98,13.48,13.69,8.91721,3288900,0,0
2018-01-09,13.64,13.71,13.48,13.52,8.80648,3381700,0,0
2018-01-10,13.61,13.78,13.54,13.68,8.91069,3608300,0,0
2018-01-11,13.74,14.06,13.73,13.97,9.09959,3750600,0,0
2018-01-12,13.71,14.03,13.66,13.88,9.04097,3882800,0,0
2018-01-16,14,14.13,13.73,13.75,8.95629,3871200,0,0
2018-01-17,13.83,13.9,13.62,13.71,8.93023,1948100,0,0
2018-01-18,13.67,13.81,13.3,13.35,8.69574,2560900,0,0
2018-01-19,13.31,13.61,13.31,13.6,8.85858,3080300,0,0
2018-01-22,13.62,13.685,13.45,13.52,8.80648,3511300,0,0
2018-01-23,13.46,13.59,13.15,13.44,8.75437,5346200,0,0
2018-01-24,13.27,14.65,13.27,14.51,9.45133,8550700,0,0
2018-01-25,14.76,14.87,14.565,14.66,9.54903,2932500,0,0
2018-01-26,14.65,14.7,14.27,14.54,9.47087,2207800,0,0
2018-01-29,14.48,14.58,14.38,14.39,9.37316,2152700,0,0
2018-01-30,14.29,14.49,14.23,14.23,9.26894,2890300,0,0
2018-01-31,14.23,14.45,14.13,14.25,9.28197,2616800,0,0
2018-02-01,14.19,14.55,14.09,14.53,9.46435,2643100,0,0
2018-02-02,14.5,14.515,14.075,14.21,9.25592,3150500,0,0
2018-02-05,14.04,14.23,13.425,13.63,8.87813,3943300,0,0
2018-02-06,13.19,13.81,13.08,13.76,8.9628,3963900,0,0
2018-02-07,13.66,14.25,13.66,14.04,9.14518,4277500,0,0
2018-02-08,14.02,14.08,13.38,13.38,8.71528,3328700,0,0
2018-02-09,13.58,13.71,12.98,13.46,8.76739,5059700,0,0
2018-02-12,13.49,13.66,13.165,13.56,8.83253,2095900,0,0
2018-02-13,13.47,13.67,13.4,13.6,8.85858,2088500,0,0
2018-02-14,13.5,14.02,13.46,14,9.11913,1974500,0,0
2018-02-15,14.09,14.1,13.64,13.8,8.98886,2485300,0,0
2018-02-16,13.75,14.04,13.75,13.99,9.11262,1689400,0,0
2018-02-20,13.96,14.12,13.54,13.64,8.88464,3118200,0,0
2018-02-21,13.61,13.78,13.42,13.43,8.74785,2239700,0,0
2018-02-22,13.47,13.515,13.05,13.07,8.51336,2246400,0,0
2018-02-23,13.13,13.27,13.115,13.23,8.61758,1568600,0,0
2018-02-26,13.27,13.35,13.005,13.25,8.63061,1502200,0,0
2018-02-27,13.3,13.43,13.04,13.07,8.51336,2818400,0,0
2018-02-28,13.12,13.33,12.95,12.96,8.44171,3174800,0,0
2018-03-01,12.73,13.16,12.7,12.95,8.54064,3511700,0.16,0
2018-03-02,12.83,13.185,12.76,13.16,8.67913,2064200,0,0
2018-03-05,13.04,13.46,13.03,13.43,8.8572,2330800,0,0
2018-03-06,13.48,13.55,13.25,13.48,8.89017,1532600,0,0
2018-03-07,13.34,13.56,13.34,13.53,8.92315,1915300,0,0
2018-03-08,13.56,13.899,13.405,13.57,8.94953,1306800,0,0
2018-03-09,13.7,13.86,13.59,13.86,9.14079,1807500,0,0
2018-03-12,13.82,13.85,13.42,13.46,8.87698,2089700,0,0
2018-03-13,13.59,13.71,13.415,13.47,8.88358,1500400,0,0
2018-03-14,13.54,13.55,13.2,13.24,8.73189,1631400,0,0
2018-03-15,13.31,13.31,13.03,13.21,8.71211,1822100,0,0
2018-03-16,13.26,13.6,13.155,13.51,8.90996,5973900,0,0
2018-03-19,13.51,13.64,13.29,13.47,8.88358,1785700,0,0
2018-03-20,13.47,13.59,13.3,13.31,8.77806,1422400,0,0
2018-03-21,13.34,13.54,13.3,13.43,8.8572,1343000,0,0
2018-03-22,13.33,13.44,13.11,13.12,8.65275,2611200,0,0
2018-03-23,13.18,13.29,12.6,12.63,8.32959,2733600,0,0
2018-03-26,12.8,13.06,12.75,13.06,8.61318,2938300,0,0
2018-03-27,13.05,13.1,12.68,12.75,8.40873,2512400,0,0
2018-03-28,12.8,13.245,12.72,13.19,8.69892,2800900,0,0
2018-03-29,13.21,13.4,13.12,13.12,8.65275,2961800,0,0
2018-04-02,13.12,13.185,12.655,12.69,8.36916,3325000,0,0
2018-04-03,12.75,12.84,12.38,12.58,8.29662,4931400,0,0
2018-04-04,12.38,12.9,12.38,12.84,8.46809,3469900,0,0
2018-04-05,13.14,13.72,13.1,13.66,9.00888,4276800,0,0
2018-04-06,13.51,13.62,13.23,13.44,8.8638,2535300,0,0
2018-04-09,13.49,13.69,13.35,13.36,8.81103,2216600,0,0
2018-04-10,13.55,13.55,13.25,13.39,8.83082,2156400,0,0
2018-04-11,13.23,13.36,13.1,13.29,8.76487,2046900,0,0
2018-04-12,13.33,13.48,13.33,13.38,8.82423,1160400,0,0
2018-04-13,13.47,13.48,13.165,13.27,8.75168,1529700,0,0
2018-04-16,13.34,13.47,13.28,13.39,8.83082,1865400,0,0
2018-04-17,13.39,13.49,13.2,13.25,8.73849,1949300,0,0
2018-04-18,13.26,13.39,13.145,13.25,8.73849,1980600,0,0
2018-04-19,13.18,13.43,13.12,13.23,8.7253,2014200,0,0
2018-04-20,13.29,13.435,13.12,13.28,8.75827,2351600,0,0
2018-04-23,13.27,13.5,13.24,13.42,8.85061,2249800,0,0
2018-04-24,13.52,13.745,13.35,13.5,8.90336,3072600,0,0
2018-04-25,13.6,13.7,13.03,13.26,8.74509,2549700,0,0
2018-04-26,13.23,13.48,13.07,13.44,8.8638,2667600,0,0
2018-04-27,13.42,13.45,13.25,13.36,8.81103,2420800,0,0
2018-04-30,13.42,13.51,13.26,13.26,8.74509,1888400,0,0
2018-05-01,13.21,13.46,12.86,13.15,8.67254,1625200,0,0
2018-05-02,13.11,13.36,12.95,13.25,8.73849,5193400,0,0
2018-05-03,13.17,13.32,13.02,13.29,8.76487,3171500,0,0
2018-05-04,13.21,13.65,13.18,13.48,8.89017,2883200,0,0
2018-05-07,13.45,13.57,12.96,13.25,8.73849,4059500,0,0
2018-05-08,13.14,13.19,12.81,12.99,8.56701,4596300,0,0
2018-05-09,13.08,13.42,13.07,13.33,8.79125,2492300,0,0
2018-05-10,13.34,13.66,13.28,13.57,8.94953,2190400,0,0
2018-05-11,13.6,13.69,13.44,13.47,8.88358,2010700,0,0
2018-05-14,13.5,13.71,13.47,13.65,9.00229,2203900,0,0
2018-05-15,13.75,14,13.66,13.98,9.21993,3799800,0,0
2018-05-16,13.95,14.24,13.83,14.14,9.32545,2865100,0,0
2018-05-17,14.18,14.25,14.065,14.13,9.31886,1572800,0,0
2018-05-18,14.09,14.21,14.01,14.07,9.27928,1862900,0,0
2018-05-21,14.12,14.32,14.05,14.27,9.41119,2188200,0,0
2018-05-22,14.28,14.53,14.27,14.41,9.50352,2796200,0,0
2018-05-23,14.37,14.47,14.28,14.39,9.49033,2304300,0,0
2018-05-24,14.31,14.61,14.255,14.59,9.62223,2360700,0,0
2018-05-25,14.53,14.655,14.43,14.53,9.58266,2062200,0,0
2018-05-29,14.4,14.47,13.91,13.92,9.18036,2906200,0,0
2018-05-30,14.02,14.23,14,14.17,9.34524,2854300,0,0
2018-05-31,14.03,14.12,13.71,13.81,9.21183,2467800,0.16,0
2018-06-01,14.51,14.51,14.02,14.3,9.53868,4893200,0,0
2018-06-04,14.3,14.75,14.215,14.37,9.58537,64238000,0,0
2018-06-05,14.54,14.86,14.43,14.79,9.86553,8312300,0,0
2018-06-06,14.9,14.92,14.6,14.9,9.9389,4524700,0,0
2018-06-07,14.93,15.025,14.78,14.88,9.92556,2987300,0,0
2018-06-08,14.77,14.86,14.54,14.8,9.8722,2045600,0,0
2018-06-11,14.86,14.86,14.495,14.58,9.72545,3357100,0,0
2018-06-12,14.53,14.69,14.135,14.21,9.47864,3818400,0,0
2018-06-13,14.23,14.28,13.72,13.73,9.15846,3363700,0,0
2018-06-14,13.75,13.833,13.425,13.49,8.99837,5515000,0,0
2018-06-15,13.34,13.41,12.53,13.11,8.7449,20183400,0,0
2018-06-18,12.99,13.375,12.97,13.32,8.88498,3240600,0,0
2018-06-19,13.21,13.37,13.16,13.35,8.90499,2346000,0,0
2018-06-20,13.43,13.46,13.23,13.23,8.82494,1904000,0,0
2018-06-21,13.27,13.33,13.07,13.28,8.8583,3264400,0,0
2018-06-22,13.38,13.52,13.37,13.38,8.925,3395800,0,0
2018-06-25,13.29,13.37,13.1,13.26,8.84496,2537600,0,0
2018-06-26,13.29,13.29,13.1,13.22,8.81827,1418200,0,0
2018-06-27,13.28,13.42,13.11,13.11,8.7449,1614500,0,0
2018-06-28,13.09,13.16,12.88,13.05,8.70487,1526900,0,0
2018-06-29,13.05,13.235,12.995,13.03,8.69154,2563100,0,0
2018-07-02,12.91,13.255,12.91,13.23,8.82494,2565400,0,0
2018-07-03,13.28,13.48,13.03,13.04,8.6982,1279100,0,0
2018-07-05,13.06,13.15,12.98,13.14,8.76491,1546300,0,0
2018-07-06,13.15,13.3,13.08,13.16,8.77825,936900,0,0
2018-07-09,13.31,13.615,13.27,13.49,8.99837,1605500,0,0
2018-07-10,13.52,13.91,13.518,13.87,9.25185,2527100,0,0
2018-07-11,13.82,13.855,13.67,13.78,9.19182,2605900,0,0
2018-07-12,13.85,13.857,13.64,13.66,9.11177,3112000,0,0
2018-07-13,13.63,13.68,13.38,13.43,8.95835,2065300,0,0
2018-07-16,13.47,13.83,13.44,13.83,9.22517,2073900,0,0
2018-07-17,13.82,13.88,13.7,13.81,9.21183,2353300,0,0
2018-07-18,13.79,13.97,13.77,13.87,9.25185,1421400,0,0
2018-07-19,13.86,14.125,13.785,14,9.33856,2514100,0,0
2018-07-20,14,14.14,13.8,13.95,9.30521,1866600,0,0
2018-07-23,13.96,14.135,13.93,14.06,9.37859,907600,0,0
2018-07-24,14.14,14.29,14.03,14.1,9.40527,3112700,0,0
2018-07-25,13.6,13.78,12.97,13.17,8.78492,4304800,0,0
2018-07-26,13.2,13.36,13.108,13.23,8.82494,2454300,0,0
2018-07-27,13.26,13.37,13.195,13.29,8.86497,1938100,0,0
2018-07-30,13.32,13.52,13.3,13.4,8.93834,1088900,0,0
2018-07-31,13.45,13.48,13.18,13.21,8.8116,2689500,0,0
2018-08-01,13.25,13.46,13.18,13.23,8.82494,1320400,0,0
2018-08-02,13.16,13.27,13.1,13.22,8.81827,992700,0,0
2018-08-03,13.12,13.39,13.06,13.21,8.8116,1338400,0,0
2018-08-06,13.22,13.25,13.03,13.14,8.76491,825700,0,0
2018-08-07,13.16,13.34,13.06,13.21,8.8116,1012200,0,0
2018-08-08,13.25,13.25,13.11,13.18,8.79159,1215000,0,0
2018-08-09,13.16,13.37,13.155,13.33,8.89165,1491800,0,0
2018-08-10,13.19,13.32,13.06,13.24,8.83161,897500,0,0
2018-08-13,13.22,13.28,12.945,13.03,8.69154,1335700,0,0
2018-08-14,13.1,13.22,13.06,13.1,8.73823,1834800,0,0
2018-08-15,13.01,13.06,12.91,12.97,8.65151,3784100,0,0
2018-08-16,13.05,13.49,12.96,13.39,8.93167,3940700,0,0
2018-08-17,13.36,13.44,13.34,13.36,8.91166,988700,0,0
2018-08-20,13.3,13.45,13.25,13.37,8.91833,1434600,0,0
2018-08-21,13.41,13.73,13.4,13.55,9.0384,1411900,0,0
2018-08-22,13.51,13.62,13.4,13.46,8.97836,1406700,0,0
2018-08-23,13.47,13.5,13.25,13.26,8.84496,1408500,0,0
2018-08-24,13.34,13.36,13.18,13.28,8.8583,1607700,0,0
2018-08-27,13.38,13.53,13.2,13.43,8.95835,1868500,0,0
2018-08-28,13.49,13.62,13.4,13.42,8.95168,1625500,0,0
2018-08-29,13.46,13.52,13.32,13.4,8.93834,1014000,0,0
2018-08-30,13.4,13.61,13.34,13.55,9.0384,1126600,0,0
2018-08-31,13.54,13.67,13.435,13.64,9.09843,1335400,0,0
2018-09-04,13.57,13.755,13.54,13.58,9.05841,1727400,0,0
2018-09-05,13.57,13.88,13.57,13.85,9.23851,1815300,0,0
2018-09-06,13.68,13.85,13.51,13.52,9.12379,1184500,0.16,0
2018-09-07,13.51,13.54,13.38,13.47,9.09005,1077900,0,0
2018-09-10,13.53,13.64,13.45,13.48,9.09679,1248700,0,0
2018-09-11,13.5,13.665,13.428,13.58,9.16428,1038500,0,0
2018-09-12,13.59,13.61,13.31,13.36,9.01581,1187900,0,0
2018-09-13,13.46,13.745,13.345,13.73,9.2655,2027500,0,0
2018-09-14,13.73,13.995,13.705,13.88,9.36673,2050000,0,0
2018-09-17,13.87,14.09,13.77,13.8,9.31274,2264300,0,0
2018-09-18,13.81,14.23,13.69,14.11,9.52194,2580800,0,0
2018-09-19,14.08,14.43,14.05,14.31,9.65691,3159200,0,0
2018-09-20,14.37,14.48,14.21,14.43,9.73789,2593500,0,0
2018-09-21,14.41,14.471,14.34,14.36,9.69065,6879800,0,0
2018-09-24,14.45,14.45,13.78,14,9.44771,2392200,0,0
2018-09-25,13.96,14.05,13.87,14,9.44771,1646200,0,0
2018-09-26,14.01,14.01,13.54,13.59,9.17103,2312400,0,0
2018-09-27,13.63,13.63,13.428,13.47,9.09005,1537200,0,0
2018-09-28,13.43,13.6,13.38,13.48,9.09679,2096500,0,0
2018-10-01,13.55,13.63,13.34,13.58,9.16428,2060300,0,0
2018-10-02,13.63,13.75,13.495,13.53,9.13054,1846600,0,0
2018-10-03,13.65,13.9,13.5,13.71,9.25201,1576900,0,0
2018-10-04,13.75,13.91,13.53,13.57,9.15753,1469900,0,0
2018-10-05,13.57,13.59,13.34,13.36,9.01581,1341800,0,0
2018-10-08,13.36,13.47,13.295,13.46,9.0833,2947500,0,0
2018-10-09,13.38,13.38,13.11,13.15,8.8741,2337100,0,0
2018-10-10,13.1,13.25,12.87,12.9,8.70539,2193400,0,0
2018-10-11,12.8,12.83,12.48,12.54,8.46245,1749800,0,0
2018-10-12,12.73,12.753,12.105,12.33,8.32073,1483700,0,0
2018-10-15,12.35,12.57,12.3,12.44,8.39496,1080100,0,0
2018-10-16,12.52,12.72,12.28,12.71,8.57717,1253800,0,0
2018-10-17,12.66,12.77,12.47,12.66,8.54343,1265200,0,0
2018-10-18,12.66,12.87,12.41,12.48,8.42196,1160800,0,0
2018-10-19,12.49,12.725,12.39,12.57,8.48269,1269900,0,0
2018-10-22,12.61,12.65,12.38,12.52,8.44895,2312700,0,0
2018-10-23,12.34,12.45,12.205,12.4,8.36797,1985100,0,0
2018-10-24,13.17,13.17,11.775,11.85,7.99681,2752600,0,0
2018-10-25,12,12.025,11.69,11.93,8.0508,2035600,0,0
2018-10-26,11.83,11.875,11.6,11.71,7.90233,2488100,0,0
2018-10-29,11.85,11.925,11.34,11.43,7.71338,3182800,0,0
2018-10-30,11.49,11.71,11.3,11.57,7.80786,2682600,0,0
2018-10-31,11.6,11.795,11.46,11.58,7.81461,2705300,0,0
2018-11-01,11.7,12.09,11.63,12.02,8.11153,3067000,0,0
2018-11-02,12.12,12.21,11.76,11.86,8.00356,2022000,0,0
2018-11-05,11.86,12.15,11.83,12.09,8.15877,2319300,0,0
2018-11-06,12.1,12.335,12.04,12.27,8.28024,2137700,0,0
2018-11-07,12.31,12.69,12.26,12.63,8.52319,2051000,0,0
2018-11-08,12.6,12.72,12.54,12.63,8.52319,1376900,0,0
2018-11-09,12.57,12.7,12.52,12.62,8.51643,1473500,0,0
2018-11-12,12.61,12.7,12.525,12.54,8.46245,1548700,0,0
2018-11-13,12.57,12.85,12.57,12.76,8.61091,1705900,0,0
2018-11-14,12.85,12.875,12.505,12.65,8.53668,1396400,0,0
2018-11-15,12.48,12.85,12.43,12.75,8.60416,1899100,0,0
2018-11-16,12.64,12.74,12.11,12.16,8.20601,3047000,0,0
2018-11-19,12.11,12.25,11.98,12,8.09804,2816200,0,0
2018-11-20,11.87,11.87,10.69,10.73,7.24099,4826700,0,0
2018-11-21,10.75,11.37,10.75,11.2,7.55817,3151600,0,0
2018-11-23,11.15,11.31,11.08,11.14,7.51768,942700,0,0
2018-11-26,11.33,11.48,11.245,11.35,7.65939,1621500,0,0
2018-11-27,11.33,11.36,11.005,11.08,7.47719,1854700,0,0
2018-11-28,11.15,11.27,10.92,11.21,7.56491,2597200,0,0
2018-11-29,11.21,11.63,11.1,11.45,7.72688,2791700,0,0
2018-11-30,11.4,11.605,11.3,11.5,7.76062,3979800,0,0
2018-12-03,11.68,11.82,11.21,11.38,7.67964,2258600,0,0
2018-12-04,11.33,11.46,10.76,10.82,7.30173,1965300,0,0
2018-12-06,10.6,10.85,10.379,10.81,7.40447,3452700,0.16,0
2018-12-07,10.81,10.975,10.46,10.64,7.28803,2610400,0,0
2018-12-10,10.61,10.64,10.06,10.19,6.9798,2723300,0,0
2018-12-11,10.34,10.49,9.89,9.93,6.80171,2578700,0,0
2018-12-12,10,10.325,10,10.17,6.9661,1953800,0,0
2018-12-13,10.2,10.24,9.81,9.85,6.74691,1882100,0,0
2018-12-14,9.76,9.98,9.53,9.59,6.56882,2821000,0,0
2018-12-17,9.53,9.65,9.24,9.33,6.39072,2939600,0,0
2018-12-18,9.34,9.515,9.07,9.11,6.24003,2715500,0,0
2018-12-19,9.16,9.29,8.59,8.69,5.95235,3437900,0,0
2018-12-20,8.6,8.78,8.53,8.7,5.9592,3356900,0,0
2018-12-21,8.77,8.86,8.42,8.54,5.8496,5204700,0,0
2018-12-24,8.48,8.62,8.35,8.43,5.77426,1743800,0,0
2018-12-26,8.47,8.86,8.23,8.85,6.06194,2371200,0,0
2018-12-27,8.68,8.82,8.52,8.81,6.03454,2848800,0,0
2018-12-28,8.83,9.04,8.77,8.85,6.06194,1903000,0,0
2018-12-31,8.92,8.92,8.67,8.81,6.03454,1947100,0,0
2019-01-02,8.68,9.29,8.64,9.29,6.36333,2378400,0,0
2019-01-03,9.23,9.575,9.12,9.45,6.47292,2889900,0,0
2019-01-04,9.6,9.96,9.6,9.83,6.73321,2800000,0,0
2019-01-07,9.87,10.17,9.8,10.05,6.8839,2920500,0,0
2019-01-08,10.14,10.33,10.03,10.18,6.97295,2390600,0,0
2019-01-09,10.22,10.47,10.15,10.39,7.11679,1636000,0,0
2019-01-10,10.36,10.475,10.245,10.45,7.15789,2039400,0,0
2019-01-11,10.36,10.5,10.25,10.39,7.11679,2082000,0,0
2019-01-14,10.31,10.49,10.2,10.41,7.13049,1508400,0,0
2019-01-15,10.4,10.48,10.28,10.46,7.16474,1581700,0,0
2019-01-16,10.59,10.815,10.58,10.65,7.29488,2520400,0,0
2019-01-17,10.58,10.695,10.5,10.56,7.23323,2205500,0,0
2019-01-18,10.67,10.94,10.65,10.91,7.47297,1777800,0,0
2019-01-22,10.83,10.915,10.68,10.85,7.43187,2991000,0,0
2019-01-23,11.6,11.61,10.8,11.11,7.60996,2585600,0,0
2019-01-24,11.09,11.525,11.047,11.44,7.836,2150200,0,0
2019-01-25,11.6,11.63,11.44,11.54,7.9045,2168700,0,0
2019-01-28,11.37,11.54,11.33,11.44,7.836,1613800,0,0
2019-01-29,11.4,11.52,11.34,11.45,7.84285,1750000,0,0
2019-01-30,11.46,11.57,11.3,11.45,7.84285,1737500,0,0
2019-01-31,11.41,11.49,11.28,11.4,7.8086,2384700,0,0
2019-02-01,11.4,11.52,11.32,11.44,7.836,1492900,0,0
2019-02-04,11.4,11.55,11.28,11.4,7.8086,1745900,0,0
2019-02-05,11.41,11.5,11.32,11.44,7.836,1297300,0,0
2019-02-06,11.42,11.475,11.34,11.42,7.8223,1611700,0,0
2019-02-07,11.4,11.51,11.295,11.37,7.78806,1459100,0,0
2019-02-08,11.26,11.36,11.12,11.25,7.70586,1436500,0,0
2019-02-11,11.27,11.405,11.27,11.39,7.80175,1285400,0,0
2019-02-12,11.45,11.69,11.43,11.58,7.93189,1662000,0,0
2019-02-13,11.64,11.78,11.57,11.69,8.00724,1203800,0,0
2019-02-14,11.62,11.705,11.51,11.62,7.95929,1206100,0,0
2019-02-15,11.7,11.875,11.61,11.73,8.03464,1754300,0,0
2019-02-19,12.56,12.9,12.31,12.79,8.76071,6228700,0,0
2019-02-20,12.82,12.85,12.55,12.66,8.67166,4288200,0,0
2019-02-21,11.94,12.34,11.86,12.32,8.43877,3545300,0,0
2019-02-22,12.4,12.46,12.27,12.44,8.52097,1583600,0,0
2019-02-25,12.51,12.67,12.47,12.59,8.62371,2563100,0,0
2019-02-26,12.55,12.655,12.47,12.6,8.63056,2243000,0,0
2019-02-27,12.64,12.64,12.45,12.55,8.59632,1733200,0,0
2019-02-28,12.51,12.51,12.22,12.22,8.47837,2461000,0.16,0
2019-03-01,12.33,12.4,12.18,12.21,8.47143,2054400,0,0
2019-03-04,12.19,12.36,12.08,12.12,8.40898,2157700,0,0
2019-03-05,11.99,12.15,11.97,11.98,8.31185,1744900,0,0
2019-03-06,12.02,12.03,11.81,11.81,8.1939,1881800,0,0
2019-03-07,11.85,11.855,11.51,11.54,8.00657,1541500,0,0
2019-03-08,11.44,11.85,11.42,11.73,8.1384,1312000,0,0
2019-03-11,11.76,11.82,11.54,11.75,8.15227,1412900,0,0
2019-03-12,11.77,12.39,11.58,11.75,8.15227,2474400,0,0
2019-03-13,11.82,11.87,11.71,11.8,8.18697,1553600,0,0
2019-03-14,11.8,11.95,11.78,11.85,8.22166,1652000,0,0
2019-03-15,11.84,12.07,11.81,12.03,8.34654,4579700,0,0
2019-03-18,12.11,12.25,12.11,12.14,8.42286,1307100,0,0
2019-03-19,12.22,12.23,11.94,11.96,8.29797,1408100,0,0
2019-03-20,11.95,11.95,11.72,11.79,8.18003,1779700,0,0
2019-03-21,11.73,12.13,11.67,12.04,8.35348,1272200,0,0
2019-03-22,11.95,11.95,11.48,11.59,8.04126,1694700,0,0
2019-03-25,11.57,11.76,11.46,11.59,8.04126,1316900,0,0
2019-03-26,11.67,11.76,11.49,11.62,8.06208,1466700,0,0
2019-03-27,11.65,11.74,11.55,11.56,8.02045,1793400,0,0
2019-03-28,11.58,11.785,11.58,11.73,8.1384,1123000,0,0
2019-03-29,11.85,11.945,11.54,11.57,8.02739,1941000,0,0
2019-04-01,11.71,12.11,11.69,12.1,8.39511,1516500,0,0
2019-04-02,12.08,12.19,11.8,11.83,8.20778,1457600,0,0
2019-04-03,11.89,12.11,11.89,11.98,8.31185,1208600,0,0
2019-04-04,12.03,12.22,11.95,12.21,8.47143,1430900,0,0
2019-04-05,12.25,12.335,12.14,12.17,8.44368,1081600,0,0
2019-04-08,12.2,12.27,12.055,12.26,8.50612,1831600,0,0
2019-04-09,12.23,12.24,11.9,11.92,8.27022,1328500,0,0
2019-04-10,11.97,12.18,11.955,12.15,8.4298,1080400,0,0
2019-04-11,12.2,12.25,12.04,12.16,8.43674,971800,0,0
2019-04-12,12.33,12.515,12.24,12.42,8.61713,1116200,0,0
2019-04-15,12.4,12.46,12.24,12.27,8.51306,954500,0,0
2019-04-16,12.34,12.42,12.22,12.35,8.56856,1057900,0,0
2019-04-17,12.41,12.41,12.11,12.17,8.44368,1599000,0,0
2019-04-18,12.2,12.26,12.09,12.19,8.45755,1274400,0,0
2019-04-22,12.2,12.24,12.025,12.06,8.36736,1409300,0,0
2019-04-23,12.11,12.45,12.08,12.43,8.62407,2363800,0,0
2019-04-24,12.49,13.08,12.43,12.96,8.99179,2264200,0,0
2019-04-25,13.2,13.46,13.14,13.19,9.15136,3668200,0,0
2019-04-26,13.17,13.335,13.045,13.2,9.1583,1709300,0,0
2019-04-29,13.26,13.31,13.14,13.18,9.14442,1586800,0,0
2019-04-30,13.16,13.54,13.1,13.51,9.37338,2050100,0,0
2019-05-01,13.54,13.75,13.38,13.63,9.45664,2390200,0,0
2019-05-02,13.65,13.86,13.65,13.84,9.60234,2074300,0,0
2019-05-03,13.86,13.98,13.735,13.92,9.65784,1220700,0,0
2019-05-06,13.68,14.01,13.49,13.93,9.66478,1409400,0,0
2019-05-07,13.73,13.915,13.68,13.78,9.56071,1039300,0,0
2019-05-08,13.74,13.91,13.62,13.65,9.47052,1057200,0,0
2019-05-09,13.53,13.64,13.34,13.63,9.45664,1276200,0,0
2019-05-10,13.6,13.86,13.485,13.82,9.58846,1104600,0,0
2019-05-13,13.51,13.79,13.215,13.23,9.17911,1308800,0,0
2019-05-14,13.32,13.55,13.225,13.36,9.26931,1618700,0,0
2019-05-15,13.22,13.55,13.16,13.55,9.40113,1902400,0,0
2019-05-16,13.59,13.79,13.475,13.54,9.3942,1308400,0,0
2019-05-17,13.39,13.6,13.39,13.45,9.33175,938700,0,0
2019-05-20,13.36,13.51,13.27,13.35,9.26238,1095400,0,0
2019-05-21,13.46,13.67,13.46,13.57,9.41501,1191100,0,0
2019-05-22,13.46,13.55,13.18,13.22,9.17217,943700,0,0
2019-05-23,13.15,13.15,12.82,12.96,8.99179,1253000,0,0
2019-05-24,13.01,13.255,13.01,13.22,9.17217,778400,0,0
2019-05-28,13.23,13.44,13.2,13.21,9.16524,1269200,0,0
2019-05-29,13.18,13.26,13.085,13.23,9.17911,1150600,0,0
2019-05-30,13.32,13.495,13.11,13.19,9.15136,1200300,0,0
2019-05-31,13.01,13.09,12.81,13.04,9.04729,2349000,0,0
2019-06-03,12.99,13.23,12.83,12.86,8.9224,2105700,0,0
2019-06-04,12.96,13.5,12.935,13.36,9.26931,1446600,0,0
2019-06-05,13.39,13.43,13.14,13.22,9.17217,1151500,0,0
2019-06-06,13.1,13.2,12.92,13.16,9.24241,1009200,0.16,0
2019-06-07,13.2,13.2,13.01,13.04,9.15813,892300,0,0
2019-06-10,13.16,13.41,13.155,13.29,9.33371,1242200,0,0
2019-06-11,13.43,13.595,13.27,13.33,9.3618,1522500,0,0
2019-06-12,13.36,13.36,13.035,13.2,9.2705,1221000,0,0
2019-06-13,13.35,13.375,13.165,13.36,9.38287,1063300,0,0
2019-06-14,13.34,13.37,13.065,13.33,9.3618,1062300,0,0
2019-06-17,13.31,13.45,13.07,13.12,9.21431,1717700,0,0
2019-06-18,13.16,13.48,13.11,13.25,9.30562,1411200,0,0
2019-06-19,13.25,13.395,13.11,13.22,9.28455,1438100,0,0
2019-06-20,13.37,13.46,13.245,13.44,9.43905,1452700,0,0
2019-06-21,13.39,13.53,13.26,13.36,9.38287,3604100,0,0
2019-06-24,13.5,13.5,12.92,12.94,9.0879,1275000,0,0
2019-06-25,12.93,13.06,12.75,12.97,9.10897,1523200,0,0
2019-06-26,13.04,13.16,12.97,12.99,9.12301,1277600,0,0
2019-06-27,13.06,13.375,13.05,13.3,9.34073,1367200,0,0
2019-06-28,13.39,13.69,13.23,13.65,9.58654,3647100,0,0
2019-07-01,13.82,13.99,13.53,13.66,9.59356,1473800,0,0
2019-07-02,13.61,13.845,13.58,13.81,9.69891,1315500,0,0
2019-07-03,13.81,13.955,13.77,13.92,9.77617,993600,0,0
2019-07-05,13.87,14.14,13.84,14.1,9.90258,1325600,0,0
2019-07-08,14.01,14.12,13.46,13.48,9.46715,2076300,0,0
2019-07-09,13.46,13.46,13.22,13.24,9.29859,3953200,0,0
2019-07-10,13.27,13.47,13.21,13.27,9.31966,2684900,0,0
2019-07-11,13.32,13.365,13.19,13.31,9.34775,1712000,0,0
2019-07-12,13.35,13.73,13.3,13.63,9.57249,1551400,0,0
2019-07-15,13.65,13.65,13.34,13.4,9.41096,1297800,0,0
2019-07-16,13.45,13.66,13.44,13.55,9.51631,1599300,0,0
2019-07-17,13.5,13.635,13.39,13.53,9.50226,1668900,0,0
2019-07-18,13.52,13.82,13.52,13.71,9.62868,1180300,0,0
2019-07-19,13.7,13.84,13.535,13.55,9.51631,1185200,0,0
2019-07-22,13.59,13.72,13.42,13.44,9.43905,1384500,0,0
2019-07-23,13.47,13.755,13.43,13.7,9.62166,1944400,0,0
2019-07-24,14,15.67,14,15.09,10.5979,6085500,0,0
2019-07-25,14.93,15.155,14.1,14.18,9.95876,6159000,0,0
2019-07-26,14.28,14.36,14,14.08,9.88853,3141400,0,0
2019-07-29,14.12,14.45,14.12,14.24,10.0009,1759900,0,0
2019-07-30,14.13,14.385,14.06,14.32,10.0571,2046800,0,0
2019-07-31,14.34,14.47,14.08,14.15,9.9377,2114300,0,0
2019-08-01,14.19,14.25,13.73,13.96,9.80425,1791100,0,0
2019-08-02,13.96,13.99,13.62,13.71,9.62868,1174700,0,0
2019-08-05,13.43,13.46,12.85,13.05,9.16515,4069500,0,0
2019-08-06,13.16,13.555,12.96,13.3,9.34073,2622300,0,0
2019-08-07,12.98,13.43,12.917,13.34,9.36882,2071000,0,0
2019-08-08,13.41,13.8,13.41,13.65,9.58654,2582700,0,0
2019-08-09,13.58,13.69,13.5,13.54,9.50928,2151400,0,0
2019-08-12,13.43,13.45,13.2,13.26,9.31264,1918600,0,0
2019-08-13,13.28,13.59,13.19,13.4,9.41096,2009400,0,0
2019-08-14,13.09,13.27,12.89,12.91,9.06683,1558900,0,0
2019-08-15,12.99,13.06,12.73,12.8,8.98958,841700,0,0
2019-08-16,12.84,13.19,12.83,13.13,9.22134,989200,0,0
2019-08-19,13.26,13.375,13.135,13.31,9.34775,1111000,0,0
2019-08-20,13.22,13.29,12.99,12.99,9.12301,1378300,0,0
2019-08-21,13.11,13.21,13.03,13.08,9.18622,1309400,0,0
2019-08-22,13.22,13.27,12.96,12.98,9.11599,1374700,0,0
2019-08-23,12.9,13.05,12.4,12.45,8.74377,1199400,0,0
2019-08-26,12.62,12.835,12.52,12.7,8.91934,1587800,0,0
2019-08-27,12.75,12.75,12.3,12.32,8.65246,1156400,0,0
2019-08-28,12.3,12.6,12.24,12.51,8.7859,999000,0,0
2019-08-29,12.74,12.87,12.61,12.78,8.97553,1093100,0,0
2019-08-30,12.89,12.94,12.58,12.74,8.94744,1235100,0,0
2019-09-03,12.64,12.78,12.35,12.53,8.79995,1589400,0,0
2019-09-04,12.66,12.73,12.47,12.64,8.87721,1529100,0,0
2019-09-05,12.68,12.95,12.68,12.79,9.09772,1184700,0.16,0
2019-09-06,12.85,12.9,12.7,12.79,9.09772,1110400,0,0
2019-09-09,12.88,13.15,12.85,13.11,9.32534,1562500,0,0
2019-09-10,13.1,13.375,13.06,13.27,9.43914,2079200,0,0
2019-09-11,13.29,13.39,13.075,13.39,9.5245,1630500,0,0
2019-09-12,13.37,13.42,13.19,13.27,9.43914,1391200,0,0
2019-09-13,13.43,13.56,13.26,13.29,9.45337,1545700,0,0
2019-09-16,13.22,13.465,13.12,13.4,9.53162,1594500,0,0
2019-09-17,13.27,13.37,13.11,13.25,9.42492,1606200,0,0
2019-09-18,13.19,13.39,13.05,13.31,9.4676,1465900,0,0
2019-09-19,13.34,13.49,13.11,13.17,9.36801,1756100,0,0
2019-09-20,13.17,13.46,13.15,13.22,9.40358,4702000,0,0
2019-09-23,13.15,13.52,13.07,13.39,9.5245,1584200,0,0
2019-09-24,13.36,13.53,13.12,13.13,9.33956,1937100,0,0
2019-09-25,13.09,13.37,13.06,13.24,9.41781,1332700,0,0
2019-09-26,13.19,13.35,12.98,13.07,9.29688,2038600,0,0
2019-09-27,13.13,13.205,12.77,12.785,9.09416,1211800,0,0
2019-09-30,12.79,12.845,12.64,12.8,9.10483,1545800,0,0
2019-10-01,12.85,12.975,12.02,12.02,8.55,1924100,0,0
2019-10-02,11.94,11.98,11.55,11.595,8.24769,3432300,0,0
2019-10-03,11.55,11.69,11.38,11.68,8.30815,3102600,0,0
2019-10-04,11.66,11.8,11.47,11.64,8.2797,2017700,0,0
2019-10-07,11.54,11.85,11.5,11.7,8.32238,2394500,0,0
2019-10-08,11.54,11.625,11.435,11.45,8.14455,1737000,0,0
2019-10-09,11.45,11.53,11.31,11.34,8.06631,1653300,0,0
2019-10-10,11.38,11.65,11.315,11.5,8.18012,2034100,0,0
2019-10-11,11.65,12.03,11.65,11.875,8.44686,1884500,0,0
2019-10-14,11.8,11.91,11.61,11.73,8.34372,1051500,0,0
2019-10-15,11.73,12.025,11.65,12.01,8.54289,1863500,0,0
2019-10-16,11.92,12.055,11.775,11.805,8.39707,1628900,0,0
2019-10-17,11.81,11.96,11.78,11.9,8.46464,1274700,0,0
2019-10-18,11.89,11.93,11.745,11.775,8.37573,1115400,0,0
2019-10-21,11.9,12.075,11.88,11.96,8.50732,1262200,0,0
2019-10-22,12.03,12.21,11.91,12.15,8.64247,2327400,0,0
2019-10-23,12.62,13.14,12.26,12.94,9.20441,2551400,0,0
2019-10-24,12.94,13.12,12.87,13.11,9.32534,2145500,0,0
2019-10-25,13.12,13.69,13.12,13.67,9.72367,1819800,0,0
2019-10-28,13.46,14.03,13.45,13.94,9.91573,1920800,0,0
2019-10-29,13.92,14.26,13.88,14.1,10.0295,1782700,0,0
2019-10-30,14.1,14.1,13.76,13.92,9.9015,1388800,0,0
2019-10-31,13.87,13.92,13.46,13.77,9.7948,3190800,0,0
2019-11-01,13.92,14.01,13.76,13.88,9.87305,1484100,0,0
2019-11-04,14.01,14.055,13.91,14.025,9.97619,1837900,0,0
2019-11-05,14.17,14.48,14.16,14.32,10.186,2039500,0,0
2019-11-06,14.22,14.38,14.11,14.17,10.0793,1608900,0,0
2019-11-07,14.36,14.48,14.23,14.35,10.2074,1180900,0,0
2019-11-08,14.35,14.41,14.23,14.3,10.1718,1076800,0,0
2019-11-11,14.26,14.64,14.23,14.52,10.3283,1515300,0,0
2019-11-12,14.54,14.54,14.4,14.45,10.2785,1017700,0,0
2019-11-13,14.26,14.36,14.135,14.3,10.1718,894000,0,0
2019-11-14,14.24,14.405,14.17,14.36,10.2145,873700,0,0
2019-11-15,14.46,14.46,14.25,14.26,10.1433,729100,0,0
2019-11-18,14.28,14.36,14.175,14.23,10.122,1090400,0,0
2019-11-19,14.26,14.36,14.18,14.29,10.1647,882100,0,0
2019-11-20,14.25,14.44,14.22,14.3,10.1718,1265700,0,0
2019-11-21,14.4,14.415,14.19,14.29,10.1647,928500,0,0
2019-11-22,14.39,14.485,14.28,14.41,10.25,700000,0,0
2019-11-25,14.38,14.59,14.31,14.31,10.1789,1661800,0,0
2019-11-26,14.32,14.39,14.13,14.15,10.0651,1969400,0,0
2019-11-27,14.17,14.404,14.06,14.28,10.1576,1669000,0,0
2019-11-29,14.16,14.455,14.16,14.35,10.2074,651400,0,0
2019-12-02,14.38,14.44,14.02,14.06,10.0011,2121300,0,0
2019-12-03,13.97,13.99,13.7,13.9,9.88727,1348800,0,0
2019-12-04,14.14,14.15,13.96,14.07,10.0082,1690400,0,0
2019-12-05,13.93,14,13.83,13.87,9.97942,1187100,0.16,0
2019-12-06,13.93,14.175,13.93,14,10.073,2471800,0,0
2019-12-09,14.01,14.08,13.79,13.79,9.92186,1461100,0,0
2019-12-10,13.83,13.89,13.76,13.81,9.93625,2916900,0,0
2019-12-11,13.88,13.88,13.675,13.75,9.89308,1332200,0,0
2019-12-12,13.74,13.93,13.7,13.86,9.97222,2777000,0,0
2019-12-13,13.96,14.25,13.88,14.13,10.1665,1672400,0,0
2019-12-16,14.21,14.29,14.09,14.12,10.1593,2209500,0,0
2019-12-17,14.16,14.3,14.12,14.23,10.2384,1554100,0,0
2019-12-18,14.26,14.26,14.06,14.14,10.1737,996100,0,0
2019-12-19,14.1,14.16,13.95,13.99,10.0658,1408300,0,0
2019-12-20,13.95,14.09,13.72,13.77,9.90747,4699600,0,0
2019-12-23,13.82,13.945,13.77,13.9,10.001,1643400,0,0
2019-12-24,13.92,14.01,13.875,13.93,10.0226,369200,0,0
2019-12-26,13.97,14,13.79,13.83,9.95064,719700,0,0
2019-12-27,13.8,13.881,13.7,13.72,9.87149,635700,0,0
2019-12-30,13.72,13.78,13.645,13.66,9.82832,800100,0,0
2019-12-31,13.65,13.72,13.595,13.68,9.84271,1799600,0,0
2020-01-02,13.77,13.77,13.58,13.655,9.82472,2167200,0,0
2020-01-03,13.54,13.73,13.4,13.57,9.76357,1261200,0,0
2020-01-06,13.48,13.65,13.455,13.61,9.79235,1727900,0,0
2020-01-07,13.57,13.77,13.53,13.6,9.78515,1301500,0,0
2020-01-08,13.55,13.75,13.501,13.67,9.83552,1180100,0,0
2020-01-09,13.59,13.65,13.49,13.57,9.76357,1392300,0,0
2020-01-10,13.52,13.565,13.4,13.42,9.65564,1555200,0,0
2020-01-13,13.45,13.52,13.27,13.51,9.7204,1624300,0,0
2020-01-14,13.44,13.64,13.44,13.56,9.75637,1481900,0,0
2020-01-15,13.47,13.57,13.365,13.5,9.7132,1331000,0,0
2020-01-16,13.59,13.67,13.52,13.62,9.79954,2006100,0,0
2020-01-17,13.64,13.92,13.64,13.86,9.97222,1703400,0,0
2020-01-21,13.81,13.95,13.74,13.86,9.97222,2331900,0,0
2020-01-22,14.1,15.335,14.1,15.18,10.922,4830200,0,0
2020-01-23,15.23,15.5,15.17,15.45,11.1162,2985400,0,0
2020-01-24,15.4,15.41,14.96,15.105,10.868,1674500,0,0
2020-01-27,14.79,14.9,14.69,14.77,10.627,3458400,0,0
2020-01-28,14.96,15.3,14.661,15.02,10.8068,2608200,0,0
2020-01-29,14.97,15.25,14.965,15,10.7924,1236800,0,0
2020-01-30,14.91,15.08,14.71,14.9,10.7205,2449800,0,0
2020-01-31,14.79,14.81,14.36,14.38,10.3464,1968200,0,0
2020-02-03,14.49,14.585,13.97,14.01,10.0801,2328400,0,0
2020-02-04,14.11,14.23,13.785,13.82,9.94344,3126500,0,0
2020-02-05,14.01,14.16,13.94,14.07,10.1233,1246300,0,0
2020-02-06,14.16,14.27,13.99,14.1,10.1449,1279600,0,0
2020-02-07,13.97,14.11,13.88,14.01,10.0801,1204300,0,0
2020-02-10,13.93,14.14,13.92,14.08,10.1305,914100,0,0
2020-02-11,14.12,14.53,14,14.5,10.4327,1241500,0,0
2020-02-12,14.56,14.83,14.52,14.76,10.6198,1438100,0,0
2020-02-13,14.68,14.87,14.62,14.74,10.6054,1238900,0,0
2020-02-14,14.75,14.84,14.49,14.57,10.4831,1428300,0,0
2020-02-18,14.51,14.66,14.24,14.3,10.2888,824200,0,0
2020-02-19,14.3,14.41,14.195,14.335,10.314,2380000,0,0
2020-02-20,14.33,14.54,14.3,14.45,10.3967,1280500,0,0
2020-02-21,14.34,14.44,14.09,14.17,10.1953,1292900,0,0
2020-02-24,13.71,13.77,13.235,13.24,9.52613,1903700,0,0
2020-02-25,13.25,13.26,12.34,12.44,8.95054,2228300,0,0
2020-02-26,12.53,12.53,12.02,12.025,8.65194,1882000,0,0
2020-02-27,11.71,11.95,11.075,11.285,8.11952,2843100,0,0
2020-02-28,10.8,11.26,10.75,11.23,8.07995,6210300,0,0
2020-03-02,11.3,11.58,10.92,11.58,8.33177,3995500,0,0
2020-03-03,11.47,11.55,10.46,10.6,7.62666,4802700,0,0
2020-03-04,10.85,11.14,10.43,11.11,7.9936,3657700,0,0
2020-03-05,10.58,10.73,10.33,10.44,7.6213,4097800,0.16,0
2020-03-06,9.99,10.66,9.82,10.49,7.6578,7751100,0,0
2020-03-09,9.71,9.86,9.06,9.07,6.62119,3182800,0,0
2020-03-10,9.61,9.99,9.16,9.99,7.2928,2786300,0,0
2020-03-11,9.66,9.94,9.25,9.49,6.92779,4474000,0,0
2020-03-12,8.71,9.43,8.08,8.08,5.89848,3328300,0,0
2020-03-13,8.77,9.06,7.93,8.67,6.32918,4210300,0,0
2020-03-16,7.67,7.835,7.13,7.29,5.32177,2590200,0,0
2020-03-17,7.53,7.63,5.325,5.95,4.34356,4825100,0,0
2020-03-18,5.55,6.01,4.07,5,3.65005,5658200,0,0
2020-03-19,4.97,6.525,4.78,6.28,4.58446,4465300,0,0
2020-03-20,6.51,6.9,5.87,6,4.38006,7680400,0,0
2020-03-23,6,6.27,5.48,6.06,4.42386,3237400,0,0
2020-03-24,6.45,7.6,6.375,7.08,5.16847,3787500,0,0
2020-03-25,7.45,9.06,7.14,7.99,5.83278,5206700,0,0
2020-03-26,8.1,8.855,7.94,8.07,5.89118,3095900,0,0
2020-03-27,7.75,8.23,7.51,8.03,5.86198,2386800,0,0
2020-03-30,8,8.18,7.2,8.15,5.94958,3021100,0,0
2020-03-31,8.11,8.38,7.37,7.58,5.53347,3206900,0,0
2020-04-01,7.15,7.345,6.88,7.01,5.11737,2525300,0,0
2020-04-02,6.89,7.03,6.085,6.35,4.63556,4162200,0,0
2020-04-03,6.29,6.65,5.92,6.04,4.40926,2651300,0,0
2020-04-06,6.42,7.04,6.35,6.98,5.09547,3164300,0,0
2020-04-07,7.39,8.19,7.27,7.305,5.33272,3172600,0,0
2020-04-08,7.45,7.835,7.25,7.65,5.58458,2204300,0,0
2020-04-09,8.26,8.65,8.01,8.285,6.04813,2664800,0,0
2020-04-13,8.3,8.49,7.75,8.05,5.87658,1512200,0,0
2020-04-14,8.26,8.4,7.68,7.83,5.71598,1989300,0,0
2020-04-15,7.45,7.475,7.12,7.34,5.35827,1437700,0,0
2020-04-16,7.28,7.45,6.96,7.21,5.26337,1838100,0,0
2020-04-17,7.61,7.92,7.3,7.54,5.50427,2263500,0,0
2020-04-20,7.25,7.5,6.95,7.06,5.15387,2664900,0,0
2020-04-21,6.8,6.94,6.43,6.57,4.79616,3220500,0,0
2020-04-22,6.77,7.1,6.45,6.6,4.81806,4100800,0,0
2020-04-23,6.71,7.03,6.51,6.72,4.90566,2106600,0,0
2020-04-24,6.71,7.165,6.55,7.03,5.13197,2728700,0,0
2020-04-27,7.04,7.46,6.855,7.38,5.38747,3128000,0,0
2020-04-28,7.61,7.85,7.115,7.48,5.46047,3288400,0,0
2020-04-29,7.77,8.44,7.77,8.23,6.00798,2891900,0,0
2020-04-30,7.99,8,7.48,7.62,5.56267,2311300,0,0
2020-05-01,7.35,7.42,6.92,7.025,5.12832,2872600,0,0
2020-05-04,6.91,7.29,6.67,7.22,5.27067,2617800,0,0
2020-05-05,7.39,7.675,7.14,7.19,5.24877,3129000,0,0
2020-05-06,7.34,7.395,6.965,6.99,5.10277,3583800,0,0
2020-05-07,7.11,7.73,7.11,7.54,5.50427,1838800,0,0
2020-05-08,7.75,7.88,7.555,7.77,5.67218,1435800,0,0
2020-05-11,7.6,7.63,7.325,7.35,5.36557,2529700,0,0
2020-05-12,7.44,7.62,7.02,7.04,5.13927,1810300,0,0
2020-05-13,6.93,7.04,6.32,6.425,4.69031,1809100,0,0
2020-05-14,6.2,7.05,6.145,6.81,4.97137,2237800,0,0
2020-05-15,6.77,6.93,6.58,6.68,4.87646,1374600,0,0
2020-05-18,6.95,7.37,6.95,7.3,5.32907,2631200,0,0
2020-05-19,7.22,7.32,6.87,6.87,5.01517,2508700,0,0
2020-05-20,6.96,7.27,6.91,7.1,5.18307,2136700,0,0
2020-05-21,7,7.24,7,7.18,5.24147,2099100,0,0
2020-05-22,7.24,7.3,6.93,6.97,5.08817,1581100,0,0
2020-05-26,7.34,7.5,7.23,7.31,5.33637,3037900,0,0
2020-05-27,7.62,7.78,7.425,7.75,5.65757,3212500,0,0
2020-05-28,7.89,7.89,7.49,7.69,5.61378,1505500,0,0
2020-05-29,7.51,7.65,7.35,7.44,5.43127,2304600,0,0
2020-06-01,7.47,7.915,7.365,7.67,5.59917,2299000,0,0
2020-06-02,7.72,8.09,7.72,7.86,5.73788,2679000,0,0
2020-06-03,8,8.27,7.95,8.19,5.97878,5109400,0,0
2020-06-04,8,8.26,7.81,8.22,6.12024,3196200,0.16,0
2020-06-05,8.93,9.25,8.655,8.815,6.56325,3782700,0,0
2020-06-08,9.08,9.34,9.052,9.2,6.84991,3574900,0,0
2020-06-09,8.87,8.97,8.255,8.7,6.47763,2869100,0,0
2020-06-10,8.61,8.67,8,8.005,5.96016,2704200,0,0
2020-06-11,7.51,7.8,7.2,7.44,5.53949,4322300,0,0
2020-06-12,7.92,7.985,7.42,7.75,5.7703,2259500,0,0
2020-06-15,7.33,8.2,7.21,8.015,5.96761,3209600,0,0
2020-06-16,8.45,8.45,7.93,8.09,6.02345,2197000,0,0
2020-06-17,8.08,8.12,7.85,7.92,5.89688,3337900,0,0
2020-06-18,7.79,8.15,7.71,8.05,5.99367,2708800,0,0
2020-06-19,8.22,8.23,7.66,7.78,5.79264,9397600,0,0
2020-06-22,7.65,7.85,7.63,7.68,5.71818,4045400,0,0
2020-06-23,7.79,7.9,7.53,7.6,5.65862,4340100,0,0
2020-06-24,7.5,7.58,7.17,7.275,5.41664,4075500,0,0
2020-06-25,7.29,7.465,7.18,7.41,5.51715,4468800,0,0
2020-06-26,7.26,7.36,6.78,6.98,5.197,27749800,0,0
2020-06-29,7.28,7.37,6.95,7.24,5.39058,4635800,0,0
2020-06-30,7.16,7.34,7.01,7.03,5.23422,3075200,0,0
2020-07-01,7.01,7.239,6.815,6.91,5.14488,2224300,0,0
2020-07-02,7.12,7.27,6.86,6.9,5.13743,2665600,0,0
2020-07-06,7.19,7.35,7.03,7.27,5.41292,5133600,0,0
2020-07-07,7.15,7.17,6.77,6.785,5.05181,2868900,0,0
2020-07-08,6.76,6.942,6.65,6.89,5.12999,2426200,0,0
2020-07-09,6.86,6.89,6.415,6.47,4.81727,3619600,0,0
2020-07-10,6.42,6.97,6.38,6.93,5.15977,3121800,0,0
2020-07-13,7.07,7.14,6.76,6.84,5.09276,2818700,0,0
2020-07-14,6.83,7.08,6.74,7.03,5.23422,2193100,0,0
2020-07-15,7.14,7.47,7.015,7.41,5.51715,2685900,0,0
2020-07-16,7.37,7.59,7.26,7.49,5.57672,2628800,0,0
2020-07-17,7.46,7.5,7.1,7.17,5.33846,1780300,0,0
2020-07-20,7.15,7.19,6.97,7.06,5.25656,2109500,0,0
2020-07-21,7.22,7.695,7.18,7.595,5.6549,4774900,0,0
2020-07-22,8.28,8.29,7.75,7.98,5.94155,6200400,0,0
2020-07-23,8,8.23,7.94,8.14,6.06068,4307500,0,0
2020-07-24,8.08,8.23,7.97,8.02,5.97133,2392800,0,0
2020-07-27,8.01,8.38,7.8,8.335,6.20587,5153700,0,0
2020-07-28,8.34,8.49,8.1,8.18,6.09046,3838900,0,0
2020-07-29,8.2,8.24,8.035,8.185,6.09419,2793300,0,0
2020-07-30,8,8.1,7.86,7.97,5.93411,3105800,0,0
2020-07-31,7.95,7.99,7.66,7.96,5.92666,4659200,0,0
2020-08-03,8.25,8.26,8,8.11,6.03834,2895800,0,0
2020-08-04,8.11,8.22,7.98,8.205,6.10908,2143500,0,0
2020-08-05,8.28,8.64,8.26,8.625,6.42179,2028100,0,0
2020-08-06,8.59,8.69,8.425,8.46,6.29894,1638700,0,0
2020-08-07,8.38,8.76,8.28,8.74,6.50741,2494900,0,0
2020-08-10,8.85,8.995,8.69,8.93,6.64888,1999800,0,0
2020-08-11,9.16,9.44,8.95,9.04,6.73078,2164000,0,0
2020-08-12,9.21,9.28,8.75,8.85,6.58931,1796100,0,0
2020-08-13,8.81,8.93,8.675,8.72,6.49252,1446900,0,0
2020-08-14,8.63,9.075,8.61,8.94,6.65632,1340700,0,0
2020-08-17,9.01,9.01,8.79,8.85,6.58931,1418800,0,0
2020-08-18,8.82,8.965,8.63,8.68,6.46274,1555500,0,0
2020-08-19,8.66,8.89,8.62,8.76,6.52231,1278100,0,0
2020-08-20,8.65,8.83,8.61,8.65,6.44041,1433300,0,0
2020-08-21,8.62,8.71,8.52,8.57,6.38084,1508400,0,0
2020-08-24,8.7,8.88,8.59,8.84,6.58187,1763900,0,0
2020-08-25,8.95,9.06,8.805,8.83,6.57442,1746400,0,0
2020-08-26,8.9,8.94,8.71,8.74,6.50741,1378900,0,0
2020-08-27,8.73,9.24,8.685,9.21,6.85736,3684400,0,0
2020-08-28,9.25,9.33,9.147,9.31,6.93181,1289600,0,0
2020-08-31,9.33,9.4,9.08,9.09,6.76801,2641800,0,0
2020-09-01,9.02,9.4,8.925,9.13,6.79779,1931900,0,0
2020-09-02,9.15,9.25,9.03,9.17,6.82757,2230900,0,0
2020-09-03,9,9.29,8.92,8.99,6.81242,2711800,0.16,0
2020-09-04,9.1,9.364,8.98,9.21,6.97913,2363400,0,0
2020-09-08,9.07,9.14,8.95,8.955,6.78589,1527400,0,0
2020-09-09,9.05,9.05,8.78,8.84,6.69875,1769200,0,0
2020-09-10,8.91,9.08,8.61,8.62,6.53204,1726000,0,0
2020-09-11,8.62,8.7,8.38,8.41,6.37291,2285000,0,0
2020-09-14,8.44,8.605,8.4,8.42,6.38048,2649300,0,0
2020-09-15,8.5,8.645,8.415,8.43,6.38806,2714200,0,0
2020-09-16,8.43,8.68,8.31,8.58,6.50173,4178900,0,0
2020-09-17,8.41,8.62,8.41,8.47,6.41837,3036700,0,0
2020-09-18,8.55,8.68,8.24,8.26,6.25924,7007700,0,0
2020-09-21,8.01,8.11,7.84,7.94,6.01675,3576000,0,0
2020-09-22,7.99,8.05,7.7,7.86,5.95613,4379000,0,0
2020-09-23,7.9,8.14,7.53,7.53,5.70606,3163100,0,0
2020-09-24,7.48,7.84,7.42,7.7,5.83488,2821000,0,0
2020-09-25,7.6,7.95,7.56,7.91,5.99402,2327100,0,0
2020-09-28,8.08,8.375,8.05,8.25,6.25166,2298600,0,0
2020-09-29,8.21,8.335,8.12,8.28,6.2744,2085800,0,0
2020-09-30,8.36,8.77,8.34,8.45,6.40322,3190800,0,0
2020-10-01,8.614,8.614,8.32,8.51,6.44868,1732700,0,0
2020-10-02,8.34,8.73,8.23,8.67,6.56993,2469800,0,0
2020-10-05,8.8,9.07,8.75,9.06,6.86546,1491400,0,0
2020-10-06,9.15,9.255,8.835,8.88,6.72906,2043500,0,0
2020-10-07,8.98,9.18,8.89,9.01,6.82757,1613300,0,0
2020-10-08,9.16,9.45,9.13,9.44,7.15342,1382600,0,0
2020-10-09,9.5,9.585,9.3,9.49,7.1913,1422600,0,0
2020-10-12,9.54,9.79,9.45,9.77,7.40348,1386100,0,0
2020-10-13,9.64,9.72,9.5,9.6,7.27466,1311300,0,0
2020-10-14,9.61,9.83,9.59,9.6,7.27466,1165000,0,0
2020-10-15,9.55,9.99,9.434,9.99,7.57019,1420600,0,0
2020-10-16,9.92,10.07,9.76,9.79,7.41864,1694500,0,0
2020-10-19,9.84,9.99,9.71,9.74,7.38075,1776100,0,0
2020-10-20,9.89,10.118,9.805,9.9,7.50199,3228800,0,0
2020-10-21,9.6,9.755,9.16,9.18,6.95639,3956600,0,0
2020-10-22,9.47,9.545,9.09,9.15,6.93366,3044800,0,0
2020-10-23,9.31,9.43,9.18,9.395,7.11932,1879600,0,0
2020-10-26,9.2,9.28,9.05,9.11,6.90335,1516700,0,0
2020-10-27,9.06,9.09,8.55,8.57,6.49415,1801800,0,0
2020-10-28,8.33,8.39,8.06,8.075,6.11905,2427900,0,0
2020-10-29,8.01,8.275,7.91,8.17,6.19104,1862700,0,0
2020-10-30,8.1,8.21,7.89,8.01,6.0698,2038500,0,0
2020-11-02,8.17,8.54,8.095,8.54,6.47142,2214500,0,0
2020-11-03,8.76,8.935,8.58,8.87,6.72148,2204800,0,0
2020-11-04,8.7,9.42,8.61,9.385,7.11174,3404600,0,0
2020-11-05,9.345,9.59,9.295,9.39,7.11553,2069200,0,0
2020-11-06,9.58,9.659,9.23,9.25,7.00944,2037900,0,0
2020-11-09,10,10.47,9.9,10.02,7.59293,3023500,0,0
2020-11-10,10.13,10.3,10.11,10.17,7.70659,1737200,0,0
2020-11-11,10.18,10.26,9.74,10.02,7.59293,1642300,0,0
2020-11-12,9.755,10,9.74,9.94,7.5323,1996900,0,0
2020-11-13,10.07,10.42,9.99,10.38,7.86573,1358500,0,0
2020-11-16,10.62,10.785,10.54,10.63,8.05517,2278600,0,0
2020-11-17,10.43,10.79,10.3,10.73,8.13095,1790200,0,0
2020-11-18,10.57,10.8,10.44,10.445,7.91498,2513900,0,0
2020-11-19,10.34,10.42,10.08,10.42,7.89604,1227700,0,0
2020-11-20,10.18,10.39,9.54,9.56,7.24435,3572500,0,0
2020-11-23,9.76,9.955,9.63,9.805,7.43001,2382700,0,0
2020-11-24,9.97,10.02,9.85,10,7.57777,2904500,0,0
2020-11-25,9.91,10.205,9.88,9.88,7.48684,2367600,0,0
2020-11-27,9.87,9.99,9.58,9.75,7.38832,902700,0,0
2020-11-30,9.77,9.87,9.355,9.37,7.10037,2390500,0,0
2020-12-01,9.6,9.95,9.52,9.705,7.35423,1679700,0,0
2020-12-02,9.65,9.86,9.54,9.7,7.35044,2115300,0,0
2020-12-03,9.63,9.78,9.41,9.65,7.43519,1831700,0.16,0
2020-12-04,9.7,9.85,9.52,9.57,7.37355,1340100,0,0
2020-12-07,9.51,9.625,9.29,9.55,7.35814,1261100,0,0
2020-12-08,9.44,9.47,9.22,9.42,7.25798,2407800,0,0
2020-12-09,9.47,9.66,9.45,9.56,7.36585,1332800,0,0
2020-12-10,9.52,9.67,9.46,9.62,7.41208,1069000,0,0
2020-12-11,9.5,9.63,9.275,9.49,7.31191,1845600,0,0
2020-12-14,9.58,9.626,9.07,9.24,7.11929,2097600,0,0
2020-12-15,9.28,9.51,9.09,9.49,7.31191,2203300,0,0
2020-12-16,9.54,9.575,9.3,9.32,7.18093,1509800,0,0
2020-12-17,9.3,9.49,9.17,9.42,7.25798,1515100,0,0
2020-12-18,9.48,9.57,9.26,9.34,7.19634,4844800,0,0
2020-12-21,9.22,9.41,9.07,9.24,7.11929,2059800,0,0
2020-12-22,9.24,9.355,9.11,9.3,7.16552,1660400,0,0
2020-12-23,9.31,9.83,9.31,9.72,7.48912,2051400,0,0
2020-12-24,9.78,9.81,9.515,9.77,7.52765,1215200,0,0
2020-12-28,9.8,9.93,9.645,9.69,7.46601,1499900,0,0
2020-12-29,9.77,9.79,9.585,9.77,7.52765,1725500,0,0
2020-12-30,9.78,9.95,9.74,9.79,7.54306,1757500,0,0
2020-12-31,9.8,10.035,9.69,9.82,7.56618,1813000,0,0
2021-01-04,9.87,10.095,9.87,9.97,7.68175,2403600,0,0
2021-01-05,9.97,10.39,9.94,10.22,7.87437,1660800,0,0
2021-01-06,10.41,10.95,10.41,10.87,8.37519,2436800,0,0
2021-01-07,10.94,11.09,10.88,10.96,8.44453,2076400,0,0
2021-01-08,11,11,10.7,10.92,8.41371,2137600,0,0
2021-01-11,10.73,11.075,10.73,10.97,8.45223,1102800,0,0
2021-01-12,11.09,11.235,10.85,11.18,8.61403,1116900,0,0
2021-01-13,11.16,11.27,10.84,10.91,8.406,1686300,0,0
2021-01-14,11,12.385,10.93,12.11,9.33059,4944200,0,0
2021-01-15,12.11,12.11,11.625,11.64,8.96846,2250600,0,0
2021-01-19,11.44,11.59,10.895,11.265,8.67953,2749100,0,0
2021-01-20,11.28,11.54,11.25,11.51,8.8683,2242200,0,0
2021-01-21,11.5,11.575,11.18,11.2,8.62944,1892200,0,0
2021-01-22,11.03,11.31,10.83,11.28,8.69108,1784300,0,0
2021-01-25,11.09,11.49,10.94,11.32,8.7219,2831400,0,0
2021-01-26,11.51,11.88,11.41,11.87,9.14567,3056900,0,0
2021-01-27,11.16,11.78,11.032,11.16,8.59863,4230800,0,0
2021-01-28,11.41,11.6,11.275,11.55,8.89912,2200100,0,0
2021-01-29,11.55,11.8,11.25,11.255,8.67182,3810400,0,0
2021-02-01,11.26,11.47,11.1,11.32,8.7219,1746400,0,0
2021-02-02,11.44,11.9,11.389,11.77,9.06862,1867800,0,0
2021-02-03,11.72,12.01,11.68,11.97,9.22272,1794700,0,0
2021-02-04,11.89,12.365,11.89,12.3,9.47698,1614500,0,0
2021-02-05,12.42,12.63,12.18,12.43,9.57714,1781200,0,0
2021-02-08,12.5,12.9,12.49,12.8,9.86222,1544800,0,0
2021-02-09,12.65,12.8,12.518,12.59,9.70042,1839500,0,0
2021-02-10,12.64,12.73,12.29,12.38,9.53862,1618100,0,0
2021-02-11,12.46,12.55,12.09,12.29,9.46927,1269400,0,0
2021-02-12,12.16,12.46,12.16,12.23,9.42305,1015000,0,0
2021-02-16,12.36,12.54,12.3,12.47,9.60796,1157800,0,0
2021-02-17,12.37,12.66,12.35,12.49,9.62337,1642900,0,0
2021-02-18,12.49,12.49,12,12.09,9.31518,1770700,0,0
2021-02-19,12.16,12.32,12.06,12.22,9.41534,1250500,0,0
2021-02-22,12.17,12.45,12.13,12.24,9.43075,1538400,0,0
2021-02-23,12.29,12.42,11.95,12.17,9.37682,1666300,0,0
2021-02-24,12.25,12.595,12.25,12.49,9.62337,1618400,0,0
2021-02-25,12.54,12.59,12.17,12.24,9.43075,1813700,0,0
2021-02-26,12.2,12.52,12.13,12.38,9.53862,1737200,0,0
2021-03-01,12.6,13.13,12.6,13.03,10.0394,1946000,0,0
2021-03-02,12.92,13.17,12.831,12.89,9.93157,1968800,0,0
2021-03-03,12.96,13.13,12.68,12.685,9.77362,1828200,0,0
2021-03-04,12.58,12.77,12.29,12.62,9.84775,2086600,0.16,0
2021-03-05,12.82,13.04,12.36,12.88,10.0506,2669800,0,0
2021-03-08,12.98,13.14,12.76,12.89,10.0584,3445000,0,0
2021-03-09,12.95,12.97,12.53,12.55,9.79313,2313900,0,0
2021-03-10,12.69,13.245,12.63,13.16,10.2691,2150500,0,0
2021-03-11,13.23,13.5,13.08,13.16,10.2691,2375000,0,0
2021-03-12,13.33,13.7,13.195,13.25,10.3394,2384700,0,0
2021-03-15,13.31,13.33,13.055,13.27,10.355,2723000,0,0
2021-03-16,13.115,13.29,12.99,13.075,10.2028,2418900,0,0
2021-03-17,13.1,13.21,12.88,13.16,10.2691,1840600,0,0
2021-03-18,13.21,13.4,12.83,12.94,10.0975,5396900,0,0
2021-03-19,13.01,13.93,13.01,13.76,10.7373,8741900,0,0
2021-03-22,13.69,13.855,13.425,13.82,10.7841,2162700,0,0
2021-03-23,13.72,13.83,13.125,13.2,10.3003,2314100,0,0
2021-03-24,13.42,13.58,13.23,13.25,10.3394,1701800,0,0
2021-03-25,13.12,13.88,13.1,13.77,10.7451,1941400,0,0
2021-03-26,13.88,14.2,13.85,14.13,11.026,1639100,0,0
2021-03-29,13.79,14.185,13.79,13.86,10.8154,1234600,0,0
2021-03-30,13.87,14.48,13.87,14.34,11.1899,2721500,0,0
2021-03-31,14.29,14.535,14.26,14.31,11.1665,2084300,0,0
2021-04-01,14.42,14.5,14.25,14.34,11.1899,1713100,0,0
2021-04-05,14.5,14.54,14.32,14.45,11.2758,1943100,0,0
2021-04-06,14.45,14.51,14.34,14.35,11.1977,1605000,0,0
2021-04-07,14.52,14.6,14.44,14.51,11.3226,1154100,0,0
2021-04-08,14.47,14.605,14.3,14.53,11.3382,1437600,0,0
2021-04-09,14.59,14.7,14.5,14.64,11.424,1204100,0,0
2021-04-12,14.7,14.99,14.67,14.85,11.5879,2025100,0,0
2021-04-13,14.85,14.85,14.48,14.53,11.3382,1817500,0,0
2021-04-14,14.55,14.87,14.54,14.72,11.4864,1624300,0,0
2021-04-15,14.71,14.93,14.64,14.85,11.5879,1432300,0,0
2021-04-16,14.96,15.08,14.785,14.88,11.6113,1288900,0,0
2021-04-19,14.9,15.085,14.847,15.03,11.7283,1397400,0,0
2021-04-20,14.91,14.97,14.62,14.795,11.545,1721400,0,0
2021-04-21,14.645,15.08,14.6,15.03,11.7283,1655000,0,0
2021-04-22,15.08,15.15,14.85,14.93,11.6503,1359100,0,0
2021-04-23,14.99,15.265,14.84,15.08,11.7674,2094700,0,0
2021-04-26,15.07,15.5,15.065,15.28,11.9234,1386400,0,0
2021-04-27,15.25,15.52,15.248,15.36,11.9858,1734800,0,0
2021-04-28,15.7,16.21,15.55,16.2,12.6413,2660300,0,0
2021-04-29,16.38,17.06,16.31,16.985,13.2539,3434800,0,0
2021-04-30,16.83,16.95,16.612,16.83,13.1329,2450100,0,0
2021-05-03,17,17.1,16.77,16.87,13.1641,1832700,0,0
2021-05-04,16.71,16.83,16.43,16.66,13.0003,1907300,0,0
2021-05-05,16.64,16.99,16.64,16.88,13.1719,1196300,0,0
2021-05-06,16.99,17.13,16.78,16.99,13.2578,2125200,0,0
2021-05-07,16.88,17.4,16.77,17.34,13.5309,1601000,0,0
2021-05-10,17.34,17.705,17.25,17.25,13.4607,1880000,0,0
2021-05-11,16.93,17.18,16.61,17.01,13.2734,1708500,0,0
2021-05-12,17.16,17.24,16.46,16.5,12.8754,1852600,0,0
2021-05-13,16.35,17.31,16.25,17.16,13.3904,1573800,0,0
2021-05-14,17.31,17.44,17.17,17.34,13.5309,1276700,0,0
2021-05-17,17.3,17.4,17.07,17.385,13.566,1992800,0,0
2021-05-18,17.39,17.63,17.29,17.295,13.4958,1356200,0,0
2021-05-19,17.01,17.405,16.81,17.29,13.4919,1841100,0,0
2021-05-20,17.29,17.46,17.085,17.25,13.4607,1238800,0,0
2021-05-21,17.4,17.71,17.32,17.46,13.6245,1056700,0,0
2021-05-24,17.55,17.59,17.235,17.5,13.6558,1125300,0,0
2021-05-25,17.63,17.86,17.13,17.18,13.4061,1509900,0,0
2021-05-26,17.18,17.91,17.18,17.91,13.9757,2055100,0,0
2021-05-27,17.99,18.39,17.97,18.29,14.2722,2560200,0,0
2021-05-28,18.26,18.3,17.93,18.27,14.2566,1699500,0,0
2021-06-01,18.44,18.77,18.4,18.66,14.5609,1746800,0,0
2021-06-02,18.77,18.925,18.48,18.65,14.5531,1578600,0,0
2021-06-03,18.39,18.585,18.1,18.52,14.5767,1280200,0.16,0
2021-06-04,18.5,18.62,18.285,18.56,14.6082,1295100,0,0
2021-06-07,18.61,18.98,18.53,18.92,14.8916,1655100,0,0
2021-06-08,18.84,19.17,18.558,19.07,15.0096,1594000,0,0
2021-06-09,18.96,19.16,18.855,19.1,15.0333,1108700,0,0
2021-06-10,19.4,19.46,18.88,18.93,14.8994,1671000,0,0
2021-06-11,18.98,19.45,18.98,19.41,15.2772,1309800,0,0
2021-06-14,19.42,19.492,19.09,19.16,15.0805,1405500,0,0
2021-06-15,19.21,19.81,19.21,19.66,15.474,1412600,0,0
2021-06-16,19.57,20.08,19.44,20,15.7416,2145300,0,0
2021-06-17,20.09,20.15,18.93,19.34,15.2222,2201000,0,0
2021-06-18,18.9,19.05,18.2,18.34,14.4351,4579000,0,0
2021-06-21,18.65,19.35,18.537,19.29,15.1828,1647700,0,0
2021-06-22,19.2,19.24,18.81,18.9,14.8758,1469400,0,0
2021-06-23,18.99,19.19,18.92,18.99,14.9467,1358900,0,0
2021-06-24,19.17,19.32,18.93,19.22,15.1277,1376600,0,0
2021-06-25,19.27,19.59,19.12,19.16,15.0805,4199400,0,0
2021-06-28,19.09,19.26,18.76,19.14,15.0647,1485300,0,0
2021-06-29,19.06,19.5,18.95,19.13,15.0569,1873000,0,0
2021-06-30,19.14,19.57,19.07,19.33,15.2143,1403900,0,0
2021-07-01,19.46,19.69,19.3,19.47,15.3245,1169300,0,0
2021-07-02,19.48,19.55,19.295,19.41,15.2772,982500,0,0
2021-07-06,19.08,19.24,18.505,18.76,14.7656,2275600,0,0
2021-07-07,18.65,19.14,18.57,19.01,14.9624,1503900,0,0
2021-07-08,18.51,19.2,18.29,18.99,14.9467,2209700,0,0
2021-07-09,19.42,20.09,19.36,19.82,15.6,1397100,0,0
2021-07-12,19.53,20.25,19.52,20.2,15.899,1426400,0,0
2021-07-13,20.18,20.35,19.83,20.01,15.7495,1250500,0,0
2021-07-14,20.18,20.6,19.96,20.12,15.8361,1343800,0,0
2021-07-15,20.03,20.25,19.79,20.14,15.8518,1480100,0,0
2021-07-16,20.28,20.48,19.9,19.94,15.6944,1382400,0,0
2021-07-19,19.25,19.78,19.1,19.43,15.293,2267100,0,0
2021-07-20,19.51,20.3,19.41,20.08,15.8046,1900900,0,0
2021-07-21,20.4,20.725,20.36,20.59,16.206,1333900,0,0
2021-07-22,20.61,20.73,19.98,20.18,15.8833,1111300,0,0
2021-07-23,20.38,20.73,20.135,20.27,15.9541,850900,0,0
2021-07-26,20.5,20.8,20.28,20.52,16.1509,1077500,0,0
2021-07-27,20.31,20.8,20.13,20.51,16.143,1306200,0,0
2021-07-28,20.41,20.596,19.4,19.87,15.6393,2162900,0,0
2021-07-29,19.86,20.33,19.85,20.24,15.9305,2836100,0,0
2021-07-30,20.16,20.617,20.06,20.43,16.0801,2109100,0,0
2021-08-02,20.55,20.96,20.55,20.71,16.3004,2856700,0,0
2021-08-03,20.82,20.935,20.45,20.74,16.3241,2145000,0,0
2021-08-04,20.4,20.82,20.22,20.39,16.0486,1652700,0,0
2021-08-05,20.48,20.9,20.46,20.8,16.3713,2915200,0,0
2021-08-06,20.95,21.55,20.87,21.54,16.9537,2125800,0,0
2021-08-09,21.45,21.8,21.42,21.5,16.9223,1831100,0,0
2021-08-10,21.48,21.75,21.45,21.69,17.0718,1616700,0,0
2021-08-11,21.75,21.955,21.5,21.93,17.2607,1005700,0,0
2021-08-12,21.91,22.05,21.58,21.82,17.1741,1071800,0,0
2021-08-13,21.9,21.99,21.739,21.87,17.2135,867400,0,0
2021-08-16,21.624,21.99,21.61,21.88,17.2213,892700,0,0
2021-08-17,21.74,22.06,21.7,22.04,17.3473,1913900,0,0
2021-08-18,21.98,22.235,21.85,21.98,17.3,2047100,0,0
2021-08-19,21.435,22.09,21.4,21.79,17.1505,2029000,0,0
2021-08-20,21.75,22.175,21.58,22.1,17.3945,1282100,0,0
2021-08-23,22.17,22.3,21.79,22.02,17.3315,1529900,0,0
2021-08-24,22.06,22.38,22.04,22.12,17.4102,1008500,0,0
2021-08-25,22.14,22.625,22.07,22.57,17.7644,1280100,0,0
2021-08-26,22.56,22.69,22.37,22.5,17.7093,1205000,0,0
2021-08-27,22.51,23.193,22.45,23.08,18.1658,1762100,0,0
2021-08-30,23.25,23.26,22.8,22.83,17.9691,1446700,0,0
2021-08-31,22.677,23.305,22.677,23.21,18.2682,1791400,0,0
2021-09-01,23.34,23.42,23.01,23.16,18.2288,2176600,0,0
2021-09-02,23.04,23.045,22.73,22.89,18.1416,1603100,0.16,0
2021-09-03,22.97,23.04,22.689,23.04,18.2605,1292100,0,0
2021-09-07,23.12,23.34,22.84,23.07,18.2843,1787600,0,0
2021-09-08,22.853,23.22,22.76,23.16,18.3556,1320200,0,0
2021-09-09,23.18,23.45,23.07,23.19,18.3794,1653700,0,0
2021-09-10,23.4,23.4,23.03,23.05,18.2684,1580500,0,0
2021-09-13,23.22,23.5,23.062,23.48,18.6092,1211200,0,0
2021-09-14,23.557,23.66,23,23.01,18.2367,1749800,0,0
2021-09-15,23.05,23.42,22.965,23.37,18.522,1277300,0,0
2021-09-16,23.5,23.74,23.35,23.48,18.6092,1510200,0,0
2021-09-17,23.56,23.8,23.2,23.49,18.6172,7085000,0,0
2021-09-20,22.824,23.17,22.301,22.58,17.8959,2091300,0,0
2021-09-21,22.78,22.83,22.32,22.34,17.7057,1658200,0,0
2021-09-22,22.65,22.85,22.124,22.15,17.5551,2579200,0,0
2021-09-23,22.31,22.635,22.14,22.3,17.674,5240700,0,0
2021-09-24,22.3,22.63,22.06,22.49,17.8246,2455400,0,0
2021-09-27,22.63,23.44,22.57,23.15,18.3477,1783100,0,0
2021-09-28,23.1,23.22,22.32,22.35,17.7136,1979300,0,0
2021-09-29,22.365,22.48,19.175,19.24,15.2488,6710100,0,0
2021-09-30,18.52,20.16,18.5,19.73,15.6371,3789500,0,0
2021-10-01,19.63,19.8,19.06,19.12,15.1537,2704800,0,0
2021-10-04,19.052,19.52,18.82,18.88,14.9635,2440800,0,0
2021-10-05,18.96,19.165,18.66,18.68,14.805,2615900,0,0
2021-10-06,18.51,18.72,18.2,18.58,14.7257,3094600,0,0
2021-10-07,18.79,19.73,18.685,19.43,15.3994,3359600,0,0
2021-10-08,19.53,19.67,19.205,19.4,15.3756,1365100,0,0
2021-10-11,19.31,20.35,19.31,19.87,15.7481,1985400,0,0
2021-10-12,19.9,20.35,19.82,20.06,15.8987,1630900,0,0
2021-10-13,20.05,20.26,19.6,19.7,15.6134,1474000,0,0
2021-10-14,19.87,20.26,19.87,20.09,15.9225,1606300,0,0
2021-10-15,20.51,20.65,19.96,19.98,15.8353,1540900,0,0
2021-10-18,19.97,20.37,19.905,20.17,15.9859,1856000,0,0
2021-10-19,20.21,20.431,19.805,19.92,15.7877,1744300,0,0
2021-10-20,19.85,20.25,19.65,20.21,16.0176,1421000,0,0
2021-10-21,20.3,20.54,19.78,19.91,15.7798,1002400,0,0
2021-10-22,19.96,20.33,19.89,19.98,15.8353,991100,0,0
2021-10-25,20.03,20.28,19.86,19.87,15.7481,997500,0,0
2021-10-26,19.84,19.97,19.52,19.6,15.5341,2046500,0,0
2021-10-27,19.87,19.87,19.18,19.2,15.2171,1949200,0,0
2021-10-28,19.38,19.54,19.02,19.46,15.4231,1424100,0,0
2021-10-29,19.48,19.77,19.459,19.7,15.6134,1949200,0,0
2021-11-01,19.93,20.495,19.88,20.28,16.0731,1909100,0,0
2021-11-02,20.33,20.33,19.349,19.48,15.439,2292900,0,0
2021-11-03,19.37,19.76,19.27,19.45,15.4152,2827400,0,0
2021-11-04,19.6,19.6,19.14,19.34,15.328,1801600,0,0
2021-11-05,19.52,20.04,19.445,19.71,15.6213,2554500,0,0
2021-11-08,19.87,20.395,19.7,20.32,16.1047,1839100,0,0
2021-11-09,20.28,20.5,19.955,20.1,15.9304,1255700,0,0
2021-11-10,20.02,20.385,19.845,20.02,15.867,1381900,0,0
2021-11-11,20.14,20.665,20.095,20.46,16.2157,1259200,0,0
2021-11-12,20.42,20.73,20.375,20.48,16.2316,934800,0,0
2021-11-15,20.48,20.68,20.23,20.29,16.081,1039700,0,0
2021-11-16,20.19,20.215,19.81,19.95,15.8115,1582600,0,0
2021-11-17,19.99,20.15,19.77,20.11,15.9383,1262500,0,0
2021-11-18,20.13,20.33,19.635,19.93,15.7956,1227900,0,0
2021-11-19,19.74,20.06,19.58,19.86,15.7402,1390400,0,0
2021-11-22,20.1,20.423,20.02,20.16,15.9779,1336000,0,0
2021-11-23,20.39,20.63,20.19,20.49,16.2395,1354900,0,0
2021-11-24,20.42,20.675,20.38,20.59,16.3187,998900,0,0
2021-11-26,19.95,20.075,19.58,19.95,15.8115,1353400,0,0
2021-11-29,20.28,20.29,19.735,19.81,15.7005,1353800,0,0
2021-11-30,19.63,20.13,19.49,19.73,15.6371,2786300,0,0
2021-12-01,20.21,20.49,19.61,19.62,15.55,2237200,0,0
2021-12-02,19.63,20.32,19.53,20.07,16.0374,1909500,0.16,0
2021-12-03,20.14,20.365,19.77,19.91,15.9095,1726200,0,0
2021-12-06,20.07,20.85,20.07,20.6,16.4609,1792200,0,0
2021-12-07,20.71,21.21,20.675,21.12,16.8764,1522500,0,0
2021-12-08,21.19,21.35,20.765,20.78,16.6047,1600800,0,0
2021-12-09,20.595,20.85,20.46,20.68,16.5248,1740100,0,0
2021-12-10,20.8,20.88,20.495,20.81,16.6287,2036800,0,0
2021-12-13,21.23,21.6,20.96,21.03,16.8045,2657500,0,0
2021-12-14,20.92,21.715,20.91,21.52,17.1961,3367000,0,0
2021-12-15,21.54,21.74,21.155,21.59,17.252,3712800,0,0
2021-12-16,21.94,22.13,21.345,21.44,17.1321,1889000,0,0
2021-12-17,20.979,21.52,20.95,21.3,17.0203,6472800,0,0
2021-12-20,20.98,21.12,19.67,20.01,15.9894,2672500,0,0
2021-12-21,20.28,21.17,20.28,21.17,16.9164,1694700,0,0
2021-12-22,21.1,21.54,21.01,21.39,17.0922,1180200,0,0
2021-12-23,21.32,21.797,21.1,21.66,17.3079,730500,0,0
2021-12-27,21.66,22,21.41,21.55,17.22,1029900,0,0
2021-12-28,21.47,21.88,21.47,21.55,17.22,798200,0,0
2021-12-29,21.54,21.639,21.2,21.27,16.9963,657800,0,0
2021-12-30,21.245,21.52,21.18,21.2,16.9403,656400,0,0
2021-12-31,21.17,21.345,21.09,21.22,16.9563,781000,0,0
2022-01-03,21.13,21.8,21.13,21.48,17.1641,1598500,0,0
2022-01-04,21.89,22.12,21.67,21.92,17.5157,1202900,0,0
2022-01-05,22.072,22.33,21.68,21.7,17.3399,4667200,0,0
2022-01-06,21.79,21.96,21.61,21.85,17.4597,1003500,0,0
2022-01-07,21.87,22.4,21.87,22.26,17.7874,1039100,0,0
2022-01-10,22.18,22.31,21.38,21.6,17.26,1587200,0,0
2022-01-11,21.67,21.97,21.6,21.9,17.4997,1300700,0,0
2022-01-12,21.96,22.3,21.78,21.9,17.4997,1297600,0,0
2022-01-13,22.08,22.59,21.82,21.98,17.5636,2899800,0,0
2022-01-14,21.76,21.93,21.168,21.92,17.5157,1252200,0,0
2022-01-18,21.73,21.88,21.305,21.47,17.1561,1227900,0,0
2022-01-19,21.59,21.6,20.1,20.11,16.0694,1546100,0,0
2022-01-20,20.17,20.63,19.71,19.83,15.8456,1883100,0,0
2022-01-21,19.65,19.8,18.93,18.95,15.1424,2225500,0,0
2022-01-24,18.495,18.77,17.51,18.4,14.7029,4129200,0,0
2022-01-25,18.23,18.75,17.93,18.52,14.7988,3148200,0,0
2022-01-26,17.75,18.12,16.09,16.165,12.917,6404100,0,0
2022-01-27,16.17,16.95,16.04,16.64,13.2966,3567500,0,0
2022-01-28,16.51,16.78,16.14,16.47,13.1607,3553100,0,0
2022-01-31,16.47,17.43,16.39,17.43,13.9278,3859900,0,0
2022-02-01,17.47,17.63,17.005,17.46,13.9518,2463700,0,0
2022-02-02,17.49,17.72,17.205,17.53,14.0077,2712400,0,0
2022-02-03,17.46,17.84,17.37,17.57,14.0397,1795500,0,0
2022-02-04,17.49,17.99,17.41,17.82,14.2395,1546100,0,0
2022-02-07,17.82,18.28,17.81,18.06,14.4313,1808400,0,0
2022-02-08,18.09,18.57,18.09,18.51,14.7908,1893800,0,0
2022-02-09,18.51,19.165,18.48,18.87,15.0785,1935200,0,0
2022-02-10,18.82,19.385,18.58,18.89,15.0945,1806900,0,0
2022-02-11,18.8,19.09,18.375,18.49,14.7749,1439800,0,0
2022-02-14,18.43,18.95,18.07,18.47,14.7589,1373500,0,0
2022-02-15,18.55,18.945,18.44,18.88,15.0865,1211700,0,0
2022-02-16,18.91,19.195,18.85,19,15.1824,2456500,0,0
2022-02-17,18.88,18.88,17.936,18.19,14.5351,1344300,0,0
2022-02-18,18.05,18.675,18.05,18.44,14.7349,1962600,0,0
2022-02-22,18.18,18.645,17.9,18.12,14.4792,1904200,0,0
2022-02-23,18.26,18.41,17.465,17.5,13.9838,1809100,0,0
2022-02-24,16.48,17.66,16.465,17.58,14.0477,2395600,0,0
2022-02-25,17.75,18.45,17.61,18.21,14.5511,2685400,0,0
2022-02-28,17.71,17.85,17.285,17.61,14.0717,3148800,0,0
2022-03-01,17.54,17.59,16.82,17.06,13.6322,2415000,0,0
2022-03-02,17.29,17.66,17.03,17.55,14.0237,1988100,0,0
2022-03-03,17.54,17.66,16.935,17.17,13.8463,1806900,0.16,0
2022-03-04,16.85,17.1,16.28,16.49,13.2979,1633200,0,0
2022-03-07,16.32,16.66,15.75,16.08,12.9673,3001900,0,0
2022-03-08,16.25,16.72,15.95,15.96,12.8705,3307800,0,0
2022-03-09,16.59,16.82,16.38,16.68,13.4512,5093500,0,0
2022-03-10,16.63,16.93,16.15,16.67,13.4431,2742600,0,0
2022-03-11,16.76,16.96,16.595,16.63,13.4108,1733800,0,0
2022-03-14,16.89,17.28,16.365,16.47,13.2818,2252900,0,0
2022-03-15,16.47,17.07,16.415,16.7,13.4673,2245400,0,0
2022-03-16,16.91,17.69,16.73,17.35,13.9915,3241200,0,0
2022-03-17,17.18,17.5,16.96,17.36,13.9995,2747500,0,0
2022-03-18,17.4,17.55,16.92,17.51,14.1205,6623900,0,0
2022-03-21,17.67,17.84,17.11,17.2,13.8705,1863500,0,0
2022-03-22,17.42,17.71,17.22,17.28,13.935,2107700,0,0
2022-03-23,17.2,17.31,16.77,16.78,13.5318,1692100,0,0
2022-03-24,16.93,17.11,16.635,17.07,13.7657,1635400,0,0
2022-03-25,17.05,17.29,16.98,17.24,13.9028,2775400,0,0
2022-03-28,17.24,17.25,16.625,17.03,13.7334,1758300,0,0
2022-03-29,17.31,18.08,17.3,17.82,14.3705,2098600,0,0
2022-03-30,17.67,17.83,17.175,17.24,13.9028,1080500,0,0
2022-03-31,16.94,17.32,16.91,17.04,13.7415,15641000,0,0
2022-04-01,17.29,17.5,16.805,17.05,13.7495,2274600,0,0
2022-04-04,16.93,17.05,16.47,16.61,13.3947,1243300,0,0
2022-04-05,16.69,17.29,16.63,17.07,13.7657,2924600,0,0
2022-04-06,16.91,17.13,16.7,16.72,13.4834,1413500,0,0
2022-04-07,16.68,16.745,16.187,16.49,13.2979,1295900,0,0
2022-04-08,16.42,16.785,16.2,16.61,13.3947,902500,0,0
2022-04-11,16.04,16.365,15.98,16,12.9028,1494600,0,0
2022-04-12,16.04,16.57,15.96,16.31,13.1528,1454000,0,0
2022-04-13,16.26,16.64,16.23,16.59,13.3786,856200,0,0
2022-04-14,16.67,16.94,16.56,16.64,13.4189,894500,0,0
2022-04-18,16.44,17.25,16.44,17.21,13.8786,1926400,0,0
2022-04-19,17.24,17.75,17.24,17.65,14.2334,1278100,0,0
2022-04-20,17.65,17.72,16.67,16.9,13.6286,3573900,0,0
2022-04-21,17.17,17.29,16.69,16.79,13.5399,1254700,0,0
2022-04-22,16.65,16.66,16.38,16.45,13.2657,1276100,0,0
2022-04-25,16.28,17.29,15.865,17.16,13.8383,3872800,0,0
2022-04-26,16.92,17.275,16.44,16.6,13.3867,2231700,0,0
2022-04-27,17.19,17.35,16.22,16.38,13.2092,2113700,0,0
2022-04-28,16.61,16.69,16.185,16.48,13.2899,1787600,0,0
2022-04-29,16.47,16.72,15.82,15.89,12.8141,1836300,0,0
2022-05-02,15.86,16.1,15.61,15.92,12.8383,1637600,0,0
2022-05-03,15.9,16.37,15.855,16.32,13.1609,1636800,0,0
2022-05-04,16.33,17.21,16.26,17.17,13.8463,1537400,0,0
2022-05-05,16.82,17.08,16.29,16.51,13.3141,1173600,0,0
2022-05-06,16.38,16.53,16.06,16.22,13.0802,1146100,0,0
2022-05-09,15.9,16.17,15.72,15.87,12.798,1347200,0,0
2022-05-10,15.97,16.09,15.16,15.53,12.5238,1478200,0,0
2022-05-11,15.58,15.855,15.105,15.14,12.2093,1264500,0,0
2022-05-12,15.12,15.19,14.56,14.93,12.0399,1495400,0,0
2022-05-13,15.13,15.675,15.13,15.35,12.3786,1598900,0,0
2022-05-16,15.24,15.7,14.97,15.6,12.5802,1905500,0,0
2022-05-17,15.91,16.39,15.79,16.29,13.1367,1201800,0,0
2022-05-18,16.03,16.38,15.535,15.61,12.5883,1268200,0,0
2022-05-19,15.37,15.8,15.37,15.57,12.556,1724700,0,0
2022-05-20,15.68,15.88,15.14,15.53,12.5238,1306800,0,0
2022-05-23,15.83,15.925,15.3,15.38,12.4028,2535800,0,0
2022-05-24,15.23,15.28,14.43,14.81,11.9432,1976400,0,0
2022-05-25,14.72,15.33,14.72,15.2,12.2577,1652200,0,0
2022-05-26,15.42,15.925,15.355,15.72,12.677,1259300,0,0
2022-05-27,15.72,16.17,15.72,16.16,13.0318,1120500,0,0
2022-05-31,15.99,16.105,15.67,16,12.9028,1662100,0,0
2022-06-01,16.03,16.09,15.395,15.63,12.6044,1319000,0,0
2022-06-02,15.54,15.69,15.34,15.68,12.7755,1161800,0.16,0
2022-06-03,15.57,15.76,15.315,15.34,12.4985,930100,0,0
2022-06-06,15.57,15.808,15.25,15.52,12.6452,1249200,0,0
2022-06-07,15.23,15.84,15.21,15.79,12.8651,984600,0,0
2022-06-08,15.67,15.67,15.12,15.18,12.3681,877100,0,0
2022-06-09,15.09,15.16,14.76,14.77,12.0341,1047100,0,0
2022-06-10,14.42,14.625,14.01,14.01,11.4149,1659200,0,0
2022-06-13,13.45,13.72,13.15,13.24,10.7875,1585600,0,0
2022-06-14,13.35,13.76,13.21,13.64,11.1134,2104600,0,0
2022-06-15,13.92,14.06,13.48,13.65,11.1215,1663000,0,0
2022-06-16,13.21,13.21,12.45,12.63,10.2905,1941000,0,0
2022-06-17,12.7,13.32,12.608,13.19,10.7468,3044900,0,0
2022-06-21,13.47,13.678,12.94,13.41,10.926,1450900,0,0
2022-06-22,13.22,13.63,13.09,13.53,11.0238,1606500,0,0
2022-06-23,13.59,13.75,13.345,13.72,11.1786,1752400,0,0
2022-06-24,13.85,14.42,13.81,14.4,11.7326,6443700,0,0
2022-06-27,14.44,14.625,14.265,14.41,11.7408,1377300,0,0
2022-06-28,14.6,14.895,14.07,14.08,11.4719,1492000,0,0
2022-06-29,14.11,14.28,13.91,14.09,11.48,1301700,0,0
2022-06-30,13.78,14.2,13.497,13.99,11.3986,1088200,0,0
2022-07-01,13.89,14.34,13.77,14.32,11.6674,905200,0,0
2022-07-05,14.34,14.6,13.87,14.6,11.8956,1123400,0,0
2022-07-06,14.54,14.7,14.18,14.48,11.7978,932800,0,0
2022-07-07,14.61,14.81,14.56,14.7,11.9771,769200,0,0
2022-07-08,14.7,14.805,14.515,14.74,12.0096,735100,0,0
2022-07-11,14.52,14.92,14.51,14.73,12.0015,1232800,0,0
2022-07-12,14.67,14.94,14.475,14.5,11.8141,931500,0,0
2022-07-13,14.26,14.87,14.215,14.82,12.0748,1070300,0,0
2022-07-14,14.36,14.67,14.36,14.61,11.9037,735600,0,0
2022-07-15,14.91,15.03,14.59,14.92,12.1563,1001900,0,0
2022-07-18,15.09,15.39,14.97,14.99,12.2133,1141300,0,0
2022-07-19,15.2,15.77,15.11,15.74,12.8244,930500,0,0
2022-07-20,15.71,15.835,15.545,15.77,12.8489,1237100,0,0
2022-07-21,15.65,15.74,15.43,15.74,12.8244,976800,0,0
2022-07-22,15.82,16.03,15.56,15.71,12.8,869600,0,0
2022-07-25,15.77,15.84,15.5,15.7,12.7918,1015100,0,0
2022-07-26,15.5,15.86,15.315,15.34,12.4985,1092300,0,0
2022-07-27,16.03,17.058,15.93,16.81,13.6962,1903000,0,0
2022-07-28,16.88,16.99,16.055,16.25,13.2399,1678900,0,0
2022-07-29,16.33,16.575,16,16.47,13.4192,1174200,0,0
2022-08-01,16.34,16.775,16.24,16.61,13.5333,958700,0,0
2022-08-02,16.52,16.52,15.88,15.91,12.9629,998200,0,0
2022-08-03,16.07,16.25,15.85,16.12,13.134,896000,0,0
2022-08-04,16.2,16.279,16,16.13,13.1422,968400,0,0
2022-08-05,15.96,15.985,15.61,15.82,12.8896,1395600,0,0
2022-08-08,15.98,16.5,15.92,16.25,13.2399,953500,0,0
2022-08-09,16.22,16.24,16.03,16.07,13.0933,961600,0,0
2022-08-10,16.39,16.635,16.35,16.53,13.4681,902600,0,0
2022-08-11,16.72,16.95,16.55,16.69,13.5984,1141600,0,0
2022-08-12,16.74,16.89,16.55,16.87,13.7451,876800,0,0
2022-08-15,16.62,16.91,16.52,16.83,13.7125,836800,0,0
2022-08-16,16.83,17.31,16.81,17.22,14.0303,1100100,0,0
2022-08-17,16.96,17.09,16.71,16.93,13.794,797200,0,0
2022-08-18,16.96,17.205,16.87,17.2,14.014,958000,0,0
2022-08-19,17.07,17.15,16.61,16.74,13.6392,1341200,0,0
2022-08-22,16.45,16.48,16.24,16.38,13.3459,1059400,0,0
2022-08-23,16.34,16.52,16.21,16.28,13.2644,1297500,0,0
2022-08-24,16.25,16.42,16.15,16.32,13.297,1099900,0,0
2022-08-25,16.45,16.785,16.399,16.69,13.5984,933200,0,0
2022-08-26,16.69,16.76,16.17,16.18,13.1829,1060200,0,0
2022-08-29,16.05,16.05,14.775,15.15,12.3437,2709400,0,0
2022-08-30,15.27,15.27,15.01,15.25,12.4252,1189700,0,0
2022-08-31,15.39,15.57,15.19,15.39,12.5392,1461400,0,0
2022-09-01,15.14,15.205,14.78,15.01,12.3581,1330300,0.16,0
2022-09-02,15.28,15.28,14.68,14.7,12.1029,1656400,0,0
2022-09-06,14.62,14.65,13.745,14.23,11.7159,2601200,0,0
2022-09-07,14.22,14.82,14.13,14.82,12.2017,1888700,0,0
2022-09-08,14.74,15.01,14.46,15.01,12.3581,1571200,0,0
2022-09-09,14.48,14.775,14.24,14.53,11.9629,2250900,0,0
2022-09-12,14.71,14.825,14.435,14.54,11.9711,2703900,0,0
2022-09-13,14.17,14.23,13.41,13.48,11.0984,2517900,0,0
2022-09-14,13.59,13.7,13.185,13.66,11.2466,3383100,0,0
2022-09-15,13.68,14.305,13.66,14.28,11.7571,3124400,0,0
2022-09-16,14.16,14.36,13.905,14.16,11.6583,11069500,0,0
2022-09-19,14.073,14.45,14.07,14.36,11.8229,1966500,0,0
2022-09-20,14.27,14.27,13.7,13.83,11.3866,2037100,0,0
2022-09-21,13.99,14.38,13.985,14.06,11.576,1532000,0,0
2022-09-22,14.02,14.17,13.615,13.69,11.2713,1605300,0,0
2022-09-23,13.58,13.7,12.88,13.19,10.8597,3194700,0,0
2022-09-26,13.12,13.44,13,13.1,10.7856,1841300,0,0
2022-09-27,13.16,13.37,13.05,13.2,10.8679,2118100,0,0
2022-09-28,13.24,13.995,13.24,13.92,11.4607,1818700,0,0
2022-09-29,13.68,14,13.37,13.99,11.5183,2386400,0,0
2022-09-30,14.25,15.01,14.06,14.69,12.0946,3205700,0,0
2022-10-03,14.78,14.94,14.23,14.59,12.0123,1988800,0,0
2022-10-04,14.82,15.55,14.79,15.54,12.7945,1451400,0,0
2022-10-05,15.16,15.52,15.08,15.47,12.7368,1189800,0,0
2022-10-06,15.46,15.695,15.34,15.62,12.8603,962400,0,0
2022-10-07,15.27,15.35,14.885,14.96,12.3169,1314600,0,0
2022-10-10,14.99,15.03,14.77,14.77,12.1605,1117000,0,0
2022-10-11,14.76,15.275,14.59,15,12.3499,1048300,0,0
2022-10-12,15.03,15.225,14.79,15.02,12.3663,924800,0,0
2022-10-13,14.82,15.57,14.68,15.44,12.7121,1223400,0,0
2022-10-14,15.53,15.66,14.765,14.79,12.177,1163700,0,0
2022-10-17,15.16,15.3,14.93,15.19,12.5063,1248500,0,0
2022-10-18,15.52,15.7,15.155,15.27,12.5722,1410100,0,0
2022-10-19,15.06,15.35,14.85,15.03,12.3746,1273300,0,0
2022-10-20,15.03,15.38,14.94,15.01,12.3581,1005400,0,0
2022-10-21,15.05,15.45,14.75,15.4,12.6792,912700,0,0
2022-10-24,15.48,15.58,15.31,15.5,12.7615,715100,0,0
2022-10-25,15.42,16.2,15.41,15.97,13.1485,991200,0,0
2022-10-26,15.78,16.25,14.44,14.45,11.897,2693800,0,0
2022-10-27,14.7,14.83,14.5,14.58,12.0041,1918700,0,0
2022-10-28,14.74,15.28,14.74,15.09,12.424,1513500,0,0
2022-10-31,15.11,15.2,14.96,15.14,12.4651,1203700,0,0
2022-11-01,15.3,15.37,15.07,15.13,12.4569,963100,0,0
2022-11-02,15.08,15.2,14.63,14.63,12.0452,1131200,0,0
2022-11-03,14.425,14.8,14.21,14.68,12.0864,1105300,0,0
2022-11-04,14.85,15.01,14.645,14.92,12.284,918200,0,0
2022-11-07,15.01,15.41,15,15.41,12.6874,717700,0,0
2022-11-08,15.41,15.67,15.12,15.25,12.5557,841200,0,0
2022-11-09,15.08,15.475,15.01,15.11,12.4404,758700,0,0
2022-11-10,15.69,16.3,15.69,15.91,13.0991,1474500,0,0
2022-11-11,15.97,16.335,15.97,16,13.1732,1027400,0,0
2022-11-14,15.88,16.61,15.77,15.98,13.1567,1149200,0,0
2022-11-15,16.25,16.46,16.135,16.18,13.3214,831300,0,0
2022-11-16,16.04,16.14,15.73,15.83,13.0332,748700,0,0
2022-11-17,15.54,15.66,15.39,15.51,12.7698,794200,0,0
2022-11-18,15.85,15.974,15.285,15.48,12.7451,1130200,0,0
2022-11-21,15.47,16.075,15.455,16.03,13.1979,1130500,0,0
2022-11-22,16.17,16.19,15.72,16.13,13.2802,1070500,0,0
2022-11-23,16.14,16.24,15.99,16.15,13.2967,817300,0,0
2022-11-25,16.11,16.49,16.1,16.38,13.4861,436800,0,0
2022-11-28,16.12,16.27,16.05,16.2,13.3379,620900,0,0
2022-11-29,16.25,16.585,16.225,16.47,13.5602,730100,0,0
2022-11-30,16.34,16.58,16,16.57,13.6425,1022700,0,0
2022-12-01,16.93,17.09,16.59,17,14.133,1410300,0.16,0
2022-12-02,16.77,17.15,16.76,16.98,14.1164,724900,0,0
2022-12-05,16.88,17.03,16.675,16.73,13.9085,694700,0,0
2022-12-06,16.69,16.96,16.41,16.65,13.842,715900,0,0
2022-12-07,16.65,17.06,16.59,16.7,13.8836,733600,0,0
2022-12-08,16.85,16.91,16.46,16.52,13.7339,772200,0,0
2022-12-09,16.44,16.59,16.31,16.32,13.5677,1021200,0,0
2022-12-12,16.33,16.825,16.27,16.78,13.9501,814200,0,0
2022-12-13,17.32,17.43,16.635,16.75,13.9252,1180700,0,0
2022-12-14,16.68,17.09,16.68,16.83,13.9917,1099300,0,0
2022-12-15,16.59,16.805,16.39,16.78,13.9501,883700,0,0
2022-12-16,16.48,16.69,16.36,16.59,13.7921,4580200,0,0
2022-12-19,16.59,16.65,16.155,16.26,13.5178,1038100,0,0
2022-12-20,16.27,16.54,16.11,16.51,13.7256,938100,0,0
2022-12-21,16.71,16.9,16.63,16.73,13.9085,604900,0,0
2022-12-22,16.62,16.7,16.035,16.29,13.5427,657500,0,0
2022-12-23,16.2,16.49,16.15,16.46,13.6841,553000,0,0
2022-12-27,16.52,16.58,16.34,16.54,13.7506,510800,0,0
2022-12-28,16.55,16.62,16.28,16.28,13.5344,447300,0,0
2022-12-29,16.39,16.665,16.35,16.6,13.8005,587400,0,0
2022-12-30,16.43,16.56,16.35,16.45,13.6758,575400,0,0
2023-01-03,16.61,16.79,16.38,16.53,13.7423,848500,0,0
2023-01-04,16.71,16.99,16.65,16.85,14.0083,681900,0,0
2023-01-05,16.76,16.76,16.48,16.53,13.7423,871600,0,0
2023-01-06,16.78,17.07,16.65,17.01,14.1413,795300,0,0
2023-01-09,17.1,17.3,16.89,16.89,14.0415,934300,0,0
2023-01-10,16.88,17.18,16.61,17.05,14.1746,1344200,0,0
2023-01-11,17.03,17.48,17.01,17.35,14.424,831200,0,0
2023-01-12,17.4,17.625,17.22,17.48,14.532,915000,0,0
2023-01-13,17.28,17.68,17.22,17.61,14.6401,676000,0,0
2023-01-17,17.62,17.785,17.42,17.44,14.4988,734200,0,0
2023-01-18,17.48,17.708,17.34,17.36,14.4323,804400,0,0
2023-01-19,17.07,17.365,16.845,17.31,14.3907,845400,0,0
2023-01-20,17.42,17.555,17.28,17.51,14.557,1166600,0,0
2023-01-23,17.54,17.835,17.51,17.69,14.7066,1079500,0,0
2023-01-24,17.59,17.83,17.35,17.38,14.4489,1225500,0,0
2023-01-25,17.99,18.79,17.718,18.47,15.3551,1438300,0,0
2023-01-26,18.73,19.28,18.58,19.27,16.0202,2255200,0,0
2023-01-27,19.25,19.29,18.3,18.58,15.4465,1640700,0,0
2023-01-30,18.48,18.725,18.355,18.55,15.4216,891600,0,0
2023-01-31,18.5,18.98,18.35,18.97,15.7708,1100800,0,0
2023-02-01,18.94,19.33,18.725,19.12,15.8955,971500,0,0
2023-02-02,19.1,19.34,18.42,18.68,15.5297,1520800,0,0
2023-02-03,18.57,18.975,18.43,18.92,15.7292,982700,0,0
2023-02-06,18.74,18.98,18.525,18.92,15.7292,1143700,0,0
2023-02-07,18.82,19.24,18.77,19.15,15.9204,909000,0,0
2023-02-08,18.96,19.14,18.795,18.86,15.6793,918600,0,0
2023-02-09,18.83,19.02,18.735,18.8,15.6294,1062500,0,0
2023-02-10,18.67,18.84,18.67,18.74,15.5796,600500,0,0
2023-02-13,18.53,18.85,18.44,18.84,15.6627,775100,0,0
2023-02-14,18.75,18.965,18.655,18.7,15.5463,786900,0,0
2023-02-15,18.55,18.815,18.535,18.75,15.5879,567500,0,0
2023-02-16,18.62,18.885,18.46,18.67,15.5214,732500,0,0
2023-02-17,18.7,18.73,18.34,18.54,15.4133,848500,0,0
2023-02-21,18.25,18.345,18.17,18.23,15.1556,855200,0,0
2023-02-22,18.28,18.37,18.16,18.22,15.1472,761900,0,0
2023-02-23,18.28,18.465,18.105,18.26,15.1805,550700,0,0
2023-02-24,18.08,18.21,18.025,18.17,15.1057,629500,0,0
2023-02-27,18.32,18.45,17.955,18.02,14.981,1392700,0,0
2023-02-28,18.07,18.24,18.04,18.05,15.0059,1148800,0,0
2023-03-01,18,18.17,17.86,18.03,14.9893,1196500,0,0
2023-03-02,17.73,17.97,17.508,17.89,15.0061,1053800,0.16,0
2023-03-03,18.03,18.3,17.95,18.12,15.199,971700,0,0
2023-03-06,18.12,18.34,17.98,18.06,15.1487,995700,0,0
2023-03-07,17.98,18.095,17.61,17.7,14.8467,832900,0,0
2023-03-08,17.74,17.85,17.54,17.69,14.8383,873100,0,0
2023-03-09,17.74,17.895,17.17,17.22,14.4441,1001500,0,0
2023-03-10,17.05,17.05,16.47,16.57,13.8989,1221300,0,0
2023-03-13,16.11,16.17,15.66,15.69,13.1607,1348000,0,0
2023-03-14,16.31,16.66,16.11,16.14,13.5382,1753400,0,0
2023-03-15,15.51,15.71,15.375,15.67,13.1439,1602300,0,0
2023-03-16,15.43,15.95,15.18,15.75,13.211,1253500,0,0
2023-03-17,15.63,15.75,15.05,15.15,12.7078,3319800,0,0
2023-03-20,15.42,15.86,15.3,15.57,13.0601,1080500,0,0
2023-03-21,16.14,16.285,16.01,16.04,13.4543,988200,0,0
2023-03-22,16.02,16.135,15.54,15.55,13.0433,833800,0,0
2023-03-23,15.56,15.735,15.13,15.33,12.8587,957100,0,0
2023-03-24,15.07,15.36,14.75,15.28,12.8168,862100,0,0
2023-03-27,15.54,15.73,15.48,15.6,13.0852,699500,0,0
2023-03-28,15.5,15.68,15.5,15.57,13.0601,504600,0,0
2023-03-29,15.7,15.855,15.62,15.85,13.2949,743300,0,0
2023-03-30,15.99,16.04,15.66,15.75,13.211,531000,0,0
2023-03-31,15.81,16.01,15.75,15.99,13.4124,827200,0,0
2023-04-03,15.97,16.19,15.93,16.1,13.5046,721900,0,0
2023-04-04,16.465,16.465,15.71,15.87,13.3117,671300,0,0
2023-04-05,15.7,15.915,15.65,15.88,13.3201,1176500,0,0
2023-04-06,15.94,16.03,15.875,15.91,13.3452,575800,0,0
2023-04-10,15.84,16.115,15.82,15.98,13.404,680200,0,0
2023-04-11,16.05,16.14,15.94,16.01,13.4291,592000,0,0
2023-04-12,16.16,16.27,15.97,16.02,13.4375,899000,0,0
2023-04-13,16.02,16.23,15.97,16.135,13.534,769500,0,0
2023-04-14,16.39,16.615,16.032,16.19,13.5801,938700,0,0
2023-04-17,16.1,16.265,16.02,16.25,13.6304,705300,0,0
2023-04-18,16.25,16.39,16.14,16.27,13.6472,760800,0,0
2023-04-19,16.14,16.66,16.11,16.58,13.9072,1053500,0,0
2023-04-20,16.45,16.45,16.282,16.4,13.7563,601500,0,0
2023-04-21,16.41,16.5,16.291,16.5,13.8401,665600,0,0
2023-04-24,16.47,16.56,16.3,16.3,13.6724,612500,0,0
2023-04-25,16.12,16.23,15.99,15.99,13.4124,720500,0,0
2023-04-26,16.01,16.765,16.01,16.42,13.773,842600,0,0
2023-04-27,16.62,16.67,16.26,16.55,13.8821,874600,0,0
2023-04-28,16.48,16.74,16.4,16.54,13.8737,876400,0,0
2023-05-01,16.63,16.67,16.29,16.32,13.6892,647400,0,0
2023-05-02,16.22,16.3,14.985,15.03,12.6071,1940900,0,0
2023-05-03,15.13,15.505,14.98,15.16,12.7161,1498900,0,0
2023-05-04,14.97,15.01,14.56,14.67,12.3051,1306500,0,0
2023-05-05,15.02,15.16,14.86,15.03,12.6071,961800,0,0
2023-05-08,15.11,15.25,14.82,14.84,12.4477,955700,0,0
2023-05-09,14.7,14.99,14.59,14.85,12.4561,906100,0,0
2023-05-10,15.05,15.12,14.465,14.59,12.238,850700,0,0
2023-05-11,14.52,14.855,14.42,14.8,12.4142,1024500,0,0
2023-05-12,14.82,14.93,14.73,14.86,12.4645,572200,0,0
2023-05-15,14.89,15.175,14.77,15.11,12.6742,1552200,0,0
2023-05-16,15.02,15.21,14.91,15.02,12.5987,1738800,0,0
2023-05-17,15.22,15.48,15.085,15.44,12.951,1084700,0,0
2023-05-18,15.37,15.57,15.28,15.55,13.0433,962000,0,0
2023-05-19,15.68,15.72,15.26,15.35,12.8755,1079500,0,0
2023-05-22,15.43,15.47,15.12,15.19,12.7413,662000,0,0
2023-05-23,15.2,15.52,15.2,15.34,12.8671,666800,0,0
2023-05-24,15.19,15.22,15.05,15.13,12.691,711500,0,0
2023-05-25,15.03,15.26,15.01,15.23,12.7749,730900,0,0
2023-05-26,15.23,15.58,15.2,15.55,13.0433,1061000,0,0
2023-05-30,15.51,15.6,15.16,15.33,12.8587,820100,0,0
2023-05-31,15.23,15.33,14.98,15.15,12.7078,2123600,0,0
2023-06-01,15.16,15.705,15.16,15.6,13.2249,1058400,0.16,0
2023-06-02,15.86,16.31,15.77,16.24,13.7674,774000,0,0
2023-06-05,16.24,16.669,16.15,16.48,13.9709,1082900,0,0
2023-06-06,16.48,17.1,16.45,17.07,14.4711,1261100,0,0
2023-06-07,17.18,17.685,17.14,17.64,14.9543,1593900,0,0
2023-06-08,17.52,17.86,17.49,17.8,15.0899,1665600,0,0
2023-06-09,17.79,18.28,17.79,18.23,15.4545,1727000,0,0
2023-06-12,18.17,18.915,18.125,18.87,15.997,1692700,0,0
2023-06-13,18.91,19.4,18.875,19.12,16.209,2464300,0,0
2023-06-14,19.17,19.31,18.535,18.62,15.7851,2421600,0,0
2023-06-15,18.52,18.79,18.2,18.78,15.9207,1565600,0,0
2023-06-16,18.79,18.86,18.295,18.4,15.5986,20077200,0,0
2023-06-20,18.37,18.4,18.02,18.26,15.4799,1668900,0,0
2023-06-21,18.24,18.34,18.04,18.05,15.3019,1820300,0,0
2023-06-22,17.96,18.11,17.64,18.11,15.3527,1405700,0,0
2023-06-23,17.87,18.085,17.81,17.97,15.2341,2734900,0,0
2023-06-26,18.11,18.27,17.975,18.03,15.2849,1030700,0,0
2023-06-27,17.96,18.515,17.91,18.47,15.6579,930400,0,0
2023-06-28,18.4,18.495,18.3,18.43,15.624,1241800,0,0
2023-06-29,18.63,18.835,18.63,18.75,15.8953,927200,0,0
2023-06-30,18.84,19.09,18.08,18.58,15.7512,2463000,0,0
2023-07-03,18.49,18.885,18.49,18.79,15.9292,436500,0,0
2023-07-05,18.64,18.68,18.395,18.65,15.8105,1159700,0,0
2023-07-06,18.57,18.57,17.89,18.19,15.4206,979500,0,0
2023-07-07,18.25,18.44,18.23,18.24,15.4629,819800,0,0
2023-07-10,18.22,18.52,18.19,18.4,15.5986,1001400,0,0
2023-07-11,18.6,18.945,18.6,18.84,15.9716,971800,0,0
2023-07-12,19,19.17,18.98,19.06,16.1581,906700,0,0
2023-07-13,19.09,19.165,18.96,19.1,16.192,745200,0,0
2023-07-14,19.16,19.22,18.82,19.15,16.2344,763300,0,0
2023-07-17,19.05,19.405,19.05,19.25,16.3192,1255300,0,0
2023-07-18,19.3,19.53,19.2,19.52,16.5481,781400,0,0
2023-07-19,19.56,19.691,19.42,19.55,16.5735,1129500,0,0
2023-07-20,19.45,19.565,19.12,19.24,16.3107,890400,0,0
2023-07-21,19.23,19.3,19.02,19.11,16.2005,987100,0,0
2023-07-24,19.06,19.47,19.06,19.42,16.4633,1298000,0,0
2023-07-25,19.43,19.62,19.29,19.34,16.3955,1068800,0,0
2023-07-26,18.61,19.575,18.24,18.66,15.819,1242300,0,0
2023-07-27,18.72,19.03,18.41,18.77,15.9123,944200,0,0
2023-07-28,18.89,19.13,18.81,18.92,16.0394,872000,0,0
2023-07-31,19.03,19.22,18.845,19.04,16.1411,1166100,0,0
2023-08-01,18.82,18.98,18.575,18.87,15.997,1006400,0,0
2023-08-02,18.72,18.72,18.395,18.44,15.6325,943200,0,0
2023-08-03,18.31,18.475,18.195,18.36,15.5647,884700,0,0
2023-08-04,18.36,18.55,18.27,18.3,15.5138,590700,0,0
2023-08-07,18.3,18.66,18.3,18.6,15.7681,706800,0,0
2023-08-08,18.33,18.445,18.19,18.41,15.6071,646500,0,0
2023-08-09,18.35,18.435,18.05,18.06,15.3104,599300,0,0
2023-08-10,18.11,18.2,17.72,17.76,15.056,748600,0,0
2023-08-11,17.67,17.855,17.59,17.82,15.1069,603500,0,0
2023-08-14,17.71,17.72,17.47,17.7,15.0052,852400,0,0
2023-08-15,17.47,17.47,17.2,17.37,14.7254,787700,0,0
2023-08-16,17.3,17.421,17.255,17.29,14.6576,981200,0,0
2023-08-17,17.33,17.465,17.29,17.41,14.7593,933100,0,0
2023-08-18,17.28,17.675,17.22,17.57,14.895,733000,0,0
2023-08-21,17.64,17.7,17.24,17.49,14.8271,703300,0,0
2023-08-22,17.48,17.51,17.23,17.3,14.6661,775100,0,0
2023-08-23,17.31,17.59,17.22,17.56,14.8865,668600,0,0
2023-08-24,17.55,17.835,17.48,17.61,14.9289,1332700,0,0
2023-08-25,17.64,17.73,17.32,17.46,14.8017,635200,0,0
2023-08-28,17.58,17.809,17.45,17.47,14.8102,623600,0,0
2023-08-29,17.45,17.75,17.45,17.73,15.0306,931500,0,0
2023-08-30,17.7,17.765,17.56,17.65,14.9628,912700,0,0
2023-08-31,17.49,17.755,17.48,17.65,15.0997,990800,0.16,0
2023-09-01,17.8,18.2,17.78,18.16,15.536,585900,0,0
2023-09-05,18.05,18.055,17.73,17.76,15.1938,1140900,0,0
2023-09-06,17.75,17.885,17.42,17.5,14.9713,848500,0,0
2023-09-07,17.48,17.538,16.97,17.05,14.5864,964700,0,0
2023-09-08,17.01,17.085,16.811,17.03,14.5692,861600,0,0
2023-09-11,17.19,17.415,17.19,17.27,14.7746,864500,0,0
2023-09-12,17.25,17.395,17.075,17.36,14.8516,1326000,0,0
2023-09-13,17.37,17.515,17.22,17.33,14.8259,1270900,0,0
2023-09-14,17.55,17.865,17.55,17.73,15.1681,1043800,0,0
2023-09-15,17.71,18.035,17.68,17.88,15.2964,5694000,0,0
2023-09-18,17.95,17.95,17.075,17.17,14.689,1122600,0,0
2023-09-19,17.2,17.27,17.06,17.11,14.6377,984100,0,0
2023-09-20,17.21,17.36,17.01,17.02,14.5607,708400,0,0
2023-09-21,16.9,17.06,16.79,16.8,14.3725,736700,0,0
2023-09-22,16.82,16.89,16.71,16.77,14.3468,594000,0,0
2023-09-25,16.69,16.99,16.57,16.97,14.5179,465900,0,0
2023-09-26,16.78,17,16.73,16.82,14.3896,657600,0,0
2023-09-27,16.94,17.1,16.8,16.94,14.4922,686400,0,0
2023-09-28,16.96,17.32,16.96,17.27,14.7746,723200,0,0
2023-09-29,17.34,17.465,17.15,17.22,14.7318,868200,0,0
2023-10-02,17.19,17.31,16.92,17.05,14.5864,704500,0,0
2023-10-03,16.91,16.975,16.36,16.55,14.1586,971400,0,0
2023-10-04,16.56,16.71,16.3,16.69,14.2784,827000,0,0
2023-10-05,16.58,17.17,16.56,17.13,14.6548,1084700,0,0
2023-10-06,16.98,17.63,16.845,17.42,14.9029,816800,0,0
2023-10-09,17.36,17.885,17.21,17.76,15.1938,869700,0,0
2023-10-10,17.74,17.931,17.71,17.71,15.151,919100,0,0
2023-10-11,17.57,17.86,17.54,17.74,15.1767,675400,0,0
2023-10-12,17.78,17.86,17.57,17.85,15.2708,795500,0,0
2023-10-13,18,18.08,17.265,17.3,14.8002,748300,0,0
2023-10-16,17.44,17.66,17.375,17.51,14.9799,722700,0,0
2023-10-17,17.39,17.79,17.39,17.67,15.1168,706900,0,0
2023-10-18,17.45,17.57,17.33,17.37,14.8601,492500,0,0
2023-10-19,17.33,17.5,17.08,17.12,14.6462,648200,0,0
2023-10-20,17.18,17.23,16.82,16.83,14.3981,758300,0,0
2023-10-23,16.72,17.23,16.72,17.06,14.5949,825600,0,0
2023-10-24,17.17,17.32,17.05,17.11,14.6377,892100,0,0
2023-10-25,14.51,16.54,14.1,16.14,13.8078,1741000,0,0
2023-10-26,16.12,16.35,15.68,16.035,13.718,1268300,0,0
2023-10-27,16.11,16.2,15.601,15.75,13.4742,1329700,0,0
2023-10-30,15.96,16.15,15.839,15.9,13.6025,1036900,0,0
2023-10-31,15.89,16.02,15.78,15.91,13.6111,1121900,0,0
2023-11-01,15.78,15.99,15.67,15.91,13.6111,728800,0,0
2023-11-02,16.17,16.62,16.11,16.59,14.1928,893900,0,0
2023-11-03,16.96,17.285,16.96,17.04,14.5778,964400,0,0
2023-11-06,17.02,17.115,16.83,17.1,14.6291,656800,0,0
2023-11-07,17,17.215,16.9,17.09,14.6206,531800,0,0
2023-11-08,17.06,17.18,16.83,17.01,14.5521,646500,0,0
2023-11-09,16.45,16.705,16.25,16.3,13.9447,983400,0,0
2023-11-10,16.41,16.55,16.24,16.54,14.15,653300,0,0
2023-11-13,16.48,16.615,16.37,16.5,14.1158,490700,0,0
2023-11-14,17.02,17.3,17.01,17.26,14.766,779000,0,0
2023-11-15,17.02,17.55,17.02,17.29,14.7917,719700,0,0
2023-11-16,17.29,17.29,16.52,16.55,14.1586,846000,0,0
2023-11-17,16.8,16.81,16.53,16.62,14.2185,1289800,0,0
2023-11-20,16.63,16.955,16.505,16.92,14.4751,650700,0,0
2023-11-21,16.77,16.88,16.54,16.55,14.1586,500300,0,0
2023-11-22,16.7,16.79,16.57,16.76,14.3383,477100,0,0
2023-11-24,16.82,16.96,16.68,16.84,14.4067,322700,0,0
2023-11-27,16.7,16.875,16.69,16.74,14.3211,553900,0,0
2023-11-28,16.77,17.005,16.69,16.93,14.4837,481200,0,0
2023-11-29,17.04,17.36,17.03,17.04,14.5778,580700,0,0
2023-11-30,17.01,17.205,16.93,17.13,14.7937,639500,0.16,0
2023-12-01,17.04,17.765,17.01,17.7,15.286,844400,0,0
2023-12-04,17.61,17.88,17.61,17.88,15.4414,891700,0,0
2023-12-05,17.75,17.92,17.62,17.84,15.4069,733800,0,0
2023-12-06,17.97,18.165,17.72,17.77,15.3464,924600,0,0
2023-12-07,17.89,18.165,17.79,18.15,15.6746,874700,0,0
2023-12-08,18.15,18.53,17.99,18.48,15.9596,613000,0,0
2023-12-11,18.48,18.66,18.45,18.53,16.0028,722400,0,0
2023-12-12,18.45,18.82,18.45,18.6,16.0632,936400,0,0
2023-12-13,18.72,18.99,18.42,18.9,16.3223,1196500,0,0
2023-12-14,19,19.63,18.68,19.57,16.9009,1315800,0,0
2023-12-15,19.68,19.68,19.15,19.21,16.59,2837800,0,0
2023-12-18,19.36,19.36,18.735,18.77,16.21,759200,0,0
2023-12-19,18.79,19.09,18.705,19,16.4087,619200,0,0
2023-12-20,19.03,19.13,18.63,18.65,16.1064,792300,0,0
2023-12-21,18.88,19.25,18.795,19.25,16.6246,848700,0,0
2023-12-22,19.32,19.44,19.03,19.13,16.5209,458300,0,0
2023-12-26,19.18,19.245,19.03,19.05,16.4518,537500,0,0
2023-12-27,19.12,19.12,18.82,18.87,16.2964,504900,0,0
2023-12-28,18.83,18.94,18.74,18.89,16.3137,439200,0,0
2023-12-29,18.89,18.93,18.57,18.62,16.0805,555600,0,0
2024-01-02,18.2,18.74,18.1,18.49,15.9682,844200,0,0
2024-01-03,18.32,18.335,17.9,17.9,15.4587,1016500,0,0
2024-01-04,17.97,18.34,17.82,18.05,15.5882,649600,0,0
2024-01-05,17.92,18.45,17.846,18.23,15.7437,683600,0,0
2024-01-08,17.62,18.17,17.62,18.04,15.5796,900100,0,0
2024-01-09,17.82,18.001,17.535,17.75,15.3291,883000,0,0
2024-01-10,17.05,17.625,17.05,17.46,15.0787,1408600,0,0
2024-01-11,17.47,17.505,17.18,17.41,15.0355,1271000,0,0
2024-01-12,17.63,17.685,17.15,17.32,14.9578,914600,0,0
2024-01-16,17.01,17.315,17.005,17.25,14.8973,878200,0,0
2024-01-17,16.97,17.25,16.925,16.95,14.6383,824600,0,0
2024-01-18,17.03,17.06,16.55,16.85,14.5519,1216600,0,0
2024-01-19,16.99,17.16,16.745,17.16,14.8196,1078800,0,0
2024-01-22,17.41,17.73,17.25,17.51,15.1219,981100,0,0
2024-01-23,17.69,17.78,17.47,17.47,15.0873,848400,0,0
2024-01-24,17.65,17.87,17.54,17.69,15.2773,753700,0,0
2024-01-25,17.9,18.04,17.65,17.84,15.4069,776800,0,0
2024-01-26,17.96,18.21,17.89,18.12,15.6487,1079000,0,0
2024-01-29,18.17,18.21,18.01,18.17,15.6919,837600,0,0
2024-01-30,18.12,18.365,17.925,17.95,15.5019,1951200,0,0
2024-01-31,17.01,17.865,16.91,17.22,14.8714,2566000,0,0
2024-02-01,17.16,17.2,16.31,16.45,14.2064,1895500,0,0
2024-02-02,16.33,16.355,16.05,16.18,13.9733,1275800,0,0
2024-02-05,16.01,16.145,15.715,16.04,13.8524,1115000,0,0
2024-02-06,15.9,16.335,15.88,15.96,13.7833,898500,0,0
2024-02-07,15.97,16.03,15.49,15.88,13.7142,1626600,0,0
2024-02-08,15.82,16.155,15.65,16.11,13.9128,1026100,0,0
2024-02-09,16.14,16.195,15.87,16.19,13.9819,859900,0,0
2024-02-12,16.22,16.71,16.22,16.53,14.2755,824000,0,0
2024-02-13,16.06,16.17,15.87,15.97,13.7919,1025200,0,0
2024-02-14,16.1,16.23,16,16.18,13.9733,594300,0,0
2024-02-15,16.26,16.57,16.26,16.5,14.2496,656800,0,0
2024-02-16,16.35,16.51,16.15,16.29,14.0683,664900,0,0
2024-02-20,16.1,16.525,16.08,16.25,14.0337,724500,0,0
2024-02-21,16.11,16.17,15.975,16.13,13.9301,691700,0,0
2024-02-22,16.03,16.215,16,16.19,13.9819,1309800,0,0
2024-02-23,16.16,16.55,16.16,16.28,14.0596,804300,0,0
2024-02-26,16.19,16.44,16.04,16.11,13.9128,643600,0,0
2024-02-27,16.25,16.3,15.915,15.94,13.766,638000,0,0
2024-02-28,15.93,16.14,15.72,15.75,13.6019,1061500,0,0
2024-02-29,15.83,16.32,15.8,16.26,14.1865,1403200,0.16,0
2024-03-01,16.23,16.48,16.04,16.46,14.361,691300,0,0
2024-03-04,16.45,16.585,16.35,16.42,14.3261,808300,0,0
2024-03-05,16.3,16.545,16.25,16.34,14.2563,639100,0,0
2024-03-06,16.34,16.495,16.145,16.37,14.2824,1253700,0,0
2024-03-07,16.54,16.735,16.3,16.45,14.3522,722100,0,0
2024-03-08,16.66,16.74,16.33,16.45,14.3522,548900,0,0
2024-03-11,16.46,16.68,16.42,16.56,14.4482,809500,0,0
2024-03-12,16.54,16.78,16.46,16.73,14.5965,487000,0,0
2024-03-13,16.67,16.935,16.67,16.89,14.7361,544900,0,0
2024-03-14,16.84,16.915,16.31,16.44,14.3435,882900,0,0
2024-03-15,16.34,16.63,16.34,16.58,14.4657,2257900,0,0
2024-03-18,16.53,16.57,16.245,16.26,14.1865,616900,0,0
2024-03-19,16.26,16.6,16.26,16.56,14.4482,809000,0,0
2024-03-20,16.45,17.03,16.345,16.93,14.771,644300,0,0
2024-03-21,16.98,17.125,16.785,16.98,14.8147,758200,0,0
2024-03-22,17.1,17.1,16.785,16.82,14.6751,468200,0,0
2024-03-25,16.79,17.205,16.79,17.15,14.963,624600,0,0
2024-03-26,17.19,17.3,17.06,17.06,14.8845,512200,0,0
2024-03-27,17.09,17.26,17.09,17.22,15.0241,576000,0,0
2024-03-28,17.26,17.555,17.26,17.4,15.1811,580600,0,0
2024-04-01,17.4,17.4,17.03,17.03,14.8583,392700,0,0
2024-04-02,16.84,16.89,16.63,16.68,14.5529,591800,0,0
2024-04-03,16.96,17.499,16.78,17.23,15.0328,695700,0,0
2024-04-04,17.43,17.56,16.845,16.87,14.7187,736200,0,0
2024-04-05,16.79,17.05,16.74,17.03,14.8583,586200,0,0
2024-04-08,17.04,17.245,17,17.12,14.9368,1034900,0,0
2024-04-09,17.2,17.28,16.94,17.12,14.9368,591200,0,0
2024-04-10,16.7,16.91,16.43,16.66,14.5355,757900,0,0
2024-04-11,16.78,16.83,16.53,16.65,14.5267,504000,0,0
2024-04-12,16.5,16.6,16.385,16.44,14.3435,529800,0,0
2024-04-15,16.45,16.595,16.01,16.15,14.0905,844800,0,0
2024-04-16,16.03,16.28,15.92,16.26,14.1865,650200,0,0
2024-04-17,16.42,16.595,16.1,16.1,14.0469,692200,0,0
2024-04-18,16.18,16.57,16.135,16.26,14.1865,725300,0,0
2024-04-19,16.24,16.56,16.14,16.21,14.1429,1204100,0,0
2024-04-22,16.38,16.74,16.325,16.58,14.4657,804200,0,0
2024-04-23,16.53,16.795,16.53,16.6,14.4831,1856300,0,0
2024-04-24,15.34,16.27,15.34,16.09,14.0382,2249600,0,0
2024-04-25,15.9,15.965,15.475,15.76,13.7502,1557500,0,0
2024-04-26,15.73,15.975,15.62,15.72,13.7153,766500,0,0
2024-04-29,15.72,15.84,15.535,15.55,13.567,781300,0,0
2024-04-30,15.39,15.46,15,15.02,13.1046,1721400,0,0
2024-05-01,15.07,15.49,14.98,15.42,13.4536,918600,0,0
2024-05-02,15.62,15.62,15.335,15.44,13.471,643900,0,0
2024-05-03,15.7,16,15.7,15.98,13.9422,870800,0,0
2024-05-06,16.1,16.185,15.7,15.76,13.7502,777700,0,0
2024-05-07,15.77,15.97,15.365,15.47,13.4972,954900,0,0
2024-05-08,15.43,15.51,15.34,15.47,13.4972,888200,0,0
2024-05-09,15.49,15.625,15.39,15.43,13.4623,547100,0,0
2024-05-10,15.5,15.57,15.39,15.48,13.5059,657600,0,0
2024-05-13,15.668,15.99,15.56,15.65,13.6543,739200,0,0
2024-05-14,15.83,15.95,15.675,15.7,13.6979,823600,0,0
2024-05-15,15.83,15.83,15.49,15.6,13.6106,466900,0,0
2024-05-16,15.59,15.7,15.07,15.54,13.5583,1217100,0,0
2024-05-17,15.57,15.585,15.36,15.42,13.4536,433900,0,0
2024-05-20,15.4,15.48,15.1,15.11,13.1831,656300,0,0
2024-05-21,15.06,15.519,15,15.47,13.4972,794700,0,0
2024-05-22,15.44,15.475,15.23,15.25,13.3053,562500,0,0
2024-05-23,15.34,15.34,14.77,14.94,13.0348,580100,0,0
2024-05-24,15.14,15.18,14.935,15.12,13.1919,516700,0,0
2024-05-28,15.16,15.17,14.8,14.845,12.9519,714500,0,0
2024-05-29,14.67,14.8,14.55,14.74,12.8603,722300,0,0
2024-05-30,14.85,15.12,14.74,15.12,13.1919,722700,0,0
2024-05-31,15.17,15.465,14.98,15.07,13.1482,3763500,0,0
2024-06-03,15.21,15.29,14.82,14.97,13.061,591800,0,0
2024-06-04,14.9,15.11,14.72,14.73,12.8516,651000,0,0
2024-06-05,14.86,14.86,14.55,14.61,12.7469,475100,0,0
2024-06-06,14.59,14.73,14.56,14.63,12.7643,573900,0,0
2024-06-07,14.41,14.46,14.31,14.39,12.6938,609400,0.16,0
2024-06-10,14.21,14.5,14.04,14.43,12.7291,698400,0,0
2024-06-11,14.33,14.34,13.96,13.99,12.3409,631300,0,0
2024-06-12,14.3,14.55,14.28,14.47,12.7643,803500,0,0
2024-06-13,14.41,14.67,14.41,14.57,12.8526,904500,0,0
2024-06-14,14.49,14.49,14.15,14.26,12.5791,568400,0,0
2024-06-17,14.22,14.295,14.025,14.27,12.5879,662900,0,0
2024-06-18,14.28,14.44,14.15,14.26,12.5791,698400,0,0
2024-06-20,14.24,14.505,14.2,14.47,12.7643,547900,0,0
2024-06-21,14.52,14.675,14.41,14.53,12.8173,2212700,0,0
2024-06-24,14.58,14.855,14.53,14.53,12.8173,606300,0,0
2024-06-25,14.48,14.51,14.245,14.3,12.6144,515800,0,0
2024-06-26,14.2,14.3,14.13,14.23,12.5526,661900,0,0
2024-06-27,14.28,14.29,14.11,14.2,12.5262,488100,0,0
2024-06-28,14.34,14.64,14.305,14.56,12.8437,1134900,0,0
2024-07-01,14.5,14.65,14.23,14.23,12.5526,708700,0,0
2024-07-02,14.23,14.54,14.23,14.41,12.7114,586300,0,0
2024-07-03,14.45,14.56,14.34,14.42,12.7202,358500,0,0
2024-07-05,14.39,14.471,14.225,14.33,12.6408,465000,0,0
2024-07-08,14.37,14.53,14.21,14.22,12.5438,557400,0,0
2024-07-09,14.1,14.3,14.04,14.1,12.438,679900,0,0
2024-07-10,14.11,14.185,13.955,14.08,12.4203,503600,0,0
2024-07-11,14.38,14.87,14.26,14.83,13.0819,729100,0,0
2024-07-12,14.97,15.08,14.74,14.76,13.0202,717900,0,0
2024-07-15,14.96,15.35,14.89,15.22,13.4259,944000,0,0
2024-07-16,15.31,15.76,15.31,15.7,13.8493,788900,0,0
2024-07-17,15.48,15.85,15.475,15.61,13.77,998300,0,0
2024-07-18,15.52,15.865,15.35,15.35,13.5406,796800,0,0
2024-07-19,15.38,15.48,15.23,15.4,13.5847,594200,0,0
2024-07-22,15.37,15.525,15.22,15.44,13.62,623300,0,0
2024-07-23,15.41,15.65,15.32,15.54,13.7082,894700,0,0
2024-07-24,14.5,15.765,14.5,15.69,13.8405,1366500,0,0
2024-07-25,15.8,15.83,15.3,15.6,13.7611,1270700,0,0
2024-07-26,15.78,16.03,15.655,15.95,14.0699,1079900,0,0
2024-07-29,15.98,16.135,15.75,16.1,14.2022,662900,0,0
2024-07-30,16.16,16.525,16.115,16.42,14.4845,684500,0,0
2024-07-31,16.45,16.74,16.31,16.41,14.4757,768600,0,0
2024-08-01,16.38,16.45,15.68,15.79,13.9287,618400,0,0
2024-08-02,15.33,15.385,14.97,15.34,13.5318,750600,0,0
2024-08-05,14.52,14.74,14.3,14.46,12.7555,854400,0,0
2024-08-06,14.49,14.55,14.23,14.34,12.6497,748400,0,0
2024-08-07,14.57,14.779,14.13,14.16,12.4909,602300,0,0
2024-08-08,14.32,14.725,14.32,14.59,12.8702,560500,0,0
2024-08-09,14.61,14.725,14.455,14.65,12.9231,506400,0,0
2024-08-12,14.73,14.86,14.4,14.41,12.7114,549000,0,0
2024-08-13,14.4,14.83,14.4,14.79,13.0466,566700,0,0
2024-08-14,15.47,15.485,14.89,15.15,13.3642,733000,0,0
2024-08-15,15.5,15.58,15.235,15.46,13.6376,678400,0,0
2024-08-16,15.45,15.72,15.365,15.41,13.5935,784200,0,0
2024-08-19,15.47,15.53,15.335,15.52,13.6906,371700,0,0
2024-08-20,15.52,15.62,15.435,15.57,13.7347,507200,0,0
2024-08-21,15.64,15.675,15.405,15.48,13.6553,479800,0,0
2024-08-22,15.44,15.63,15.44,15.57,13.7347,389300,0,0
2024-08-23,15.66,16.2,15.535,16.12,14.2198,521000,0,0
2024-08-26,16.26,16.33,16.02,16.05,14.1581,500500,0,0
2024-08-27,16.01,16.15,15.72,16.04,14.1493,445700,0,0
2024-08-28,15.93,16.375,15.93,16.34,14.4139,880000,0,0
2024-08-29,16.41,16.505,16.22,16.39,14.458,649800,0,0
2024-08-30,16.4,16.965,16.14,16.93,14.9344,799500,0,0
2024-09-03,16.7,16.76,16.075,16.14,14.2375,738200,0,0
2024-09-04,16.13,16.53,16,16.03,14.1405,463800,0,0
2024-09-05,16.21,16.27,15.875,15.99,14.1052,381200,0,0
2024-09-06,15.91,16.075,15.78,15.84,14.1141,539000,0.16,0
2024-09-09,15.91,15.91,15.45,15.48,13.7933,742200,0,0
2024-09-10,15.54,15.54,14.7,14.9,13.2765,774500,0,0
2024-09-11,14.76,14.84,14.36,14.66,13.0626,752800,0,0
2024-09-12,15.02,15.63,14.83,15.46,13.7755,1019300,0,0
2024-09-13,15.65,16.021,15.525,15.77,14.0517,570800,0,0
2024-09-16,15.86,15.87,15.66,15.74,14.025,459300,0,0
2024-09-17,15.87,16.11,15.86,16,14.2566,435800,0,0
2024-09-18,16,16.44,15.91,16.01,14.2656,442000,0,0
2024-09-19,16.39,16.39,16.07,16.15,14.3903,574200,0,0
2024-09-20,16.04,16.17,15.83,15.87,14.1408,2001800,0,0
2024-09-23,15.99,16.09,15.71,15.71,13.9982,487700,0,0
2024-09-24,15.74,15.97,15.31,15.32,13.6507,792300,0,0
2024-09-25,15.35,15.36,14.97,15,13.3656,770400,0,0
2024-09-26,15.15,15.315,15.045,15.23,13.5705,626400,0,0
2024-09-27,15.43,15.65,15.31,15.42,13.7398,447600,0,0
2024-09-30,15.24,15.7,15.24,15.59,13.8913,523600,0,0
2024-10-01,15.52,15.61,15.13,15.22,13.5616,534800,0,0
2024-10-02,15.24,15.49,15.09,15.26,13.5973,386700,0,0
2024-10-03,15.2,15.336,15.015,15.29,13.624,423300,0,0
2024-10-04,15.55,15.7,15.44,15.6,13.9002,337300,0,0
2024-10-07,15.56,15.93,15.51,15.82,14.0963,553100,0,0
2024-10-08,15.8,15.8,15.385,15.54,13.8468,652600,0,0
2024-10-09,15.59,15.75,15.52,15.53,13.8379,325800,0,0
2024-10-10,15.4,15.6,15.26,15.44,13.7577,473800,0,0
2024-10-11,15.56,15.74,15.51,15.71,13.9982,286800,0,0
2024-10-14,15.74,15.745,15.45,15.48,13.7933,374400,0,0
2024-10-15,15.45,15.745,15.34,15.53,13.8379,534700,0,0
2024-10-16,15.71,15.955,15.475,15.86,14.1319,475000,0,0
2024-10-17,15.92,15.92,15.57,15.82,14.0963,319000,0,0
2024-10-18,15.84,15.855,15.695,15.73,14.0161,343000,0,0
2024-10-21,15.67,15.72,15.13,15.18,13.526,506100,0,0
2024-10-22,15.2,15.37,15.11,15.32,13.6507,545000,0,0
2024-10-23,15.26,15.33,15.08,15.27,13.6062,335500,0,0
2024-10-24,15.3,15.34,15.13,15.26,13.5973,348900,0,0
2024-10-25,15.38,15.54,15.02,15.11,13.4636,304400,0,0
2024-10-28,15.2,15.67,15.2,15.47,13.7844,528200,0,0
2024-10-29,15.29,15.39,15.03,15.14,13.4903,512300,0,0
2024-10-30,15.72,16.15,15.16,15.19,13.5349,1042200,0,0
2024-10-31,15.21,15.21,14.21,14.23,12.6795,1011400,0,0
2024-11-01,14.17,14.43,13.96,13.99,12.4657,702800,0,0
2024-11-04,13.93,14.23,13.71,14.2,12.6528,1071000,0,0
2024-11-05,14.14,14.295,14.045,14.22,12.6706,511300,0,0
2024-11-06,15,15.9,14.99,15.73,14.0161,2152000,0,0
2024-11-07,15.74,15.74,15.23,15.25,13.5884,819700,0,0
2024-11-08,15.16,15.27,15.06,15.08,13.4369,692200,0,0
2024-11-11,15.34,15.63,15.2,15.38,13.7042,713200,0,0
2024-11-12,15.23,15.53,15.18,15.5,13.8111,770800,0,0
2024-11-13,15.56,15.68,15.25,15.26,13.5973,766400,0,0
2024-11-14,15.28,15.35,15.07,15.19,13.5349,566900,0,0
2024-11-15,15.28,15.355,14.95,15.14,13.4903,911800,0,0
2024-11-18,15.24,15.28,14.75,14.78,13.1696,655400,0,0
2024-11-19,14.54,14.895,14.52,14.81,13.1963,607700,0,0
2024-11-20,14.76,15.025,14.75,14.78,13.1696,546700,0,0
2024-11-21,14.78,15.12,14.72,14.93,13.3032,2097800,0,0
2024-11-22,14.99,15.48,14.95,15.37,13.6953,1407300,0,0
2024-11-25,15.54,15.895,15.54,15.57,13.8735,1521000,0,0
2024-11-26,15.42,15.48,15.13,15.25,13.5884,865600,0,0
2024-11-27,15.27,15.46,15.23,15.32,13.6507,1192200,0,0
2024-11-29,15.44,15.81,15.37,15.58,13.8824,1302800,0,0
2024-12-02,15.66,15.67,15.17,15.28,13.6151,1057700,0,0
2024-12-03,15.28,15.4,15,15.08,13.4369,689700,0,0
2024-12-04,15.16,15.31,14.88,15.28,13.6151,674600,0,0
2024-12-05,15.32,15.48,15.23,15.26,13.5973,585800,0,0
2024-12-06,15.29,15.5,15.16,15.19,13.6783,990800,0.16,0
2024-12-09,15.26,15.27,14.765,14.8,13.3271,1496200,0,0
2024-12-10,14.76,15.03,14.63,14.86,13.3812,547200,0,0
2024-12-11,14.95,15.13,14.75,15.05,13.5522,627400,0,0
2024-12-12,15.01,15.26,14.98,15.11,13.6063,742600,0,0
2024-12-13,15.1,15.1,14.79,14.82,13.3451,488500,0,0
2024-12-16,14.78,14.88,14.72,14.76,13.2911,457400,0,0
2024-12-17,14.69,14.82,14.515,14.53,13.084,571500,0,0
2024-12-18,14.59,14.78,13.87,13.89,12.5077,663100,0,0
2024-12-19,14.12,14.3,13.96,14.21,12.7958,845300,0,0
2024-12-20,14.11,14.37,14.11,14.26,12.8409,2548400,0,0
2024-12-23,14.08,14.23,13.22,13.24,11.9224,1366100,0,0
2024-12-24,13.24,13.7,13.19,13.52,12.1745,867800,0,0
2024-12-26,13.38,13.435,13.16,13.33,12.0034,1527000,0,0
2024-12-27,13.22,13.35,12.96,13.05,11.7513,1164800,0,0
2024-12-30,13,13.12,12.775,12.98,11.6883,1341800,0,0
2024-12-31,13,13.34,12.98,13.29,11.9674,760700,0,0
2025-01-02,13.37,13.43,12.91,13.06,11.7603,665300,0,0
2025-01-03,13.15,13.165,12.79,13.13,11.8233,958500,0,0
2025-01-06,13.23,13.655,13.21,13.44,12.1025,684700,0,0
2025-01-07,13.44,13.61,13.215,13.41,12.0755,782000,0,0
2025-01-08,13.25,13.27,13.04,13.08,11.7783,968900,0,0
2025-01-10,12.89,13.03,12.81,12.95,11.6612,672500,0,0
2025-01-13,12.86,13.01,12.73,12.98,11.6883,822200,0,0
2025-01-14,13.03,13.47,12.99,13.41,12.0755,611300,0,0
2025-01-15,13.71,13.83,13.68,13.73,12.3636,578100,0,0
2025-01-16,13.73,14,13.73,13.83,12.4537,800400,0,0
2025-01-17,13.92,14.08,13.84,13.92,12.5347,583500,0,0
2025-01-21,14.42,14.48,14.13,14.26,12.8409,680300,0,0
2025-01-22,14.2,14.4,14.15,14.29,12.8679,715800,0,0
2025-01-23,14.25,14.5,14.25,14.49,13.048,727600,0,0
2025-01-24,14.47,14.735,14.45,14.57,13.12,609300,0,0
2025-01-27,14.6,14.82,14.54,14.66,13.2011,2541400,0,0
2025-01-28,14.74,14.78,14.44,14.75,13.2821,1017200,0,0
2025-01-29,14.21,14.425,13.83,14.27,12.8499,1195100,0,0
2025-01-30,14.2,14.36,13.73,13.77,12.3996,1355500,0,0
2025-01-31,13.73,13.97,13.39,13.67,12.3096,926700,0,0
2025-02-03,13.23,13.615,13.11,13.54,12.1925,829900,0,0
2025-02-04,13.5,13.83,13.48,13.79,12.4176,1382900,0,0
2025-02-05,13.8,13.9,13.69,13.77,12.3996,661000,0,0
2025-02-06,13.92,13.93,13.675,13.785,12.4131,596300,0,0
2025-02-07,13.76,13.87,13.57,13.58,12.2285,769800,0,0
2025-02-10,13.53,13.63,13.36,13.53,12.1835,1015600,0,0
2025-02-11,13.36,13.7,13.35,13.62,12.2646,907900,0,0
2025-02-12,13.44,13.52,13.295,13.49,12.1475,770300,0,0
2025-02-13,13.58,13.655,13.43,13.6,12.2466,490700,0,0
2025-02-14,13.65,13.915,13.65,13.89,12.5077,494700,0,0
2025-02-18,13.88,14.02,13.82,13.89,12.5077,688300,0,0
2025-02-19,13.7,14.135,13.7,14.03,12.6338,615900,0,0
2025-02-20,13.94,14.16,13.82,14.07,12.6698,514700,0,0
2025-02-21,14.15,14.2,14.005,14.02,12.6248,650600,0,0
2025-02-24,14.07,14.13,13.94,13.99,12.5977,722800,0,0
2025-02-25,14,14.08,13.78,14.02,12.6248,658500,0,0
2025-02-26,14.01,14.17,13.995,14.13,12.7238,504900,0,0
2025-02-27,14.1,14.13,13.915,13.99,12.5977,663000,0,0
2025-02-28,14.01,14.32,13.99,14.31,12.8859,1116100,0,0
2025-03-03,14.25,14.43,13.805,13.91,12.5257,816600,0,0
2025-03-04,13.68,13.74,13.37,13.46,12.1205,713900,0,0
2025-03-05,13.54,13.725,13.31,13.61,12.2556,638000,0,0
2025-03-06,13.53,13.865,13.35,13.83,12.4537,836600,0,0
2025-03-07,13.66,14.205,13.57,14.19,12.9274,632600,0.16,0
2025-03-10,14,14.21,13.76,13.91,12.6723,1128100,0,0
2025-03-11,13.91,13.97,13.23,13.24,12.0619,862500,0,0
2025-03-12,13.32,13.36,13.052,13.14,11.9708,828100,0,0
2025-03-13,13.18,13.45,12.9,13.02,11.8615,668500,0,0
2025-03-14,13.13,13.49,13.13,13.47,12.2715,605300,0,0
2025-03-17,13.4,13.54,13.32,13.41,12.2168,727800,0,0
2025-03-18,13.34,13.4,13.19,13.21,12.0346,584800,0,0
2025-03-19,13.24,13.53,13.16,13.4,12.2077,458400,0,0
2025-03-20,13.3,13.76,13.265,13.54,12.3352,600200,0,0
2025-03-21,13.45,13.55,13.225,13.33,12.1439,2983000,0,0
2025-03-24,13.46,13.49,13.29,13.43,12.235,534800,0,0
2025-03-25,13.47,13.565,13.115,13.12,11.9526,702200,0,0
2025-03-26,13.12,13.33,13.025,13.14,11.9708,423000,0,0
2025-03-27,13.08,13.41,12.98,13.2,12.0255,754700,0,0
2025-03-28,13.22,13.28,12.68,12.82,11.6793,496600,0,0
2025-03-31,12.59,12.72,12.505,12.63,11.5062,585200,0,0
2025-04-01,12.51,12.73,12.35,12.62,11.4971,537400,0,0
2025-04-02,12.5,13.04,12.5,12.98,11.8251,490100,0,0
2025-04-03,12.54,12.54,11.775,11.86,10.8047,820600,0,0
2025-04-04,11.42,11.55,10.96,11.14,10.1488,1158200,0,0
2025-04-07,10.58,11.73,10.53,11.04,10.0577,1270700,0,0
2025-04-08,11.36,11.5,10.67,10.76,9.80259,1053700,0,0
2025-04-09,10.59,12.37,10.59,12,10.9323,1478000,0,0
2025-04-10,11.68,11.725,10.88,11.42,10.4039,1406700,0,0
2025-04-11,11.41,11.48,10.7,11.01,10.0303,594600,0,0
2025-04-14,11.25,11.27,11,11.18,10.1852,449700,0,0
2025-04-15,11.18,11.405,11.18,11.27,10.2672,563800,0,0
2025-04-16,11.19,11.33,10.985,11.07,10.085,386200,0,0
2025-04-17,11.07,11.33,11.07,11.21,10.2125,431000,0,0
2025-04-21,11.07,11.1,10.915,11,10.0212,525000,0,0
2025-04-22,11.19,11.49,11.09,11.45,10.4312,587700,0,0
2025-04-23,11.75,12.07,11.52,11.59,10.5587,686000,0,0
2025-04-24,11.62,11.985,11.58,11.91,10.8503,775900,0,0
2025-04-25,11.93,11.93,11.735,11.83,10.7774,465900,0,0
2025-04-28,11.82,12.26,11.82,12.23,11.1418,904800,0,0
2025-04-29,12.19,13.2,12.19,12.7,11.57,1950400,0,0
2025-04-30,12.02,12.64,12.02,12.38,11.2784,1281200,0,0
2025-05-01,12.49,12.76,12.35,12.53,11.4151,764700,0,0
2025-05-02,12.64,12.85,12.58,12.76,11.6246,541900,0,0
2025-05-05,12.59,13.05,12.59,12.77,11.6337,715000,0,0
2025-05-06,12.62,12.8,12.55,12.56,11.4424,565000,0,0
2025-05-07,12.63,12.82,12.53,12.59,11.4698,563100,0,0
2025-05-08,12.7,13.065,12.65,12.97,11.8159,541800,0,0
2025-05-09,13,13.55,12.98,13.51,12.3079,1313300,0,0
2025-05-12,14.05,14.155,13.725,13.87,12.6359,957600,0,0
2025-05-13,13.99,13.99,13.77,13.78,12.5539,514500,0,0
2025-05-14,13.76,13.81,13.53,13.74,12.5174,559300,0,0
2025-05-15,13.75,13.88,13.6,13.88,12.645,416300,0,0
2025-05-16,13.85,13.88,13.65,13.755,12.5311,545600,0,0
2025-05-19,13.53,13.77,13.53,13.76,12.5357,504200,0,0
2025-05-20,13.66,13.76,13.43,13.51,12.3079,489800,0,0
2025-05-21,13.3,13.425,12.96,12.98,11.8251,516700,0,0
2025-05-22,12.9,13.34,12.88,13.23,12.0528,597600,0,0
2025-05-23,12.86,13.295,12.86,13.25,12.071,525600,0,0
2025-05-27,13.42,13.66,13.27,13.65,12.4354,554300,0,0
2025-05-28,13.62,13.65,13.345,13.38,12.1895,483300,0,0
2025-05-29,13.48,13.63,13.23,13.59,12.3808,569600,0,0
2025-05-30,13.53,13.6,13.385,13.44,12.2441,1000600,0,0
2025-06-02,13.39,13.44,13.175,13.32,12.1348,399400,0,0
2025-06-03,13.27,13.615,13.21,13.5,12.2988,450400,0,0
2025-06-04,13.53,13.625,13.47,13.56,12.3535,488300,0,0
2025-06-05,13.56,13.74,13.475,13.56,12.3535,426500,0,0
2025-06-06,13.62,13.695,13.415,13.45,12.3995,382200,0.16,0
2025-06-09,13.57,13.68,13.47,13.58,12.5194,772400,0,0
2025-06-10,13.61,13.84,13.56,13.76,12.6853,484700,0,0
2025-06-11,13.84,13.995,13.68,13.93,12.8421,689700,0,0
2025-06-12,13.78,13.87,13.615,13.68,12.6116,448000,0,0
2025-06-13,13.4,13.591,13.15,13.21,12.1783,354800,0,0
2025-06-16,13.28,13.44,13.215,13.3,12.2613,502400,0,0
2025-06-17,13.16,13.35,13.1,13.16,12.1322,536900,0,0
2025-06-18,13.14,13.6,13.14,13.41,12.3627,908000,0,0
2025-06-20,13.57,13.68,13.405,13.51,12.4549,1442300,0,0
2025-06-23,13.44,13.64,13.25,13.63,12.5655,688500,0,0
2025-06-24,13.75,14.04,13.66,13.9,12.8144,822500,0,0
2025-06-25,13.91,14.225,13.845,14.16,13.0541,581300,0,0
2025-06-26,14.18,14.415,14.105,14.33,13.2108,568700,0,0
2025-06-27,14.43,14.44,13.995,14.04,12.9435,1446100,0,0
2025-06-30,14.12,14.225,13.995,14.1,12.9988,491900,0,0
2025-07-01,14.08,14.72,13.995,14.59,13.4505,688900,0,0
2025-07-02,14.59,14.805,14.53,14.73,13.5796,547800,0,0
2025-07-03,14.86,14.96,14.787,14.82,13.6625,389400,0,0
2025-07-07,14.66,15.79,14.6,15.57,14.354,3352700,0,0
2025-07-08,15.51,16.07,15.26,15.32,14.1235,1526100,0,0
2025-07-09,15.43,15.48,14.87,15.2,14.0129,1133400,0,0
2025-07-10,15.26,15.73,15.135,15.59,14.3724,903700,0,0
2025-07-11,15.47,15.51,15.225,15.24,14.0497,626000,0,0
2025-07-14,15.21,15.255,14.935,15.06,13.8838,495900,0,0
2025-07-15,15.07,15.12,14.55,14.61,13.4689,795800,0,0
2025-07-16,14.67,14.81,14.25,14.79,13.6349,999700,0,0
2025-07-17,14.74,14.94,14.3,14.39,13.2661,1190300,0,0
2025-07-18,14.54,14.54,13.84,14.13,13.0264,1349100,0,0
2025-07-21,14.23,14.485,14.11,14.27,13.1555,1078700,0,0
2025-07-22,14.27,14.35,14.13,14.13,13.0264,875200,0,0
2025-07-23,14.23,14.405,14.025,14.38,13.2569,842200,0,0
2025-07-24,14.29,14.29,13.67,13.69,12.6208,1013200,0,0
2025-07-25,13.78,14.08,13.6,13.98,12.8881,813100,0,0
2025-07-28,13.98,14.195,13.915,14.06,12.9619,918600,0,0
2025-07-29,14.14,14.2,13.635,13.79,12.713,1160500,0,0
2025-07-30,13,13.645,12.635,12.68,11.6897,2189400,0,0
2025-07-31,12.62,13.13,12.52,12.94,11.9294,1261500,0,0
2025-08-01,12.8,12.84,12.49,12.66,11.6712,936100,0,0
2025-08-04,12.8,12.95,12.62,12.71,11.7173,1031500,0,0
2025-08-05,12.8,12.89,12.2,12.5,11.5237,2643300,0,0
2025-08-06,12.49,12.635,12.38,12.45,11.4776,870200,0,0
2025-08-07,12.57,12.6,12.415,12.43,11.4592,540400,0,0
2025-08-08,12.51,12.605,12.34,12.41,11.4408,579600,0,0
2025-08-11,12.45,12.505,12.36,12.48,11.5053,547600,0,0
2025-08-12,12.62,13.025,12.62,12.89,11.8833,606100,0,0
2025-08-13,12.94,13.19,12.94,13.18,12.1506,808600,0,0
2025-08-14,13.01,13.165,12.88,13.15,12.123,621700,0,0
2025-08-15,13.2,13.21,12.762,12.78,11.7819,890400,0,0
2025-08-18,12.75,13.065,12.74,12.93,11.9202,698000,0,0
2025-08-19,12.99,13.13,12.755,12.92,11.9109,531800,0,0
2025-08-20,12.91,13.095,12.8,13.05,12.0308,654700,0,0
2025-08-21,12.94,13.1,12.8,13.06,12.04,612100,0,0
2025-08-22,13.17,13.715,13.135,13.56,12.501,891600,0,0
2025-08-25,13.54,13.65,13.215,13.54,12.4825,478000,0,0
2025-08-26,13.53,13.76,13.475,13.67,12.6024,885500,0,0
2025-08-27,13.61,13.82,13.37,13.59,12.5286,816700,0,0
2025-08-28,13.56,13.7,13.475,13.66,12.5931,472900,0,0
2025-08-29,13.64,13.74,13.55,13.71,12.6392,702000,0,0
2025-09-02,13.61,13.74,13.41,13.73,12.6577,458200,0,0
2025-09-03,13.71,13.87,13.505,13.64,12.5747,1010100,0,0
2025-09-04,13.03,13.785,12.95,13.77,12.6946,1632800,0,0
2025-09-05,13.69,13.84,13.56,13.73,12.8065,688200,0.16,0
2025-09-08,13.75,13.75,13.44,13.61,12.6946,620400,0,0
2025-09-09,13.63,13.69,13.39,13.43,12.5267,558600,0,0
2025-09-10,13.37,13.47,12.94,13,12.1256,1083800,0,0
2025-09-11,13.02,13.21,12.925,13.19,12.3028,706000,0,0
2025-09-12,13.2,13.2,12.86,12.87,12.0043,611200,0,0
2025-09-15,12.96,13.25,12.805,13.09,12.2095,933900,0,0
2025-09-16,13.07,13.07,12.78,12.97,12.0976,888600,0,0
2025-09-17,13.01,13.4,12.96,13.11,12.2282,762300,0,0
2025-09-18,13.17,13.385,13.14,13.34,12.4427,705800,0,0
2025-09-19,13.4,13.43,13.16,13.31,12.4147,2432600,0,0
2025-09-22,13.22,13.37,12.88,12.98,12.1069,1153300,0,0
2025-09-23,13.01,13.17,12.87,12.92,12.051,807500,0,0
2025-09-24,12.91,13.105,12.91,12.99,12.1163,587500,0,0
2025-09-25,12.99,12.99,12.77,12.85,11.9857,576100,0,0
2025-09-26,12.89,12.89,12.66,12.83,11.967,705500,0,0
2025-09-29,12.87,13.115,12.715,13.09,12.2095,851900,0,0
2025-09-30,13.1,13.23,12.89,13.15,12.2655,1041500,0,0
2025-10-01,13.1,13.5,13.06,13.23,12.3401,1230800,0,0
2025-10-02,13.2,13.345,13.04,13.16,12.2748,1020300,0,0
2025-10-03,13.19,13.42,13.19,13.29,12.3961,831700,0,0
2025-10-06,13.32,13.45,12.83,12.86,11.995,793300,0,0
2025-10-07,12.87,12.99,12.42,12.6,11.7525,1374100,0,0
2025-10-08,12.64,12.73,12.43,12.44,11.6032,637700,0,0
2025-10-09,12.43,12.45,12.27,12.32,11.4913,666600,0,0
2025-10-10,12.33,12.365,11.913,11.95,11.1462,763300,0,0
2025-10-13,12.03,12.23,11.93,12.18,11.3607,618900,0,0
2025-10-14,12.05,12.555,12,12.47,11.6312,540500,0,0
2025-10-15,12.48,12.67,12.45,12.515,11.6732,433000,0,0
2025-10-16,12.49,12.535,12.08,12.16,11.3421,459200,0,0
2025-10-17,12.14,12.41,12.14,12.19,11.3701,443500,0,0
2025-10-20,12.21,12.43,12.21,12.39,11.5566,416800,0,0
2025-10-21,12.43,12.64,12.38,12.48,11.6406,431600,0,0
2025-10-22,12.54,12.7,12.47,12.62,11.7711,429100,0,0
2025-10-23,12.58,12.761,12.57,12.69,11.8364,437100,0,0
2025-10-24,12.89,13.01,12.74,12.82,11.9577,809500,0,0
2025-10-27,12.84,13.09,12.84,12.92,12.051,402200,0,0
2025-10-28,12.89,12.97,12.75,12.94,12.0696,609900,0,0
2025-10-29,12.33,12.628,11.47,11.67,10.885,1956800,0,0
2025-10-30,11.5,12.245,11.5,11.99,11.1835,1419600,0,0
2025-10-31,11.9,12.26,11.81,12.23,11.4074,1134300,0,0
2025-11-03,12.16,12.265,11.94,12.2,11.3794,801000,0,0
2025-11-04,12.17,12.18,11.87,12,11.1928,664400,0,0
2025-11-05,12,12.085,11.79,11.89,11.0902,696800,0,0
2025-11-06,11.89,11.915,11.65,11.67,10.885,690600,0,0
2025-11-07,11.67,11.75,11.6,11.72,10.9317,475800,0,0
2025-11-10,11.74,11.78,11.6,11.74,10.9503,343500,0,0
2025-11-11,11.78,11.845,11.72,11.78,10.9876,389300,0,0
2025-11-12,11.76,12.23,11.76,12.22,11.398,657600,0,0
2025-11-13,12.15,12.325,12.12,12.2,11.3794,637000,0,0
2025-11-14,12.12,12.145,11.905,12.07,11.2581,875600,0,0
2025-11-17,12,12,11.315,11.34,10.5772,792300,0,0
2025-11-18,11.33,11.52,11.25,11.46,10.6892,917300,0,0
2025-11-19,11.41,11.71,11.38,11.65,10.8664,703900,0,0
2025-11-20,11.69,11.94,11.395,11.51,10.7358,1138600,0,0
2025-11-21,11.57,12.176,11.555,11.87,11.0716,1166500,0,0
2025-11-24,11.84,11.985,11.655,11.83,11.0343,1563900,0,0
2025-11-25,11.94,12.63,11.94,12.56,11.7152,1293700,0,0
2025-11-26,12.52,12.63,12.46,12.48,11.6406,940600,0,0
2025-11-28,12.6,12.6,12.02,12.4,11.5659,381200,0,0
2025-12-01,12.28,12.515,12.11,12.35,11.5193,759100,0,0
2025-12-02,12.38,12.715,12.36,12.6,11.7525,1148400,0,0
2025-12-03,12.6,12.77,12.585,12.6,11.7525,1259200,0,0
2025-12-04,12.53,12.68,12.405,12.45,11.6126,1043700,0,0
2025-12-05,12.28,12.495,12.24,12.39,11.7071,723900,0.16,0
2025-12-08,12.43,12.515,12.19,12.42,11.7354,808400,0,0
2025-12-09,12.34,12.52,12.07,12.44,11.7543,1073300,0,0
2025-12-10,12.42,12.9,12.42,12.83,12.1228,2453500,0,0
2025-12-11,12.85,13.06,12.815,12.95,12.2362,1334500,0,0
2025-12-12,13.05,13.1,12.67,12.74,12.0378,1109800,0,0
2025-12-15,12.81,12.905,12.71,12.8,12.0945,987700,0,0
2025-12-16,12.87,13.09,12.85,13.05,12.3307,1106100,0,0
2025-12-17,13.2,13.48,13.08,13.2,12.4724,782400,0,0
2025-12-18,13.29,13.355,12.835,13.28,12.548,753400,0,0
2025-12-19,13.22,13.3,13.015,13.08,12.359,2033900,0,0
2025-12-22,13.08,13.21,12.9,13.04,12.3212,588000,0,0
2025-12-23,13.03,13.1,12.89,12.92,12.2079,490400,0,0
2025-12-24,12.91,13.055,12.91,12.96,12.2456,301000,0,0
2025-12-26,12.95,12.99,12.89,12.94,12.2267,345900,0,0
2025-12-29,12.92,12.95,12.77,12.86,12.1512,419200,0,0
2025-12-30,12.84,12.96,12.84,12.91,12.1984,655200,0,0
2025-12-31,12.92,13.005,12.855,13,12.2834,657100,0,0
2026-01-02,13.01,13.06,12.745,12.78,12.0756,911200,0,0
2026-01-05,12.71,13.19,12.71,13.01,12.2929,901300,0,0
2026-01-06,12.94,13.06,12.66,12.84,12.1323,1217400,0,0
2026-01-07,12.84,12.845,12.6,12.82,12.1134,712200,0,0
2026-01-08,12.8,13.17,12.8,13.12,12.3968,809600,0,0
2026-01-09,13.08,13.15,12.605,13,12.2834,747400,0,0
2026-01-12,12.85,12.94,12.32,12.37,11.6882,971600,0,0
2026-01-13,12.41,12.41,12.05,12.07,11.4047,618000,0,0
2026-01-14,12.07,12.46,11.855,12.41,11.726,814000,0,0
2026-01-15,12.41,12.52,12.265,12.51,11.8204,763600,0,0
2026-01-16,12.58,12.94,12.47,12.51,11.8204,612300,0,0
2026-01-20,12.22,12.335,11.84,11.97,11.3102,706300,0,0
2026-01-21,12,12.32,11.92,12.25,11.5748,891400,0,0
2026-01-22,12.29,12.485,12.205,12.23,11.5559,520400,0,0
2026-01-23,12.21,12.29,11.965,12.08,11.4142,542200,0,0
2026-01-26,12.03,12.18,11.92,12.09,11.4236,507700,0,0
2026-01-27,12.07,12.095,11.92,12.04,11.3764,684100,0,0
2026-01-28,11.8,11.92,9.765,9.81,9.26928,2647100,0,0
2026-01-29,9.76,10.045,9.345,9.88,9.33542,2753200,0,0
2026-01-30,9.75,9.975,9.52,9.81,9.26928,3131200,0,0
2026-02-02,9.83,10.28,9.58,9.98,9.4299,1672100,0,0
2026-02-03,9.9,10.33,9.72,10.01,9.45825,1577400,0,0
2026-02-04,10.13,10.33,10.03,10.05,9.49605,1009500,0,0
2026-02-05,10.04,10.055,9.79,10.01,9.45825,867900,0,0
2026-02-06,10.11,10.37,9.965,10.05,9.49605,786400,0,0
2026-02-09,10,10.07,9.92,10.03,9.47715,952300,0,0
2026-02-10,10.02,10.18,9.89,9.9,9.35431,822800,0,0
2026-02-11,9.85,9.98,9.685,9.84,9.29762,1456700,0,0
2026-02-12,9.84,10.05,9.35,9.39,8.87242,1318600,0,0
2026-02-13,9.45,9.625,9.33,9.34,8.82518,827600,0,0
2026-02-17,9.34,9.505,9.145,9.48,8.95746,1639000,0,0
2026-02-18,9.48,9.63,9.39,9.55,9.02361,1464500,0,0
2026-02-19,9.48,9.55,9.42,9.5,8.97636,757900,0,0
2026-02-20,9.39,9.655,9.34,9.37,8.85353,845600,0,0
2026-02-23,9.36,9.38,8.96,8.99,8.49447,1098000,0,0
2026-02-24,8.98,9.1,8.71,8.72,8.23935,1158300,0,0
2026-02-25,8.8,8.91,8.555,8.91,8.41888,878900,0,0
2026-02-26,8.93,9.05,8.805,8.99,8.49447,952800,0,0
2026-02-27,8.87,8.87,8.5,8.79,8.3055,1549500,0,0
2026-03-02,8.53,8.715,8.36,8.62,8.14487,1223000,0,0
2026-03-03,8.47,8.66,8.3,8.6,8.12597,779100,0,0
2026-03-04,8.63,8.77,8.515,8.68,8.20156,683000,0,0
2026-03-05,8.61,8.74,8.46,8.56,8.08817,862600,0,0
2026-03-06,8.21,8.32,8,8.3,7.99189,859200,0.16,0
2026-03-09,8.15,8.265,7.945,8.25,7.94374,1327900,0,0
2026-03-10,8.27,8.335,8.07,8.13,7.8282,754500,0,0
2026-03-11,8.09,8.14,7.91,8.11,7.80894,919300,0,0
2026-03-12,7.96,8.1,7.908,8.06,7.7608,882500,0,0
2026-03-13,8.08,8.17,7.86,8.13,7.8282,1260600,0,0
2026-03-16,8.16,8.37,8.15,8.26,7.95337,918100,0,0
2026-03-17,8.34,8.4,8.075,8.22,7.91486,950400,0,0
2026-03-18,8.16,8.25,8.055,8.11,7.80894,925200,0,0
2026-03-19,8.07,8.18,7.935,8.11,7.80894,776600,0,0
2026-03-20,8.13,8.175,7.975,8.04,7.74154,2682500,0,0
2026-03-23,8.27,8.39,8.07,8.24,7.93411,910200,0,0
2026-03-24,8.18,8.31,8.06,8.14,7.83783,1211400,0,0
2026-03-25,8.27,8.32,7.97,8.17,7.86671,658100,0,0
2026-03-26,8.17,8.29,8.125,8.23,7.92448,807200,0,0
2026-03-27,8.2,8.2,8.03,8.07,7.77042,668900,0,0
2026-03-30,8.11,8.185,8.04,8.1,7.79931,857400,0,0
2026-03-31,8.11,8.26,8.03,8.18,7.87634,1213100,0,0
2026-04-01,8.23,8.41,8.17,8.29,7.98226,709200,0,0
2026-04-02,8.17,8.36,8.08,8.3,7.99189,682700,0,0
2026-04-06,8.24,8.375,8.205,8.35,8.04003,653300,0,0
2026-04-07,8.31,8.51,8.25,8.5,8.18446,960100,0,0
2026-04-08,8.68,8.79,8.53,8.62,8.30001,994100,0,0
2026-04-09,8.53,8.55,8.215,8.3,7.99189,847900,0,0
2026-04-10,8.3,8.3,7.905,7.94,7.64525,761000,0,0
2026-04-13,7.86,8.21,7.802,8.16,7.85708,982800,0,0
2026-04-14,8.16,8.29,8.12,8.28,7.97263,676000,0,0
2026-04-15,8.3,8.51,8.27,8.44,8.12669,810800,0,0
2026-04-16,8.4,8.57,8.365,8.38,8.06892,1185300,0,0
2026-04-17,8.51,8.89,8.5,8.87,8.54073,1131600,0,0
2026-04-20,8.73,9.09,8.73,9.01,8.67553,1185700,0,0
2026-04-21,9.07,9.161,8.95,8.98,8.64664,835000,0,0
2026-04-22,8.98,9.04,8.805,8.93,8.5985,852800,0,0
2026-04-23,8.87,8.92,8.615,8.84,8.51184,797200,0,0
2026-04-24,8.76,9.05,8.76,8.95,8.61776,717200,0,0
2026-04-27,8.91,9.13,8.84,8.89,8.55998,784400,0,0
2026-04-28,8.96,9.215,8.96,9.17,8.82959,954400,0,0
2026-04-29,9.58,9.84,9.145,9.51,9.15697,2012800,0,0
2026-04-30,9.51,9.566,9.085,9.24,8.89699,1424400,0,0
2026-05-01,9.34,9.34,9.11,9.17,8.82959,2188600,0,0
2026-05-04,9.11,9.19,8.92,8.98,8.64664,838100,0,0
2026-05-05,8.98,9.03,8.665,8.71,8.38667,818200,0,0
2026-05-06,8.83,8.96,8.72,8.73,8.40592,1076300,0,0
2026-05-07,8.73,8.95,8.73,8.79,8.4637,837900,0,0
2026-05-08,8.79,8.79,8.52,8.54,8.22298,561000,0,0
2026-05-11,8.54,8.555,8.21,8.32,8.01114,1207100,0,0
2026-05-12,8.37,8.45,8.21,8.32,8.01114,835900,0,0
2026-05-13,8.27,8.27,7.88,7.89,7.59711,1105700,0,0
2026-05-14,7.95,8.205,7.95,8.13,7.8282,961300,0,0
2026-05-15,8.22,8.29,8.085,8.14,7.83783,961600,0,0
2026-05-18,8.2,8.4,8.15,8.35,8.04003,939200,0,0
2026-05-19,8.38,8.38,8.17,8.25,7.94374,700100,0,0
2026-05-20,8.26,8.5,8.12,8.31,8.00151,1183500,0,0
2026-05-21,8.29,8.555,8.2,8.35,8.04003,1120000,0,0
2026-05-22,8.39,8.49,8.37,8.44,8.12669,648400,0,0
2026-05-26,8.44,8.59,8.44,8.55,8.23261,709700,0,0
2026-05-27,8.6,8.74,8.07,8.12,7.81857,1308600,0,0
2026-05-28,8.08,8.36,8.07,8.31,8.00151,1051200,0,0
2026-05-29,8.3,8.63,8.21,8.56,8.24223,2118300,0,0
2026-06-01,8.56,8.6,8.395,8.49,8.17483,1444700,0,0
2026-06-02,8.43,8.535,7.985,8.11,7.80894,1588200,0,0
2026-06-03,8.01,8.01,7.33,7.44,7.16381,1570800,0,0
2026-06-04,7.708,8,7.62,7.77,7.48156,2929400,0,0
2026-06-05,7.63,7.89,7.575,7.81,7.67819,1318700,0.16,0
2026-06-08,7.81,7.955,7.72,7.78,7.64869,1115900,0,0
2026-06-09,7.81,8.1,7.79,7.95,7.81582,1291500,0,0
2026-06-10,7.96,7.986,7.85,7.9,7.76667,865500,0,0
2026-06-11,7.9,7.925,7.715,7.89,7.75683,1065800,0,0
2026-06-12,7.9,8,7.86,7.97,7.83549,712600,0,0
2026-06-15,8.03,8.18,7.825,7.97,7.83549,970400,0,0
2026-06-16,8.08,8.31,8.06,8.24,8.10093,1271500,0,0
2026-06-17,8.22,8.415,7.925,7.97,7.83549,2000300,0,0
2026-06-18,8.05,8.225,8.01,8.09,7.95346,2539400,0,0
2026-06-22,8.05,8.14,7.801,7.87,7.73717,1551100,0,0
2026-06-23,7.98,8.07,7.9,7.98,7.84532,1218600,0,0
2026-06-24,7.98,8.55,7.98,8.43,8.28772,1116700,0,0
2026-06-25,8.38,8.72,8.38,8.46,8.31721,1144800,0,0
2026-06-26,8.5,8.78,8.38,8.7,8.55316,2120500,0,0
2026-06-29,8.66,8.77,8.48,8.53,8.38603,1281600,0,0
2026-06-30,8.53,8.61,8.45,8.51,8.36637,681000,0,0
2026-07-01,8.63,8.755,8.52,8.73,8.58266,744000,0,0
2026-07-02,8.82,8.92,8.536,8.61,8.46468,769100,0,0
2026-07-06,8.58,8.63,8.37,8.39,8.2484,757900,0,0
2026-07-07,8.34,8.52,8.225,8.35,8.20907,974800,0,0
2026-07-08,8.27,8.34,8.065,8.08,7.94363,881800,0,0
2026-07-09,8.1,8.21,7.98,8.03,7.89447,977400,0,0
2026-07-10,8.15,8.365,8.15,8.24,8.10093,882400,0,0
2026-07-13,8.3,8.56,8.24,8.43,8.28772,918500,0,0
2026-07-14,8.34,8.525,8.34,8.47,8.32705,608200,0,0
2026-07-15,8.56,8.655,8.415,8.47,8.32705,601600,0,0
2026-07-16,8.55,8.815,8.525,8.67,8.52367,665000,0,0
2026-07-17,8.65,8.72,8.48,8.65,8.50401,711500,0,0
2026-07-20,8.65,8.68,8.521,8.64,8.49418,567900,0,0
2026-07-21,8.58,8.715,8.56,8.68,8.5335,613900,0,0
2026-07-22,8.71,8.71,8.375,8.61,8.46468,796600,0,0
2026-07-23,8.56,8.62,8.41,8.44,8.29755,1077400,0,0
2026-07-24,8.47,8.685,8.18,8.23,8.0911,874100,0,0
2026-07-27,8.39,8.63,8.37,8.61,8.46468,775700,0,0
2026-07-28,8.71,8.875,8.68,8.75,8.60232,605900,0,0
2026-07-29,8.66,8.875,8.66,8.71,8.563,816200,0,0
2026-07-30,8.6,8.61,8.21,8.45,8.30738,819800,0,0
2026-07-31,8.41,8.54,8.22,8.39,8.2484,765200,0,0
2026-08-03,8.57,8.9,8.57,8.83,8.68097,868100,0,0
2026-08-04,8.84,9.375,8.84,9.36,9.20202,1245300,0,0
2026-08-05,9.34,9.35,9.015,9.06,8.90709,833400,0,0
2026-08-06,9.13,9.525,8.98,9.49,9.32983,2496900,0,0
2026-08-07,8.79,9.355,8.46,9.08,8.92675,3910100,0,0
2026-08-10,8.81,9,8.39,8.47,8.32705,2007600,0,0
2026-08-11,8.54,8.73,8.52,8.54,8.39586,981000,0,0
2026-08-12,8.56,8.89,8.415,8.84,8.6908,1065100,0,0
2026-08-13,8.95,9.32,8.94,9.24,9.08405,1413200,0,0
2026-08-14,9.23,9.31,8.9,9.17,9.01523,1183200,0,0
2026-08-17,9.15,9.361,8.985,9.16,9.0054,1186200,0,0
2026-08-18,9.17,9.3,8.95,9,8.8481,936600,0,0
2026-08-19,9.07,9.28,9.07,9.25,9.09388,1249600,0,0
2026-08-20,9.2,9.23,8.99,9.1,8.94641,1024900,0,0
2026-08-21,9.19,9.51,9.18,9.45,9.29051,859500,0,0
2026-08-24,9.44,9.575,9.33,9.47,9.31017,967000,0,0
2026-08-25,9.43,9.545,9.28,9.49,9.32983,756300,0,0
2026-08-26,9.48,9.54,9.345,9.37,9.21186,653800,0,0
2026-08-27,9.3,9.39,9.115,9.31,9.15287,902300,0,0
2026-08-28,9.36,9.75,9.36,9.46,9.30034,1107200,0,0
2026-08-31,9.45,9.61,9.4,9.51,9.34949,1175600,0,0
2026-09-01,9.45,9.515,9.255,9.28,9.12337,1279700,0,0
2026-09-02,9.33,9.745,9.33,9.56,9.39865,1557800,0,0
2026-09-03,9.65,9.73,9.43,9.48,9.32,1256700,0,0
2026-09-04,9.27,9.85,9.18,9.63,9.63,1415200,0.16,0
2026-09-08,9.54,9.71,9.445,9.47,9.47,1464500,0,0
2026-09-09,9.42,9.45,9.2,9.28,9.28,1208600,0,0
2026-09-10,9.23,9.26,9.105,9.15,9.15,1122600,0,0
2026-09-11,9.26,9.47,9.105,9.42,9.42,763300,0,0
2026-09-14,9.45,9.805,9.41,9.78,9.78,1691100,0,0
2026-09-15,9.78,10.07,9.65,10,10,1291900,0,0
2026-09-16,9.92,10.15,9.685,9.74,9.74,2683200,0,0
2026-09-17,9.87,10.025,9.72,9.84,9.84,1849900,0,0
2026-09-18,9.81,9.825,9.36,9.51,9.51,3870300,0,0
2026-09-21,9.53,9.735,9.495,9.57,9.57,1136700,0,0
2026-09-22,9.67,9.73,9.285,9.48,9.48,1516000,0,0
2026-09-23,9.39,9.48,9.055,9.16,9.16,1305900,0,0
2026-09-24,9.13,9.35,9.035,9.3,9.3,1879200,0,0
2026-09-25,9.3,9.33,8.995,9.12,9.12,1042400,0,0
2026-09-28,9.04,9.1,8.765,8.86,8.86,1150700,0,0
2026-09-29,8.86,9.23,8.75,9.07,9.07,1380700,0,0
2026-09-30,9.16,9.16,8.89,9.07,9.07,1534800,0,0
2026-10-01,9.1,9.19,8.84,9.11,9.11,1472000,0,0
2026-10-02,9.27,9.295,9.12,9.19,9.19,875400,0,0
2026-10-05,9.08,9.15,8.95,9.04,9.04,1124900,0,0
2026-10-06,9.09,9.13,8.91,8.93,8.93,956800,0,0
2026-10-07,8.86,9.165,8.82,9.04,9.04,1682000,0,0
2026-10-08,9,9.32,9,9.27,9.27,1180700,0,0
